0 67 124 125 159 126 158 4 124 159 157 132 80 83 141 92 21 86 41 168 199 17 13 134 132 212 108 58 122 150 67 0 123 67 114 158 131 69 118 180 193 177 18 102 116 125 80 101 83 113 188 83 58 148 69 201 66 69 117 194 124 123 0 109 92 69 60 127 12 66 100 105 113 44 48 61 144 39 87 118 77 124 112 32 128 90 78 66 10 112 125 67 109 0 53 168 85 129 99 175 203 197 49 114 76 142 142 110 121 46 149 139 113 141 19 160 32 93 99 211 159 114 92 53 0 161 42 163 80 155 192 195 96 117 45 144 179 112 142 28 105 170 146 124 68 113 52 111 82 204 126 158 69 168 161 0 129 128 81 39 35 36 156 58 117 35 141 60 86 186 124 118 121 43 186 135 136 89 79 43 158 131 60 85 42 129 0 162 49 117 157 165 114 96 17 119 178 91 131 70 65 164 145 88 102 75 66 102 51 172 4 69 127 129 163 128 162 0 128 161 158 133 83 87 145 94 17 89 43 172 203 15 17 138 135 216 112 62 126 151 124 118 12 99 80 81 49 128 0 77 112 116 106 49 36 70 145 44 91 106 76 127 112 44 118 89 68 66 2 124 159 180 66 175 155 39 117 161 77 0 45 68 174 79 110 67 175 79 118 182 93 152 152 34 193 103 143 112 76 66 157 193 100 203 192 35 157 158 112 45 0 33 191 93 148 69 169 95 118 218 138 146 153 69 221 148 171 124 110 22 132 177 105 197 195 36 165 133 116 68 33 0 177 84 152 55 142 88 96 219 159 119 130 79 214 170 166 110 114 18 80 18 113 49 96 156 114 83 106 174 191 177 0 98 100 123 95 96 88 95 174 95 69 141 52 186 48 67 106 193 83 102 44 114 117 58 96 87 49 79 93 84 98 0 80 29 103 5 44 138 121 81 74 51 130 134 82 33 47 98 141 116 48 76 45 117 17 145 36 110 148 152 100 80 0 105 161 75 114 72 74 147 128 79 95 86 52 85 38 160 92 125 61 142 144 35 119 94 70 67 69 55 123 29 105 0 108 33 51 166 132 85 86 51 159 145 111 56 68 70 21 80 144 142 179 141 178 17 145 175 169 142 95 103 161 108 0 106 59 187 220 23 33 154 147 233 127 79 143 160 86 101 39 110 112 60 91 89 44 79 95 88 96 5 75 33 106 0 48 133 116 85 76 50 127 129 78 33 42 101 41 83 87 121 142 86 131 43 91 118 118 96 88 44 114 51 59 48 0 157 164 37 35 95 134 177 95 31 89 113 168 113 118 46 28 186 70 172 106 182 218 219 95 138 72 166 187 133 157 0 132 180 155 150 53 140 62 126 108 229 199 188 77 149 105 124 65 203 76 93 138 159 174 121 74 132 220 116 164 132 0 201 187 82 167 13 126 141 77 159 17 83 124 139 170 118 164 15 127 152 146 119 95 81 147 85 23 85 37 180 201 0 26 132 147 214 119 62 125 137 13 58 112 113 146 121 145 17 112 152 153 130 69 74 128 86 33 76 35 155 187 26 0 125 121 200 95 46 110 148 134 148 32 141 124 43 88 138 44 34 69 79 141 51 79 51 154 50 95 150 82 132 125 0 159 94 109 83 42 85 132 69 128 19 68 186 102 135 118 193 221 214 52 130 95 159 147 127 134 53 167 147 121 159 0 177 50 107 118 228 212 201 90 160 113 135 75 216 89 103 148 170 186 134 86 145 233 129 177 140 13 214 200 94 177 0 138 154 90 169 108 66 78 32 52 136 66 112 68 143 171 166 48 82 52 111 127 78 95 62 126 119 95 109 50 138 0 65 68 179 58 69 66 93 111 89 102 62 66 112 124 110 67 33 85 56 79 33 31 126 141 62 46 83 107 154 65 0 64 126 122 117 10 99 82 79 51 126 2 76 110 114 106 47 38 68 143 42 89 108 77 125 110 42 118 90 68 64 0 122 150 194 112 211 204 43 172 151 124 66 22 18 193 98 160 70 160 101 113 229 159 137 148 85 228 169 179 126 122 0 
0 10 124 176 205 46 179 153 39 6 112 168 133 137 131 195 155 155 81 167 120 192 179 185 92 48 144 82 62 100 10 0 114 168 201 47 175 147 47 14 106 158 133 135 123 185 149 145 78 158 115 188 171 179 83 49 141 76 69 97 124 114 0 117 195 135 181 122 158 127 115 76 176 164 94 74 124 68 120 86 128 187 118 148 53 136 168 99 174 135 176 168 117 0 92 151 88 35 189 182 75 49 123 102 46 105 34 50 217 33 78 89 3 36 159 151 101 97 190 105 205 201 195 92 0 163 26 73 198 211 96 141 87 71 102 197 71 138 268 125 86 13 93 56 226 162 65 126 188 105 46 47 135 151 163 0 137 123 38 52 78 156 87 93 106 195 125 143 125 150 82 150 154 154 119 2 100 55 42 58 179 175 181 88 26 137 0 62 172 185 74 134 62 45 87 190 60 129 245 118 62 13 91 58 206 136 39 103 162 79 153 147 122 35 73 123 62 0 161 159 45 72 89 68 30 129 2 67 205 57 44 66 38 32 155 123 67 71 160 71 39 47 158 189 198 38 172 161 0 41 116 190 118 127 143 225 163 177 117 186 120 185 192 192 130 38 134 92 24 95 6 14 127 182 211 52 185 159 41 0 118 172 139 143 136 198 161 159 76 172 126 198 185 191 91 54 150 88 65 106 112 106 115 75 96 78 74 45 116 118 0 95 63 49 36 147 47 84 172 84 13 85 78 76 132 78 53 30 115 30 168 158 76 49 141 156 134 72 190 172 95 0 155 137 59 57 74 13 190 16 103 136 49 85 126 157 137 102 198 125 133 133 176 123 87 87 62 89 118 139 63 155 0 21 96 209 89 145 210 142 52 75 126 106 185 86 25 79 104 42 137 135 164 102 71 93 45 68 127 143 49 137 21 0 78 191 68 127 209 123 36 58 105 85 178 92 7 71 117 38 131 123 94 46 102 106 87 30 143 136 36 59 96 78 0 113 32 49 177 48 44 93 49 61 125 106 80 51 146 66 195 185 74 105 197 195 190 129 225 198 147 57 209 191 113 0 130 64 194 72 157 192 104 141 127 196 193 147 237 176 155 149 124 34 71 125 60 2 163 161 47 74 89 68 32 130 0 69 207 58 46 64 37 30 157 125 67 73 162 73 155 145 68 50 138 143 129 67 177 159 84 13 145 127 49 64 69 0 179 18 93 133 51 85 116 144 129 89 185 114 81 78 120 217 268 125 245 205 117 76 172 190 210 209 177 194 207 179 0 196 183 257 219 237 67 127 215 142 141 171 167 158 86 33 125 150 118 57 186 172 84 16 142 123 48 72 58 18 196 0 91 120 33 69 134 150 123 95 191 114 120 115 128 78 86 82 62 44 120 126 13 103 52 36 44 157 46 93 183 91 0 74 81 73 145 82 40 41 117 27 192 188 187 89 13 150 13 66 185 198 85 136 75 58 93 192 64 133 257 120 74 0 90 55 215 149 52 115 175 92 179 171 118 3 93 154 91 38 192 185 78 49 126 105 49 104 37 51 219 33 81 90 0 37 161 154 104 100 193 108 185 179 148 36 56 154 58 32 192 191 76 85 106 85 61 141 30 85 237 69 73 55 37 0 186 154 81 103 190 100 92 83 53 159 226 119 206 155 130 91 132 126 185 178 125 127 157 116 67 134 145 215 161 186 0 121 183 107 151 143 48 49 136 151 162 2 136 123 38 54 78 157 86 92 106 196 125 144 127 150 82 149 154 154 121 0 99 55 41 57 144 141 168 101 65 100 39 67 134 150 53 137 25 7 80 193 67 129 215 123 40 52 104 81 183 99 0 76 124 44 82 76 99 97 126 55 103 71 92 88 30 102 79 71 51 147 73 89 142 95 41 115 100 103 107 55 76 0 96 37 62 69 174 190 188 42 162 160 24 65 115 198 104 117 146 237 162 185 141 191 117 175 193 190 151 41 124 96 0 90 100 97 135 105 105 58 79 71 95 106 30 125 42 38 66 176 73 114 171 114 27 92 108 100 143 57 44 37 90 0 
0 110 20 142 153 48 79 6 68 107 100 89 25 168 42 35 37 126 18 86 112 78 90 29 64 15 29 72 64 162 110 0 128 111 43 65 59 108 178 5 22 156 129 73 77 119 81 82 128 33 37 55 51 106 47 95 115 96 73 77 20 128 0 145 171 67 99 25 53 124 118 76 29 181 62 28 50 133 16 102 131 90 102 30 81 33 43 91 73 174 142 111 145 0 134 129 152 145 195 106 128 111 167 88 140 119 107 29 157 89 148 75 68 115 104 131 165 179 80 73 153 43 171 134 0 107 92 151 221 47 56 198 170 63 117 162 124 106 171 75 56 96 88 149 90 138 155 128 115 75 48 65 67 129 107 0 35 44 114 63 52 119 64 131 13 68 34 106 64 49 64 54 64 55 26 34 50 51 52 129 79 59 99 152 92 35 0 74 140 60 38 154 87 131 37 103 69 125 92 63 37 77 84 90 48 67 69 37 83 134 6 108 25 145 151 44 74 0 70 106 96 95 23 168 37 41 39 128 20 86 107 79 91 34 63 15 23 66 66 163 68 178 53 195 221 114 140 70 0 175 166 105 53 234 105 76 103 186 50 154 175 143 155 83 132 83 71 120 126 227 107 5 124 106 47 63 60 106 175 0 25 151 127 71 75 115 77 77 125 28 42 50 46 102 43 92 113 97 68 74 100 22 118 128 56 52 38 96 166 25 0 157 114 95 61 115 76 99 116 41 20 62 62 101 42 85 99 75 76 99 89 156 76 111 198 119 154 95 105 151 157 0 105 181 120 54 85 116 92 123 176 102 110 65 115 91 118 158 83 170 25 129 29 167 170 64 87 23 53 127 114 105 0 191 53 56 62 151 13 109 123 102 114 54 86 38 19 69 89 186 168 73 181 88 63 131 131 168 234 71 95 181 191 0 144 163 132 68 186 82 107 91 79 152 105 153 180 168 110 15 42 77 62 140 117 13 37 37 105 75 61 120 53 144 0 68 39 118 56 62 70 66 76 55 39 30 38 42 62 142 35 119 28 119 162 68 103 41 76 115 115 54 56 163 68 0 39 110 43 89 130 72 84 14 73 38 64 105 53 156 37 81 50 107 124 34 69 39 103 77 76 85 62 132 39 39 0 89 55 52 92 41 53 25 34 24 58 81 27 125 126 82 133 29 106 106 125 128 186 77 99 116 151 68 118 110 89 0 143 62 119 52 42 103 80 113 147 155 62 55 18 128 16 157 171 64 92 20 50 125 116 92 13 186 56 43 55 143 0 104 126 96 108 42 82 33 29 79 81 180 86 33 102 89 75 49 63 86 154 28 41 123 109 82 62 89 52 62 104 0 61 22 22 76 23 71 98 95 40 80 112 37 131 148 56 64 37 107 175 42 20 176 123 107 70 130 92 119 126 61 0 82 82 116 61 98 106 72 95 113 78 55 90 75 96 54 77 79 143 50 62 102 102 91 66 72 41 52 96 22 82 0 12 61 29 64 96 104 19 84 90 51 102 68 88 64 84 91 155 46 62 110 114 79 76 84 53 42 108 22 82 12 0 73 38 76 108 113 31 72 29 106 30 115 149 55 90 34 83 102 101 65 54 152 55 14 25 103 42 76 116 61 73 0 59 26 57 93 43 145 64 47 81 104 90 26 48 63 132 43 42 115 86 105 39 73 34 80 82 23 61 29 38 59 0 49 75 75 35 103 15 95 33 131 138 34 67 15 83 92 85 91 38 153 30 38 24 113 33 71 98 64 76 26 49 0 35 67 51 148 29 115 43 165 155 50 69 23 71 113 99 118 19 180 38 64 58 147 29 98 106 96 108 57 75 35 0 50 85 178 72 96 91 179 128 51 37 66 120 97 75 158 69 168 42 105 81 155 79 95 72 104 113 93 75 67 50 0 103 170 64 73 73 80 115 52 83 66 126 68 76 83 89 110 62 53 27 62 81 40 95 19 31 43 35 51 85 103 0 103 162 77 174 73 75 129 134 163 227 74 99 170 186 15 142 156 125 55 180 80 113 84 72 145 103 148 178 170 103 0 
0 168 205 167 153 15 160 10 166 100 162 147 134 115 164 88 210 221 120 121 184 118 25 160 209 80 147 111 116 6 168 0 60 122 114 183 131 178 4 68 133 98 89 53 4 145 54 56 103 98 127 127 177 19 58 113 165 57 102 169 205 60 0 98 98 219 112 215 64 115 113 86 86 96 60 155 17 36 161 100 95 126 207 52 9 166 153 107 106 207 167 122 98 0 14 176 14 176 125 124 15 27 43 109 119 85 115 134 187 49 17 50 156 103 107 171 56 124 53 172 153 114 98 14 0 163 17 162 117 112 19 16 31 98 111 73 113 132 175 35 31 38 144 95 106 157 55 113 39 158 15 183 219 176 163 0 169 7 181 115 171 158 145 130 179 94 225 235 133 132 193 127 23 174 223 93 153 126 127 16 160 131 112 14 17 169 0 169 134 128 2 33 47 114 128 76 128 147 191 49 28 42 148 112 121 170 42 129 51 165 10 178 215 176 162 7 169 0 176 110 171 156 144 125 174 95 220 231 126 131 193 127 27 170 219 86 154 121 125 9 166 4 64 125 117 181 134 176 0 66 136 101 91 52 6 146 58 59 99 100 130 129 176 22 62 110 167 55 104 167 100 68 115 124 112 115 128 110 66 0 130 97 81 20 65 101 116 124 63 79 137 101 113 64 117 52 144 11 78 101 162 133 113 15 19 171 2 171 136 130 0 35 49 116 130 77 130 149 193 51 28 44 150 114 122 172 42 131 53 167 147 98 86 27 16 158 33 156 101 97 35 0 16 82 95 75 100 119 160 26 40 41 141 79 94 144 69 97 31 151 134 89 86 43 31 145 47 144 91 81 49 16 0 67 85 69 99 116 144 14 56 40 129 70 94 128 76 82 20 138 115 53 96 109 98 130 114 125 52 20 116 82 67 0 49 101 97 106 79 67 121 93 124 46 98 72 135 15 68 116 164 4 60 119 111 179 128 174 6 65 130 95 85 49 0 141 55 59 102 94 124 123 173 16 59 111 161 54 98 165 88 145 155 85 73 94 76 95 146 101 77 75 69 101 141 0 167 183 157 55 102 35 73 128 162 124 60 109 49 93 210 54 17 115 113 225 128 220 58 116 130 100 99 97 55 167 0 19 157 112 112 139 215 52 8 165 168 107 118 212 221 56 36 134 132 235 147 231 59 124 149 119 116 106 59 183 19 0 157 129 131 156 227 61 27 169 187 113 135 222 120 103 161 187 175 133 191 126 99 63 193 160 144 79 102 157 157 157 0 142 200 163 142 110 161 40 206 64 141 117 121 98 100 49 35 132 49 131 100 79 51 26 14 67 94 55 112 129 142 0 65 29 116 79 107 122 69 81 6 126 184 127 95 17 31 193 28 193 130 137 28 40 56 121 124 102 112 131 200 65 0 67 173 108 104 184 69 136 69 189 118 127 126 50 38 127 42 127 129 101 44 41 40 93 123 35 139 156 163 29 67 0 106 108 134 137 43 105 25 123 25 177 207 156 144 23 148 27 176 113 150 141 129 124 173 73 215 227 142 116 173 106 0 166 213 102 130 124 110 31 160 19 52 103 95 174 112 170 22 64 114 79 70 46 16 128 52 61 110 79 108 108 166 0 53 114 146 55 83 161 209 58 9 107 106 223 121 219 62 117 122 94 94 98 59 162 8 27 161 107 104 134 213 53 0 167 161 108 113 211 80 113 166 171 157 93 170 86 110 52 172 144 128 72 111 124 165 169 40 122 184 137 102 114 167 0 178 59 119 77 147 165 153 56 55 153 42 154 167 144 42 69 76 135 161 60 168 187 206 69 69 43 130 146 161 178 0 148 67 153 111 57 107 124 113 126 129 121 55 11 131 97 82 15 54 109 107 113 64 81 136 105 124 55 108 59 148 0 82 112 116 102 106 53 39 127 51 125 104 78 53 31 20 68 98 49 118 135 141 6 69 25 110 83 113 119 67 82 0 120 6 169 207 172 158 16 165 9 167 101 167 151 138 116 165 93 212 222 117 126 189 123 31 161 211 77 153 112 120 0 
0 124 123 166 41 79 155 34 92 86 7 141 103 25 52 37 84 115 31 133 182 147 137 29 140 150 143 185 26 141 124 0 89 73 114 109 130 96 54 130 130 24 23 143 79 94 40 106 155 123 64 130 105 141 106 53 138 61 103 72 123 89 0 62 87 53 43 91 120 66 130 80 76 148 112 87 84 175 149 195 99 41 17 120 20 142 49 124 118 32 166 73 62 0 138 111 85 132 124 128 173 50 78 190 136 129 96 179 195 196 41 90 66 171 66 118 102 73 152 30 41 114 87 138 0 39 115 25 100 45 47 124 91 65 65 24 77 139 62 159 161 107 99 33 102 153 103 173 50 111 79 109 53 111 39 0 76 54 115 21 86 111 87 104 89 50 82 163 100 183 142 68 62 69 64 156 64 160 83 82 155 130 43 85 115 76 0 125 163 78 162 118 119 180 152 122 127 218 176 238 126 9 26 145 24 183 21 156 154 62 34 96 91 132 25 54 125 0 76 67 41 109 73 58 40 4 57 114 63 134 149 119 106 45 109 130 117 156 29 108 92 54 120 124 100 115 163 76 0 134 96 78 48 104 40 76 36 56 121 75 118 160 137 117 140 58 164 109 66 115 86 130 66 128 45 21 78 67 134 0 92 131 108 109 106 64 102 180 101 200 161 69 71 69 73 177 62 180 95 98 7 130 130 173 47 86 162 41 96 92 0 147 109 18 56 44 90 115 25 133 188 154 144 30 147 154 150 191 30 148 141 24 80 50 124 111 118 109 78 131 147 0 38 160 99 107 58 130 172 146 42 119 93 154 94 69 129 49 120 56 103 23 76 78 91 87 119 73 48 108 109 38 0 122 61 71 20 104 134 123 80 117 93 118 95 70 124 83 82 67 25 143 148 190 65 104 180 58 104 109 18 160 122 0 65 62 103 114 21 130 202 172 162 43 165 162 168 204 40 166 52 79 112 136 65 89 152 40 40 106 56 99 61 65 0 42 41 74 81 94 141 147 129 78 132 98 148 140 26 119 37 94 87 129 24 50 122 4 76 64 44 107 71 62 42 0 55 116 67 136 147 115 102 47 105 129 113 154 33 104 84 40 84 96 77 82 127 57 36 102 90 58 20 103 41 55 0 91 115 111 100 124 101 102 104 76 128 101 63 82 115 106 175 179 139 163 218 114 56 180 115 130 104 114 74 116 91 0 135 20 167 215 192 144 195 83 218 150 91 171 31 155 149 195 62 100 176 63 121 101 25 172 134 21 81 67 115 135 0 151 212 168 161 32 164 179 163 216 55 170 133 123 195 196 159 183 238 134 75 200 133 146 123 130 94 136 111 20 151 0 181 235 212 162 215 92 238 161 110 190 182 64 99 41 161 142 126 149 118 161 188 42 80 202 141 147 100 167 212 181 0 131 107 193 107 93 143 32 162 67 147 130 41 90 107 68 9 119 160 69 154 119 117 172 147 115 124 215 168 235 131 0 26 136 25 183 13 159 148 65 137 105 17 66 99 62 26 106 137 71 144 93 93 162 129 102 101 192 161 212 107 26 0 131 3 158 36 134 133 40 29 141 120 171 33 69 145 45 117 69 30 154 118 43 78 47 102 144 32 162 193 136 131 0 133 174 131 201 53 144 140 106 20 66 102 64 24 109 140 73 147 94 95 165 132 105 104 195 164 215 107 25 3 133 0 159 36 134 136 40 150 53 142 118 153 156 183 130 58 177 154 69 70 162 98 129 76 83 179 92 93 183 158 174 159 0 191 70 124 124 143 138 49 102 103 64 21 117 164 62 150 129 124 168 148 113 128 218 163 238 143 13 36 131 36 191 0 170 146 76 185 61 124 73 173 160 156 156 109 180 191 49 83 204 140 154 101 150 216 161 32 159 134 201 134 70 170 0 164 94 26 103 118 152 50 83 154 29 66 95 30 120 82 40 26 33 63 91 55 110 162 148 133 53 136 124 146 164 0 131 141 72 32 30 111 82 62 108 115 98 148 56 67 166 119 104 82 171 170 190 67 65 40 144 40 124 76 94 131 0 
0 171 36 169 20 105 34 172 99 89 180 122 123 128 96 35 68 172 107 32 121 60 47 148 139 57 152 145 209 84 171 0 148 164 154 67 157 57 75 87 130 59 82 43 105 189 201 21 67 141 152 124 172 24 170 185 37 216 146 89 36 148 0 133 18 81 57 140 73 61 144 94 89 108 61 41 59 153 81 17 86 26 29 128 105 43 125 120 173 72 169 164 133 0 151 134 188 112 126 120 44 117 90 153 89 154 134 182 127 146 48 117 128 163 36 129 127 79 62 159 20 154 18 151 0 87 40 152 81 70 161 103 103 112 76 40 66 157 89 13 104 40 39 132 123 52 134 136 190 71 105 67 81 134 87 0 97 74 10 22 117 24 45 29 50 122 135 73 7 74 104 58 106 48 126 119 50 164 143 33 34 157 57 188 40 97 0 169 94 88 192 118 127 114 106 69 102 156 101 42 142 71 78 134 162 89 147 176 221 68 172 57 140 112 152 74 169 0 75 83 75 51 52 71 82 180 182 78 68 140 112 114 158 67 126 168 28 175 89 107 99 75 73 126 81 10 94 75 0 12 111 24 39 38 40 114 126 82 8 68 94 49 97 57 116 110 53 154 138 37 89 87 61 120 70 22 88 83 12 0 111 33 40 50 32 102 114 94 20 57 86 37 85 69 108 98 64 144 139 39 180 130 144 44 161 117 192 75 111 111 0 96 72 131 86 174 161 150 110 152 72 122 148 135 73 152 95 121 29 148 122 59 94 117 103 24 118 51 24 33 96 0 27 36 46 135 143 72 17 90 95 68 115 48 115 128 31 159 121 57 123 82 89 90 103 45 127 52 39 40 72 27 0 63 30 128 130 97 38 92 70 63 106 75 89 116 46 134 99 76 128 43 108 153 112 29 114 71 38 50 131 36 63 0 77 149 163 45 32 99 130 86 134 20 151 147 43 191 153 46 96 105 61 89 76 50 106 82 40 32 86 46 30 77 0 99 100 118 45 66 54 36 76 93 76 86 73 114 115 71 35 189 41 154 40 122 69 180 114 102 174 135 128 149 99 0 34 194 122 51 106 67 26 169 120 26 166 116 203 110 68 201 59 134 66 135 102 182 126 114 161 143 130 163 100 34 0 208 134 74 89 77 30 183 98 16 173 85 188 131 172 21 153 182 157 73 156 78 82 94 150 72 97 45 118 194 208 0 75 144 167 131 179 25 186 192 55 231 167 88 107 67 81 127 89 7 101 68 8 20 110 17 38 32 45 122 134 75 0 76 99 57 105 50 120 118 46 159 136 40 32 141 17 146 13 74 42 140 68 57 152 90 92 99 66 51 74 144 76 0 100 30 45 119 120 59 121 137 181 59 121 152 86 48 104 104 142 112 94 86 72 95 70 130 54 106 89 167 99 100 0 73 80 143 22 82 116 64 99 123 60 124 26 117 40 58 71 114 49 37 122 68 63 86 36 67 77 131 57 30 73 0 48 106 94 61 99 120 151 58 47 172 29 128 39 106 78 158 97 85 148 115 106 134 76 26 30 179 105 45 80 48 0 154 95 14 146 98 177 101 148 24 128 163 132 48 134 67 57 69 135 48 75 20 93 169 183 25 50 119 143 106 154 0 163 167 40 207 154 66 139 170 105 36 123 126 162 126 116 108 73 115 89 151 76 120 98 186 120 120 22 94 95 163 0 94 133 50 96 145 57 185 43 129 52 119 89 168 110 98 152 128 116 147 86 26 16 192 118 59 82 61 14 167 94 0 158 90 181 115 152 37 125 127 134 50 147 28 53 64 95 31 46 43 73 166 173 55 46 121 116 99 146 40 133 158 0 180 114 82 145 216 120 79 136 164 176 175 154 144 121 159 134 191 114 116 85 231 159 137 64 120 98 207 50 90 180 0 141 177 209 146 173 62 190 143 221 89 138 139 29 121 99 153 115 203 188 167 136 181 99 151 177 154 96 181 114 141 0 175 84 89 72 159 71 33 68 107 37 39 148 57 76 46 71 110 131 88 40 59 123 58 101 66 145 115 82 177 175 0 
0 48 34 138 39 158 134 90 55 167 80 141 138 26 104 40 28 52 82 114 185 162 161 180 157 59 117 116 159 156 48 0 61 166 76 128 154 126 60 169 105 167 125 68 89 81 33 34 92 150 173 164 123 178 117 49 98 144 164 122 34 61 0 168 69 185 167 117 26 201 113 172 170 56 135 68 58 79 116 140 218 196 184 214 178 90 148 147 193 181 138 166 168 0 99 177 30 56 191 90 61 10 119 112 121 101 134 137 80 43 139 88 201 107 207 124 134 22 81 186 39 76 69 99 0 155 98 51 92 139 44 103 121 13 94 8 44 61 56 75 165 135 166 153 165 59 110 78 131 156 158 128 185 177 155 0 148 177 188 113 140 170 59 159 63 163 130 106 111 194 78 109 30 108 43 100 47 165 115 14 134 154 167 30 98 148 0 68 189 61 54 22 89 111 95 102 124 122 62 65 109 59 173 78 180 108 107 31 52 157 90 126 117 56 51 177 68 0 142 124 37 63 129 64 114 50 93 105 66 24 165 121 195 140 198 97 130 38 115 182 55 60 26 191 92 188 189 142 0 218 135 195 181 79 145 93 70 87 135 166 229 213 182 229 174 101 156 170 211 181 167 169 201 90 139 113 61 124 218 0 98 80 58 151 85 145 148 135 85 126 52 5 142 17 153 120 88 91 9 126 80 105 113 61 44 140 54 37 135 98 0 62 93 57 77 48 73 77 29 55 132 94 158 113 161 66 93 39 89 145 141 167 172 10 103 170 22 63 195 80 62 0 111 116 116 104 135 136 78 52 130 79 195 97 201 123 128 25 72 179 138 125 170 119 121 59 89 129 181 58 93 111 0 129 36 129 112 94 67 141 48 53 86 59 96 80 31 109 57 70 26 68 56 112 13 159 111 64 79 151 57 116 129 0 99 14 37 58 66 88 175 146 167 164 165 60 115 91 143 158 104 89 135 121 94 63 95 114 145 85 77 116 36 99 0 102 77 58 48 131 84 80 81 91 86 45 16 105 82 68 40 81 68 101 8 163 102 50 93 145 48 104 129 14 102 0 49 68 63 74 172 141 173 160 172 66 118 79 137 164 28 33 58 134 44 130 124 93 70 148 73 135 112 37 77 49 0 24 65 117 160 143 134 159 130 32 90 112 141 128 52 34 79 137 61 106 122 105 87 135 77 136 94 58 58 68 24 0 60 128 142 130 110 145 107 15 69 115 130 104 82 92 116 80 56 111 62 66 135 85 29 78 67 66 48 63 65 60 0 83 109 80 129 98 133 46 64 60 77 116 114 150 140 43 75 194 65 24 166 126 55 52 141 88 131 74 117 128 83 0 171 124 212 143 216 119 147 35 117 199 185 173 218 139 165 78 109 165 229 52 132 130 48 175 84 172 160 142 109 171 0 51 108 38 121 128 76 136 58 92 162 164 196 88 135 109 59 121 213 5 94 79 53 146 80 141 143 130 80 124 51 0 138 19 149 115 83 89 7 122 161 123 184 201 166 30 173 195 182 142 158 195 86 167 81 173 134 110 129 212 108 138 0 138 14 107 67 186 143 16 180 178 214 107 153 108 78 140 229 17 113 97 59 164 91 160 159 145 98 143 38 19 138 0 150 130 90 108 26 122 157 117 178 207 165 43 180 198 174 153 161 201 96 165 86 172 130 107 133 216 121 149 14 150 0 106 73 191 153 29 59 49 90 124 59 100 108 97 101 120 66 123 80 60 45 66 32 15 46 119 128 115 107 130 106 0 58 104 115 98 117 98 148 134 110 47 107 130 156 88 93 128 31 115 16 118 90 69 64 147 76 83 67 90 73 58 0 119 86 52 116 144 147 22 78 165 31 38 170 91 39 25 109 91 105 79 112 115 60 35 136 89 186 108 191 104 119 0 82 171 159 164 193 81 131 115 52 115 211 9 89 72 57 143 82 137 141 130 77 117 58 7 143 26 153 115 86 82 0 127 156 122 181 186 156 14 157 182 181 126 145 179 70 158 68 164 128 104 116 199 92 122 16 122 29 98 52 171 127 0 
0 132 99 34 43 41 50 86 70 20 32 58 114 159 70 93 164 128 30 137 108 143 65 31 152 113 122 28 165 64 132 0 73 150 115 173 153 98 70 115 120 108 175 72 86 107 169 116 138 36 79 18 109 156 185 155 116 105 130 119 99 73 0 101 63 136 96 120 81 79 108 49 102 60 99 34 101 48 89 51 10 70 46 130 113 82 46 84 75 126 34 150 101 0 38 40 18 119 98 38 66 52 84 161 102 84 143 118 12 147 107 157 57 52 126 89 111 57 155 98 43 115 63 38 0 74 38 106 75 27 65 15 80 123 85 50 121 85 26 109 69 121 22 74 113 73 79 45 122 95 41 173 136 40 74 0 56 117 109 59 62 89 121 196 105 123 183 158 49 177 143 183 95 28 164 128 151 68 195 89 50 153 96 18 38 56 0 132 108 49 81 48 66 156 114 74 127 105 21 146 100 159 50 70 108 72 98 69 142 113 86 98 120 119 106 117 132 0 39 83 55 112 186 160 22 138 216 167 111 125 130 116 119 90 216 177 164 63 195 30 70 70 81 98 75 109 108 39 0 60 51 78 154 123 18 100 178 128 88 91 91 86 84 88 181 142 125 42 156 51 20 115 79 38 27 59 49 83 60 0 38 39 105 139 65 74 148 109 28 118 88 124 47 51 140 100 103 20 146 69 32 120 108 66 65 62 81 55 51 38 0 77 143 162 43 111 186 145 60 134 117 134 85 37 178 138 140 24 180 32 58 108 49 52 15 89 48 112 78 39 77 0 76 109 90 35 109 70 41 98 55 111 8 88 105 65 64 54 107 104 114 175 102 84 80 121 66 186 154 105 143 76 0 148 165 68 71 78 84 153 100 172 71 136 44 24 72 124 107 174 159 72 60 161 123 196 156 160 123 139 162 109 148 0 141 86 116 71 149 36 56 56 106 189 142 124 76 140 66 174 70 86 99 102 85 105 114 22 18 65 43 90 165 141 0 116 194 146 93 109 109 103 97 80 194 155 142 45 174 33 93 107 34 84 50 123 74 138 100 74 111 35 68 86 116 0 78 35 74 85 32 104 28 123 82 48 29 87 72 136 164 169 101 143 121 183 127 216 178 148 186 109 71 116 194 78 0 53 138 138 91 161 101 193 35 55 55 163 52 213 128 116 48 118 85 158 105 167 128 109 145 70 78 71 146 35 53 0 109 86 38 108 63 158 72 54 7 121 37 169 30 138 89 12 26 49 21 111 88 28 60 41 84 149 93 74 138 109 0 135 95 145 46 55 124 85 102 48 146 92 137 36 51 147 109 177 146 125 91 118 134 98 153 36 109 85 138 86 135 0 54 23 97 165 158 131 88 114 95 142 108 79 10 107 69 143 100 130 91 88 117 55 100 56 109 32 91 38 95 54 0 74 50 139 106 77 37 94 65 136 143 18 70 157 121 183 159 116 86 124 134 111 172 56 103 104 161 108 145 23 74 0 111 168 180 151 110 117 118 136 65 109 46 57 22 95 50 119 84 47 85 8 71 106 97 28 101 63 46 97 50 111 0 96 97 58 57 62 100 112 31 156 130 52 74 28 70 90 88 51 37 88 136 189 80 123 193 158 55 165 139 168 96 0 178 140 152 51 195 62 152 185 113 126 113 164 108 216 181 140 178 105 44 142 194 82 35 72 124 158 106 180 97 178 0 40 70 158 84 208 113 155 82 89 73 128 72 177 142 100 138 65 24 124 155 48 55 54 85 131 77 151 58 140 40 0 48 118 83 168 122 116 46 111 79 151 98 164 125 103 140 64 72 76 142 29 55 7 102 88 37 110 57 152 70 48 0 116 44 164 28 105 84 57 45 68 69 63 42 20 24 54 124 140 45 87 163 121 48 114 94 117 62 51 158 118 116 0 156 50 165 130 75 155 122 195 142 195 156 146 180 107 107 66 174 72 52 37 146 95 65 118 100 195 84 83 44 156 0 201 64 119 126 98 95 89 113 30 51 69 32 104 174 174 33 136 213 169 92 142 136 136 112 62 208 168 164 50 201 0 
0 112 101 140 167 45 182 150 27 132 128 12 88 46 141 81 137 55 162 203 153 158 96 32 147 155 31 43 71 92 112 0 86 170 108 75 158 117 93 122 75 111 92 109 122 32 155 79 66 148 161 183 83 95 40 64 115 78 90 91 101 86 0 84 68 100 85 49 74 39 35 109 16 63 44 82 69 114 88 102 76 97 5 110 123 78 124 60 31 12 140 170 84 0 119 163 79 85 122 58 110 151 78 94 68 160 18 178 164 129 31 18 87 165 207 154 170 119 86 79 167 108 68 119 0 156 62 34 140 63 41 174 84 131 51 123 101 168 60 40 93 123 73 171 130 53 189 125 99 80 45 75 100 163 156 0 185 149 44 138 116 39 94 72 144 43 156 15 136 196 168 181 95 20 106 130 40 44 79 96 182 158 85 79 62 185 0 41 156 50 83 191 94 137 41 163 64 199 122 52 48 76 90 195 187 113 208 145 111 91 150 117 49 85 34 149 41 0 123 30 42 158 62 110 17 123 67 162 86 55 60 90 54 159 146 77 173 109 79 58 27 93 74 122 140 44 156 123 0 106 101 35 62 28 115 64 116 58 137 176 131 140 69 43 131 129 52 17 45 66 132 122 39 58 63 138 50 30 106 0 54 141 44 87 13 121 40 152 107 82 39 67 44 146 157 97 158 96 61 42 128 75 35 110 41 116 83 42 101 54 0 134 51 96 49 84 93 127 54 80 93 121 38 130 105 44 148 85 64 47 12 111 109 151 174 39 191 158 35 141 134 0 97 57 150 79 148 46 165 211 164 169 104 22 144 158 19 49 80 101 88 92 16 78 84 94 94 62 62 44 51 97 0 48 53 82 65 108 102 116 76 93 13 102 132 92 114 52 17 4 46 109 63 94 131 72 137 110 28 87 96 57 48 0 99 85 91 86 142 164 107 112 58 71 149 133 76 33 32 52 141 122 44 68 51 144 41 17 115 13 49 150 53 99 0 124 50 158 99 69 45 75 49 154 154 89 167 104 70 50 81 32 82 160 123 43 163 123 64 121 84 79 82 85 124 0 147 49 93 163 157 175 77 63 67 89 83 52 74 82 137 155 69 18 101 156 64 67 116 40 93 148 65 91 50 147 0 171 147 112 18 28 73 159 192 137 167 112 77 66 55 79 114 178 168 15 199 162 58 152 127 46 108 86 158 49 171 0 142 207 183 196 109 24 105 138 41 59 94 110 162 66 88 164 60 136 122 86 137 107 54 165 102 142 99 93 147 142 0 94 144 174 89 154 74 10 174 120 112 98 203 148 102 129 40 196 52 55 176 82 80 211 116 164 69 163 112 207 94 0 98 128 107 210 167 89 226 162 133 112 153 161 76 31 93 168 48 60 131 39 93 164 76 107 45 157 18 183 144 98 0 30 80 174 196 134 183 124 89 75 158 183 97 18 123 181 76 90 140 67 121 169 93 112 75 175 28 196 174 128 30 0 101 183 220 164 188 137 103 94 96 83 5 87 73 95 90 54 69 44 38 104 13 58 49 77 73 109 89 107 80 101 0 105 121 79 119 55 26 9 32 95 110 165 171 20 195 159 43 146 130 22 102 71 154 63 159 24 154 210 174 183 105 0 126 149 20 50 85 104 147 40 123 207 130 106 187 146 131 157 105 144 132 149 154 67 192 105 74 167 196 220 121 126 0 78 146 117 130 130 155 64 78 154 53 130 113 77 129 97 44 158 92 133 89 89 137 138 10 89 134 164 79 149 78 0 168 112 102 88 31 115 124 170 189 40 208 173 52 158 148 19 114 76 167 83 167 41 174 226 183 188 119 20 146 168 0 64 97 118 43 78 60 119 125 44 145 109 17 96 85 49 52 33 104 52 112 59 120 162 124 137 55 50 117 112 64 0 35 54 71 90 31 86 99 79 111 79 45 61 64 80 17 32 70 74 77 94 112 133 89 103 26 85 130 102 97 35 0 21 92 91 12 79 80 96 91 58 66 42 47 101 4 52 50 82 66 110 98 112 75 94 9 104 130 88 118 54 21 0 
0 25 144 129 99 43 63 90 104 57 28 108 24 118 179 68 146 37 112 156 110 145 108 140 32 160 147 68 144 74 25 0 150 119 117 68 45 70 82 53 6 84 11 122 181 45 154 44 122 138 107 127 85 150 45 156 142 72 154 84 144 150 0 83 88 136 125 137 152 98 145 179 139 29 41 186 14 108 39 141 57 139 174 37 112 59 64 78 22 73 129 119 83 0 135 147 77 70 80 72 113 108 110 61 88 138 97 97 94 58 34 56 102 113 106 45 29 74 103 94 99 117 88 135 0 67 123 147 165 90 116 184 108 82 129 162 80 76 50 188 101 181 181 60 73 137 134 69 73 45 43 68 136 147 67 0 97 125 142 77 70 150 64 116 176 111 133 51 98 185 119 175 150 121 42 167 158 73 130 63 63 45 125 77 123 97 0 28 45 33 39 61 40 96 150 63 133 50 109 93 73 82 58 138 57 117 102 57 136 80 90 70 137 70 147 125 28 0 18 57 64 42 66 108 154 71 147 78 127 68 80 57 37 155 85 115 99 79 150 103 104 82 152 80 165 142 45 18 0 75 77 28 80 123 167 74 162 95 145 63 95 52 22 172 102 125 109 97 166 121 57 53 98 72 90 77 33 57 75 0 48 94 43 69 128 88 104 26 77 108 54 99 91 106 35 103 90 24 105 47 28 6 145 113 116 70 39 64 77 48 0 80 8 117 176 46 150 42 119 132 101 121 80 148 43 150 136 68 150 82 108 84 179 108 184 150 61 42 28 94 80 0 86 150 195 60 189 109 168 86 122 76 6 196 115 153 137 118 192 141 24 11 139 110 108 64 40 66 80 43 8 86 0 111 171 54 143 34 112 133 97 122 86 140 35 146 132 61 143 74 118 122 29 61 82 116 96 108 123 69 117 150 111 0 61 157 39 81 34 119 30 116 145 52 87 55 52 50 43 53 179 181 41 88 129 176 150 154 167 128 176 195 171 61 0 213 51 142 80 138 77 140 189 74 148 45 60 111 59 113 68 45 186 138 162 111 63 71 74 88 46 60 54 157 213 0 192 88 163 137 136 126 64 192 89 180 165 111 193 128 146 154 14 97 80 133 133 147 162 104 150 189 143 39 51 192 0 110 35 155 68 152 184 23 114 73 78 82 8 73 37 44 108 97 76 51 50 78 95 26 42 109 34 81 142 88 110 0 78 134 74 124 107 106 9 124 113 31 110 40 112 122 39 94 50 98 109 127 145 77 119 168 112 34 80 163 35 78 0 151 60 146 164 29 80 88 86 53 32 38 156 138 141 58 188 185 93 68 63 108 132 86 133 119 138 137 155 134 151 0 91 11 80 171 143 93 80 120 161 144 110 107 57 34 101 119 73 80 95 54 101 122 97 30 77 136 68 74 60 91 0 86 117 81 82 50 39 46 73 61 145 127 139 56 181 175 82 57 52 99 121 76 122 116 140 126 152 124 146 11 86 0 70 167 133 95 80 112 159 136 108 85 174 102 181 150 58 37 22 91 80 6 86 145 189 64 184 107 164 80 117 70 0 192 114 147 131 114 187 138 140 150 37 113 60 121 138 155 172 106 148 196 140 52 74 192 23 106 29 171 81 167 192 0 108 95 99 82 15 66 32 45 112 106 73 42 57 85 102 35 43 115 35 87 148 89 114 9 80 143 82 133 114 108 0 132 121 37 112 42 160 156 59 45 137 167 117 115 125 103 150 153 146 55 45 180 73 124 88 93 50 95 147 95 132 0 16 95 81 106 147 142 64 29 134 158 102 99 109 90 136 137 132 52 60 165 78 113 86 80 39 80 131 99 121 16 0 85 86 99 68 72 78 74 69 73 57 79 97 24 68 118 61 50 111 111 82 31 53 120 46 112 114 82 37 95 85 0 82 24 144 154 22 103 73 130 136 150 166 105 150 192 143 43 59 193 8 110 32 161 73 159 187 15 112 81 86 82 0 70 74 84 73 94 45 63 80 103 121 47 82 141 74 53 113 128 73 40 38 144 61 136 138 66 42 106 99 24 70 0 
0 158 150 76 106 63 93 81 63 38 92 52 160 23 113 91 110 121 153 39 78 83 128 14 57 95 74 96 67 53 158 0 165 191 85 102 165 163 209 133 86 117 113 171 201 122 75 64 54 184 80 157 32 146 124 119 175 229 218 140 150 165 0 103 86 111 231 220 145 114 96 109 64 173 77 64 95 188 116 189 129 69 139 152 178 207 89 136 158 186 76 191 103 0 111 92 169 157 43 65 106 77 141 95 39 75 120 177 163 106 117 40 159 87 130 168 17 39 56 127 106 85 86 111 0 44 161 152 139 69 15 54 60 127 116 37 10 102 53 143 48 73 54 100 107 129 94 150 150 119 63 102 111 92 44 0 121 112 107 31 29 15 103 83 112 47 47 88 90 99 25 67 70 56 67 96 78 128 116 78 93 165 231 169 161 121 0 12 150 118 146 122 221 77 205 167 159 103 190 73 114 171 150 83 54 47 166 185 148 45 81 163 220 157 152 112 12 0 138 107 137 111 212 65 194 156 151 102 184 62 106 160 145 72 45 47 155 173 136 34 63 209 145 43 139 107 150 138 0 76 130 92 180 73 80 109 147 183 192 78 130 80 177 77 120 158 57 35 13 115 38 133 114 65 69 31 118 107 76 0 56 16 122 61 93 53 74 112 119 77 54 53 101 38 70 106 55 98 85 73 92 86 96 106 15 29 146 137 130 56 0 40 75 112 116 38 18 92 63 128 34 71 54 85 92 115 89 145 140 104 52 117 109 77 54 15 122 111 92 16 40 0 109 73 100 45 58 101 103 89 40 56 85 48 69 102 64 113 101 77 160 113 64 141 60 103 221 212 180 122 75 109 0 182 131 72 63 152 59 198 108 101 94 157 167 188 124 180 193 179 23 171 173 95 127 83 77 65 73 61 112 73 182 0 133 114 130 126 172 16 93 106 143 27 56 90 96 108 72 44 113 201 77 39 116 112 205 194 80 93 116 100 131 133 0 79 126 200 166 145 137 45 170 122 162 199 39 60 92 162 91 122 64 75 37 47 167 156 109 53 38 45 72 114 79 0 47 129 88 130 67 36 91 91 114 143 58 114 122 122 110 75 95 120 10 47 159 151 147 74 18 58 63 130 126 47 0 93 45 146 45 83 44 103 106 125 103 159 158 119 121 64 188 177 102 88 103 102 183 112 92 101 152 126 200 129 93 0 102 136 63 155 60 107 71 56 165 210 188 87 153 54 116 163 53 90 190 184 192 119 63 103 59 172 166 88 45 102 0 188 80 124 42 145 139 149 146 202 203 154 39 184 189 106 143 99 73 62 78 77 128 89 198 16 145 130 146 136 188 0 108 121 158 43 65 95 109 113 75 50 78 80 129 117 48 25 114 106 130 54 34 40 108 93 137 67 45 63 80 108 0 92 50 67 61 81 103 152 139 75 83 157 69 40 73 67 171 160 80 53 71 56 101 106 45 36 83 155 124 121 92 0 125 89 123 158 23 79 93 126 128 32 139 159 54 70 150 145 177 101 54 85 94 143 170 91 44 60 42 158 50 125 0 117 103 107 143 197 186 119 14 146 152 87 100 56 83 72 77 38 85 48 157 27 122 91 103 107 145 43 67 89 117 0 43 81 83 110 81 40 57 124 178 130 107 67 54 45 120 70 92 69 167 56 162 114 106 71 139 65 61 123 103 43 0 38 123 153 124 16 95 119 207 168 129 96 47 47 158 106 115 102 188 90 199 143 125 56 149 95 81 158 107 81 38 0 160 191 161 46 74 175 89 17 94 78 166 155 57 55 89 64 124 96 39 58 103 165 146 109 103 23 143 83 123 160 0 56 70 123 96 229 136 39 150 128 185 173 35 98 145 113 180 108 60 114 159 210 202 113 152 79 197 110 153 191 56 0 42 148 67 218 158 56 150 116 148 136 13 85 140 101 193 72 92 122 158 188 203 75 139 93 186 81 124 161 70 42 0 116 53 140 186 127 119 78 45 34 115 73 104 77 179 44 162 122 119 87 154 50 75 126 119 40 16 46 123 148 116 0 
0 115 87 214 111 107 16 146 146 75 94 150 133 96 71 150 60 150 87 156 84 89 41 39 144 97 184 153 127 152 115 0 77 134 103 94 105 38 32 40 53 51 78 107 50 69 56 37 30 121 100 43 117 82 38 29 70 82 23 55 87 77 0 128 32 23 89 86 103 62 24 128 47 143 80 71 65 95 55 71 132 91 61 83 115 48 136 69 100 81 214 134 128 0 117 115 211 99 128 157 120 165 81 240 176 67 171 108 142 77 232 176 189 198 149 127 126 61 149 80 111 103 32 117 0 9 116 103 126 94 50 154 46 175 112 75 97 114 84 46 164 123 76 113 141 74 154 67 126 92 107 94 23 115 9 0 111 94 117 85 41 145 39 166 103 68 88 105 75 49 155 114 75 106 132 65 145 62 117 84 16 105 89 211 116 111 0 138 136 65 91 136 132 80 58 147 49 140 78 160 68 75 54 24 131 90 174 150 115 146 146 38 86 99 103 94 138 0 31 74 63 68 63 145 88 42 90 11 60 104 138 81 139 117 52 50 51 56 50 21 146 32 103 128 126 117 136 31 0 71 79 37 91 126 79 73 87 20 61 133 121 67 148 113 21 58 38 87 26 52 75 40 62 157 94 85 65 74 71 0 46 80 86 85 19 90 16 75 15 124 75 29 82 43 71 30 109 99 54 84 94 53 24 120 50 41 91 63 79 46 0 104 41 131 65 56 55 71 35 78 121 74 78 79 91 24 112 59 76 61 150 51 128 165 154 145 136 68 37 80 104 0 125 105 79 110 92 57 77 168 104 61 162 112 16 80 54 124 28 89 133 78 47 81 46 39 132 63 91 86 41 125 0 171 105 29 96 74 72 43 161 109 108 120 110 57 114 23 100 48 96 107 143 240 175 166 80 145 126 85 131 105 171 0 66 173 78 141 100 209 12 64 131 66 110 115 157 184 100 161 71 50 80 176 112 103 58 88 79 19 65 79 105 66 0 109 17 87 34 143 56 18 88 34 73 49 117 118 57 101 150 69 71 67 75 68 147 42 73 90 56 110 29 173 109 0 104 53 75 63 165 109 131 131 94 60 88 14 88 22 60 56 65 171 97 88 49 90 87 16 55 92 96 78 17 104 0 91 30 133 67 34 72 27 85 44 125 112 68 99 150 37 95 108 114 105 140 11 20 75 71 57 74 141 87 53 91 0 63 115 135 78 146 118 41 55 41 67 42 32 87 30 55 142 84 75 78 60 61 15 35 77 72 100 34 75 30 63 0 112 90 39 87 57 66 15 99 84 49 69 156 121 71 77 46 49 160 104 133 124 78 168 43 209 143 63 133 115 112 0 199 150 122 153 152 98 151 49 143 85 84 100 132 232 164 155 68 138 121 75 121 104 161 12 56 165 67 135 90 199 0 57 119 54 107 105 154 174 95 154 89 43 91 176 123 114 75 81 67 29 74 61 109 64 18 109 34 78 39 150 57 0 106 51 58 52 102 120 42 97 41 117 61 189 76 75 54 139 148 82 78 162 108 131 88 131 72 146 87 122 119 106 0 66 152 91 185 130 135 139 39 82 83 198 113 106 24 117 113 43 79 112 120 66 34 131 27 118 57 153 54 51 66 0 107 71 151 138 91 126 144 38 115 149 141 132 131 52 21 71 91 16 110 110 73 94 85 41 66 152 107 58 152 107 0 67 47 108 17 73 97 29 48 127 74 65 90 50 58 30 24 80 57 115 49 60 44 55 15 98 105 52 91 71 67 0 94 69 52 56 184 70 136 126 154 145 174 51 38 109 112 54 114 157 117 88 125 41 99 151 154 102 185 151 47 94 0 102 60 66 153 82 69 61 67 62 150 56 87 99 59 124 23 184 118 14 112 67 84 49 174 120 130 138 108 69 102 0 101 36 127 23 100 149 126 117 115 50 26 54 76 28 100 100 57 88 68 42 49 143 95 42 135 91 17 52 60 101 0 70 152 55 81 80 92 84 146 21 52 84 61 89 48 161 101 22 99 32 69 85 154 97 139 126 73 56 66 36 70 0 
