0 149 91 71 161 56 48 42 140 21 53 69 30 90 44 132 194 127 81 111 97 69 136 143 73 161 116 148 151 49 149 0 109 99 90 96 176 107 161 170 139 134 141 59 145 109 59 54 159 110 83 112 178 60 146 84 117 97 90 176 91 109 0 26 172 51 87 62 195 106 47 32 108 68 121 41 168 60 154 149 119 115 201 68 142 168 26 166 165 86 71 99 26 0 150 25 79 37 169 89 40 35 83 48 96 64 155 60 129 123 94 89 175 74 116 147 52 144 143 79 161 90 172 150 0 132 204 134 91 179 181 184 137 104 131 188 70 135 122 59 64 94 113 146 114 6 190 18 10 204 56 96 51 25 132 0 80 15 144 77 49 53 61 37 72 88 147 71 104 99 72 64 150 87 91 129 77 123 123 80 48 176 87 79 204 80 0 72 188 42 40 55 78 117 92 126 227 139 127 157 140 115 183 152 121 203 106 192 195 1 42 107 62 37 134 15 72 0 136 63 48 56 47 48 59 101 156 86 92 95 71 56 141 102 80 132 88 123 125 72 140 161 195 169 91 144 188 136 0 149 182 192 110 139 96 227 159 186 64 52 84 80 22 201 67 96 220 73 83 189 21 170 106 89 179 77 42 63 149 0 63 80 42 111 54 147 215 147 87 126 115 85 143 162 82 179 130 164 169 43 53 139 47 40 181 49 40 48 182 63 0 17 78 84 93 87 194 100 130 143 119 102 183 112 120 178 68 171 172 39 69 134 32 35 184 53 55 56 192 80 17 0 92 83 107 71 190 90 144 151 125 112 195 100 133 181 51 176 176 54 30 141 108 83 137 61 78 47 110 42 78 92 0 86 15 147 179 130 52 84 75 43 106 147 43 138 134 122 127 79 90 59 68 48 104 37 117 48 139 111 84 83 86 0 92 89 110 49 114 87 55 67 150 66 101 100 87 99 97 117 44 145 121 96 131 72 92 59 96 54 93 107 15 92 0 160 178 139 37 74 72 38 92 156 29 133 147 115 121 93 132 109 41 64 188 88 126 101 227 147 87 71 147 89 160 0 168 55 192 176 144 150 236 52 179 183 20 187 183 125 194 59 168 155 70 147 227 156 159 215 194 190 179 110 178 168 0 113 180 119 106 140 181 117 169 64 176 86 76 227 127 54 60 60 135 71 139 86 186 147 100 90 130 49 139 55 113 0 163 134 102 116 199 17 150 130 63 136 131 139 81 159 154 129 122 104 127 92 64 87 130 144 52 114 37 192 180 163 0 63 77 47 56 180 13 125 180 104 112 128 111 110 149 123 59 99 157 95 52 126 143 151 84 87 74 176 119 134 63 0 32 42 68 149 55 62 172 42 49 158 97 83 119 94 64 72 140 71 84 115 119 125 75 55 72 144 106 102 77 32 0 34 97 118 64 64 141 52 55 140 69 112 115 89 94 64 115 56 80 85 102 112 43 67 38 150 140 116 47 42 34 0 86 133 34 95 141 79 84 116 136 178 201 175 113 150 183 141 22 143 183 195 106 150 92 236 181 199 56 68 97 86 0 215 63 118 227 95 105 184 143 60 68 74 146 87 152 102 201 162 112 100 147 66 156 52 117 17 180 149 118 133 215 0 167 141 66 149 144 151 73 146 142 116 114 91 121 80 67 82 120 133 43 101 29 179 169 150 13 55 64 34 63 167 0 117 168 97 104 122 161 84 168 147 6 129 203 132 96 179 178 181 138 100 133 183 64 130 125 62 64 95 118 141 117 0 185 23 13 203 116 117 26 52 190 77 106 88 220 130 68 51 134 87 147 20 176 63 180 172 141 141 227 66 168 185 0 186 184 105 148 97 166 144 18 123 192 123 73 164 171 176 122 99 115 187 86 136 104 42 52 79 95 149 97 23 186 0 10 192 151 90 165 143 10 123 195 125 83 169 172 176 127 97 121 183 76 131 112 49 55 84 105 144 104 13 184 10 0 195 49 176 86 79 204 80 1 72 189 43 39 54 79 117 93 125 227 139 128 158 140 116 184 151 122 203 105 192 195 0 
0 49 55 29 92 99 62 33 114 120 115 67 31 100 46 94 59 38 34 15 85 45 106 53 85 95 91 74 7 26 49 0 50 75 43 50 65 31 81 71 163 110 29 53 95 106 39 70 47 60 59 50 107 74 113 98 120 121 48 45 55 50 0 62 70 83 15 67 63 95 141 81 64 97 90 144 87 93 80 70 34 87 57 105 69 48 76 126 48 29 29 75 62 0 116 125 63 62 125 144 88 38 60 127 28 113 88 54 62 31 96 73 100 72 63 89 68 64 27 36 92 43 70 116 0 13 84 72 59 28 203 146 71 35 138 138 68 112 88 103 54 88 114 114 139 110 146 164 90 81 99 50 83 125 13 0 97 76 70 23 213 156 75 24 145 137 68 116 91 110 67 89 127 115 152 123 159 170 98 91 62 65 15 63 84 97 0 79 68 108 134 74 76 112 91 155 101 100 91 77 41 99 45 114 56 35 63 127 55 36 33 31 67 62 72 76 79 0 111 98 147 100 3 70 75 77 26 40 16 37 86 20 124 43 116 114 122 95 38 47 114 81 63 125 59 70 68 111 0 65 202 142 108 94 152 187 118 146 126 129 29 130 72 153 121 73 127 187 108 90 120 71 95 144 28 23 108 98 65 0 230 173 98 42 166 160 91 138 114 131 72 112 131 138 164 129 171 192 118 108 115 163 141 88 203 213 134 147 202 230 0 60 146 215 73 171 171 122 141 110 174 151 152 139 91 143 88 79 115 122 67 110 81 38 146 156 74 100 142 173 60 0 98 163 44 148 126 89 100 69 114 111 98 107 41 87 42 77 63 65 31 29 64 60 71 75 76 3 108 98 146 98 0 71 74 80 29 41 18 36 83 23 121 45 113 111 119 95 35 44 100 53 97 127 35 24 112 70 94 42 215 163 71 0 145 120 54 108 83 107 88 78 146 103 165 141 172 165 100 98 46 95 90 28 138 145 91 75 152 166 73 44 74 145 0 105 99 50 68 38 123 78 127 68 82 116 85 37 48 63 94 106 144 113 138 137 155 77 187 160 171 148 80 120 105 0 70 59 64 83 163 57 200 41 176 189 181 93 101 119 59 39 87 88 68 68 101 26 118 91 171 126 29 54 99 70 0 55 31 61 98 24 144 49 141 135 148 112 64 72 38 70 93 54 112 116 100 40 146 138 122 89 41 108 50 59 55 0 25 24 119 31 144 18 117 133 122 57 45 64 34 47 80 62 88 91 91 16 126 114 141 100 18 83 68 64 31 25 0 31 101 11 136 27 119 126 125 82 41 56 15 60 70 31 103 110 77 37 129 131 110 69 36 107 38 83 61 24 31 0 100 42 121 42 93 110 99 61 22 41 85 59 34 96 54 67 41 86 29 72 174 114 83 88 123 163 98 119 101 100 0 106 60 128 96 57 103 158 79 61 45 50 87 73 88 89 99 20 130 112 151 111 23 78 78 57 24 31 11 42 106 0 144 26 130 134 136 88 52 65 106 107 57 100 114 127 45 124 72 131 152 98 121 146 127 200 144 144 136 121 60 144 0 159 62 11 66 164 99 81 53 74 105 72 114 115 114 43 153 138 139 107 45 103 68 41 49 18 27 42 128 26 159 0 135 148 140 68 60 78 85 113 69 63 139 152 56 116 121 164 91 41 113 165 82 176 141 117 119 93 96 130 62 135 0 52 7 117 79 70 95 98 48 89 110 123 35 114 73 129 143 87 111 141 116 189 135 133 126 110 57 134 11 148 52 0 57 153 88 70 91 120 76 68 146 159 63 122 127 171 88 42 119 172 85 181 148 122 125 99 103 136 66 140 7 57 0 119 85 77 74 121 126 64 164 170 127 95 187 192 79 77 95 165 37 93 112 57 82 61 158 88 164 68 117 153 119 0 79 97 7 48 48 27 90 98 55 38 108 118 115 63 35 100 48 101 64 45 41 22 79 52 99 60 79 88 85 79 0 19 26 45 29 36 81 91 36 47 90 108 122 65 44 98 63 119 72 64 56 41 61 65 81 78 70 70 77 97 19 0 
0 153 184 105 79 148 93 94 139 72 82 139 191 80 120 10 51 132 100 59 157 142 141 103 168 148 53 191 165 149 153 0 38 131 145 10 212 177 123 200 195 81 40 112 40 145 130 72 53 94 7 101 17 80 135 43 141 160 68 26 184 38 0 169 183 38 249 215 160 236 232 117 18 129 64 176 166 109 84 125 31 137 43 118 170 79 162 195 100 62 105 131 169 0 31 133 98 53 37 97 83 63 168 145 124 96 54 66 100 93 138 52 131 52 65 97 142 86 95 110 79 145 183 31 0 145 71 32 68 67 55 89 184 133 129 72 32 89 104 84 152 82 140 66 96 117 122 116 121 127 148 10 38 133 145 0 211 177 128 198 194 87 44 103 32 140 128 77 48 89 10 107 8 81 141 50 133 167 75 33 93 212 249 98 71 211 0 46 133 21 17 160 252 170 190 93 83 160 165 133 219 150 206 137 157 188 146 170 192 198 94 177 215 53 32 177 46 0 87 51 33 116 216 160 161 90 59 118 136 113 184 105 172 98 111 148 144 125 148 159 139 123 160 37 68 128 133 87 0 134 118 43 155 165 128 130 88 51 107 114 130 24 128 56 29 82 169 54 70 98 72 200 236 97 67 198 21 51 134 0 18 155 240 151 175 74 70 154 152 117 206 149 193 128 160 179 125 176 187 188 82 195 232 83 55 194 17 33 118 18 0 144 235 157 173 81 66 144 148 118 202 135 189 120 144 171 135 158 176 181 139 81 117 63 89 87 160 116 43 155 144 0 112 143 91 129 94 11 76 97 88 20 87 36 55 39 155 82 32 55 191 40 18 168 184 44 252 216 155 240 235 112 0 143 74 183 170 105 91 132 34 132 51 119 162 73 175 185 90 58 80 112 129 145 133 103 170 160 165 151 157 143 143 0 72 77 101 133 70 52 113 156 95 111 190 129 36 218 155 122 120 40 64 124 129 32 190 161 128 175 173 91 74 72 0 112 107 80 25 61 42 110 24 74 145 65 101 173 92 53 10 145 176 96 72 140 93 90 130 74 81 129 183 77 112 0 42 122 92 51 149 132 133 93 159 138 54 182 155 140 51 130 166 54 32 128 83 59 88 70 66 94 170 101 107 42 0 89 82 54 136 93 123 61 117 112 90 140 122 118 132 72 109 66 89 77 160 118 51 154 144 11 105 133 80 122 89 0 65 88 79 30 77 29 65 32 146 93 33 47 100 53 84 100 104 48 165 136 107 152 148 76 91 70 25 92 82 65 0 41 57 92 41 51 128 59 92 156 85 53 59 94 125 93 84 89 133 113 114 117 118 97 132 52 61 51 54 88 41 0 98 107 82 62 140 94 58 168 116 93 157 7 31 138 152 10 219 184 130 206 202 88 34 113 42 149 136 79 57 98 0 108 18 87 142 50 143 167 74 33 142 101 137 52 82 107 150 105 24 149 135 20 132 156 110 132 93 30 92 107 108 0 107 45 36 59 165 64 46 75 141 17 43 131 140 8 206 172 128 193 189 87 51 95 24 133 123 77 41 82 18 107 0 79 142 52 125 169 79 37 103 80 118 52 66 81 137 98 56 128 120 36 119 111 74 93 61 29 51 62 87 45 79 0 79 51 120 107 62 61 168 135 170 65 96 141 157 111 29 160 144 55 162 190 145 159 117 65 128 140 142 36 142 79 0 92 196 28 72 109 148 43 79 97 117 50 188 148 82 179 171 39 73 129 65 138 112 32 59 94 50 59 52 51 92 0 150 117 27 17 53 141 162 142 122 133 146 144 169 125 135 155 175 36 101 54 90 146 92 58 143 165 125 120 196 150 0 223 173 145 191 160 195 86 116 167 170 125 54 176 158 82 185 218 173 182 140 93 156 168 167 64 169 107 28 117 223 0 95 134 165 68 100 95 121 75 192 148 70 187 176 32 90 155 92 155 122 33 85 116 74 46 79 62 72 27 173 95 0 42 149 26 62 110 127 33 198 159 98 188 181 55 58 122 53 140 118 47 53 93 33 75 37 61 109 17 145 134 42 0 
0 172 49 127 144 229 100 145 124 187 212 90 119 44 109 51 69 137 81 172 184 161 85 110 136 158 96 67 99 147 172 0 124 107 198 138 90 138 49 15 139 101 86 158 85 134 143 39 178 80 64 191 173 129 112 35 180 158 108 105 49 124 0 102 151 199 66 129 75 139 186 60 85 56 62 40 66 92 96 137 144 161 96 95 112 109 107 74 75 120 127 107 102 0 91 103 39 33 90 116 85 42 25 90 124 76 64 73 88 54 74 85 80 28 10 124 83 76 28 20 144 198 151 91 0 152 116 65 174 207 128 109 113 103 197 111 85 162 64 136 159 23 59 70 87 211 49 80 96 98 229 138 199 103 152 0 133 96 157 134 24 142 114 191 201 178 165 130 181 67 74 132 173 125 94 171 171 176 130 83 100 90 66 39 116 133 0 71 58 103 120 12 19 72 86 51 54 51 88 72 84 116 83 46 49 96 91 69 20 55 145 138 129 33 65 96 71 0 123 145 74 71 58 102 157 95 76 106 85 71 94 54 77 35 26 157 75 83 55 33 124 49 75 90 174 157 58 123 0 64 152 66 65 114 44 90 105 27 141 90 87 174 138 104 99 39 147 120 78 98 187 15 139 116 207 134 103 145 64 0 139 114 97 171 100 148 156 52 191 82 63 199 186 140 120 47 192 171 120 112 212 139 186 85 128 24 120 74 152 139 0 126 101 172 194 161 146 125 159 62 76 108 151 105 76 171 149 156 113 66 90 101 60 42 109 142 12 71 66 114 126 0 29 60 89 39 42 62 77 82 95 112 72 41 52 105 81 57 16 60 119 86 85 25 113 114 19 58 65 97 101 29 0 88 100 68 66 49 97 53 67 109 90 43 34 99 96 81 25 36 44 158 56 90 103 191 72 102 114 171 172 60 88 0 116 24 26 119 41 139 155 117 44 67 97 153 55 23 64 110 109 85 62 124 197 201 86 157 44 100 194 89 100 116 0 94 117 71 151 134 131 201 150 130 134 57 160 129 104 136 51 134 40 76 111 178 51 95 90 148 161 39 68 24 94 0 26 96 57 121 134 122 57 60 85 129 68 35 48 96 69 143 66 64 85 165 54 76 105 156 146 42 66 26 117 26 0 104 36 116 133 96 33 41 71 144 43 15 41 84 137 39 92 73 162 130 51 106 27 52 125 62 49 119 71 96 104 0 139 64 60 158 134 92 80 51 141 119 69 76 81 178 96 88 64 181 88 85 141 191 159 77 97 41 151 57 36 139 0 142 162 82 8 60 92 180 15 22 72 105 172 80 137 54 136 67 72 71 90 82 62 82 53 139 134 121 116 64 142 0 23 124 134 82 51 109 137 129 75 39 184 64 144 74 159 74 84 94 87 63 76 95 67 155 131 134 133 60 162 23 0 147 154 102 73 97 157 147 92 61 161 191 161 85 23 132 116 54 174 199 108 112 109 117 201 122 96 158 82 124 147 0 76 71 79 208 67 94 97 87 85 173 96 80 59 173 83 77 138 186 151 72 90 44 150 57 33 134 8 134 154 76 0 52 84 177 11 22 66 97 110 129 95 28 70 125 46 35 104 140 105 41 43 67 130 60 41 92 60 82 102 71 52 0 32 141 55 51 26 45 136 112 112 10 87 94 49 26 99 120 76 52 34 97 134 85 71 80 92 51 73 79 84 32 0 131 86 83 38 13 158 35 109 124 211 171 96 157 39 47 171 105 99 153 57 129 144 51 180 109 97 208 177 141 131 0 186 159 116 127 96 180 107 83 49 171 91 75 147 192 149 81 96 55 160 68 43 141 15 137 157 67 11 55 86 186 0 33 72 99 67 158 74 76 80 176 69 83 120 171 156 57 81 23 129 35 15 119 22 129 147 94 22 51 83 159 33 0 56 96 99 108 75 28 96 130 20 55 78 120 113 16 25 64 104 48 41 69 72 75 92 97 66 26 38 116 72 56 0 48 147 105 120 20 98 83 55 33 98 112 66 60 36 110 136 96 84 76 105 39 61 87 97 45 13 127 99 96 48 0 
0 60 33 109 102 76 77 70 45 83 45 57 100 47 77 86 48 79 79 73 133 16 36 63 47 38 95 107 82 93 60 0 71 114 50 134 133 114 20 110 58 116 108 13 95 27 104 139 139 121 75 55 95 19 49 50 46 134 142 148 33 71 0 77 97 91 99 99 65 50 24 70 68 58 110 91 40 83 84 99 146 21 55 64 78 70 115 74 83 80 109 114 77 0 100 163 174 176 121 40 66 143 10 107 185 115 105 146 149 176 173 93 131 95 145 139 159 45 143 121 102 50 97 100 0 178 178 163 70 115 75 159 99 58 145 28 137 178 178 169 74 91 138 39 99 100 76 135 179 177 76 134 91 163 178 0 18 47 116 125 113 21 153 122 91 161 58 30 25 36 202 88 40 139 101 92 158 140 37 72 77 133 99 174 178 18 0 31 113 138 119 32 164 121 76 160 71 48 43 20 196 92 44 139 94 86 152 153 55 89 70 114 99 176 163 47 31 0 94 145 115 51 167 105 45 141 83 75 70 12 171 86 48 125 70 64 126 164 81 113 45 20 65 121 70 116 113 94 0 110 58 99 114 15 75 47 92 124 123 101 88 45 78 35 29 30 51 134 127 137 83 110 50 40 115 125 138 145 110 0 52 106 31 99 160 121 67 106 110 142 179 71 97 95 128 120 156 24 103 81 45 58 24 66 75 113 119 115 58 52 0 93 57 47 119 72 64 107 108 117 130 29 75 45 79 73 104 76 107 102 57 116 70 143 159 21 32 51 99 106 93 0 133 103 89 142 39 27 24 43 187 68 21 120 89 79 145 121 33 62 100 108 68 10 99 153 164 167 114 31 57 133 0 101 176 112 95 136 140 166 170 85 121 90 136 130 154 40 133 112 47 13 58 107 58 122 121 105 15 99 47 103 101 0 90 39 91 126 126 111 88 42 82 20 44 43 57 123 129 135 77 95 110 185 145 91 76 45 75 160 119 89 176 90 0 119 111 115 112 57 136 92 76 110 46 48 91 184 122 149 86 27 91 115 28 161 160 141 47 121 72 142 112 39 119 0 128 165 165 148 58 79 121 27 74 77 49 144 167 171 48 104 40 105 137 58 71 83 92 67 64 39 95 91 111 128 0 43 46 79 179 49 36 101 94 84 143 83 43 45 79 139 83 146 178 30 48 75 124 106 107 27 136 126 115 165 43 0 5 65 212 87 47 140 115 106 171 117 7 42 79 139 84 149 178 25 43 70 123 110 108 24 140 126 112 165 46 5 0 60 211 87 45 140 113 103 169 121 12 47 73 121 99 176 169 36 20 12 101 142 117 43 166 111 57 148 79 65 60 0 181 88 45 131 79 73 136 161 72 105 133 75 146 173 74 202 196 171 88 179 130 187 170 88 136 58 179 212 211 181 0 130 166 85 102 110 45 202 215 223 16 55 21 93 91 88 92 86 45 71 29 68 85 42 92 79 49 87 87 88 130 0 48 53 57 49 96 95 88 93 36 95 55 131 138 40 44 48 78 97 75 21 121 82 76 121 36 47 45 45 166 48 0 99 68 59 124 116 51 73 63 19 64 95 39 139 139 125 35 95 45 120 90 20 110 27 101 140 140 131 85 53 99 0 64 63 64 118 141 144 47 49 78 145 99 101 94 70 29 128 79 89 136 44 46 74 94 115 113 79 102 57 68 64 0 10 58 152 119 138 38 50 70 139 100 92 86 64 30 120 73 79 130 43 48 77 84 106 103 73 110 49 59 63 10 0 66 144 110 128 95 46 115 159 76 158 152 126 51 156 104 145 154 57 91 49 143 171 169 136 45 96 124 64 58 66 0 180 175 188 107 134 74 45 135 140 153 164 134 24 76 121 40 123 184 144 83 117 121 161 202 95 116 118 152 144 180 0 112 84 82 142 83 143 179 37 55 81 127 103 107 33 133 129 122 167 43 7 12 72 215 88 51 141 119 110 175 112 0 35 93 148 80 121 177 72 89 113 137 81 102 62 112 135 149 171 45 42 47 105 223 93 73 144 138 128 188 84 35 0 
0 89 120 69 68 61 64 41 23 87 88 131 88 98 71 143 9 81 74 43 100 76 79 153 68 135 90 93 105 111 89 0 68 157 59 39 55 64 102 168 137 125 57 42 159 102 82 169 159 51 187 29 160 162 110 92 174 64 114 138 120 68 0 180 121 99 56 79 121 174 119 71 125 27 181 34 111 191 175 79 203 95 168 110 168 24 185 132 74 104 69 157 180 0 129 128 124 102 59 43 97 168 149 161 4 196 75 12 22 109 34 143 39 175 100 190 35 153 140 130 68 59 121 129 0 22 85 75 90 155 148 165 20 94 133 154 68 141 140 61 163 30 147 195 55 144 156 25 145 161 61 39 99 128 22 0 63 57 81 147 132 143 33 72 131 132 58 140 135 42 161 15 139 175 71 122 151 40 125 143 64 55 56 124 85 63 0 23 65 123 82 80 96 38 125 80 55 135 120 26 149 67 116 112 118 71 132 103 62 83 41 64 79 102 75 57 23 0 43 105 75 95 90 59 103 102 32 113 100 15 129 66 98 122 100 94 113 97 72 86 23 102 121 59 90 81 65 43 0 66 66 119 110 102 60 139 23 70 57 52 86 95 58 136 89 132 72 115 91 92 87 168 174 43 155 147 123 105 66 0 68 145 175 161 39 182 89 43 21 117 36 161 8 143 137 178 14 180 118 100 88 137 119 97 148 132 82 75 66 68 0 78 165 114 95 119 83 104 80 90 103 141 65 78 155 117 81 172 52 33 131 125 71 168 165 143 80 95 119 145 78 0 175 85 167 51 123 177 154 105 180 145 142 39 195 54 159 182 28 48 88 57 125 149 20 33 96 90 110 175 165 175 0 98 153 158 87 161 160 75 183 30 167 208 69 148 176 7 158 176 98 42 27 161 94 72 38 59 102 161 114 85 98 0 162 60 89 172 158 55 187 68 154 124 141 50 170 105 79 108 71 159 181 4 133 131 125 103 60 39 95 167 153 162 0 196 77 10 18 111 30 146 35 173 104 190 31 157 139 128 143 102 34 196 154 132 80 102 139 182 119 51 158 60 196 0 134 206 187 106 215 128 177 88 197 10 194 165 67 96 9 82 111 75 68 58 55 32 23 89 83 123 87 89 77 134 0 87 78 35 105 73 81 145 74 126 93 93 97 104 81 169 191 12 141 140 135 113 70 43 104 177 161 172 10 206 87 0 24 121 24 155 41 182 110 200 32 164 149 137 74 159 175 22 140 135 120 100 57 21 80 154 160 158 18 187 78 24 0 109 29 150 17 158 118 181 17 164 127 113 43 51 79 109 61 42 26 15 52 117 90 105 75 55 111 106 35 121 109 0 138 51 109 134 92 97 124 82 84 101 100 187 203 34 163 161 149 129 86 36 103 180 183 187 30 215 105 24 29 138 0 176 38 179 134 209 22 187 152 136 76 29 95 143 30 15 67 66 95 161 141 145 30 68 146 128 73 155 150 51 176 0 153 179 84 118 166 37 129 150 79 160 168 39 147 139 116 98 58 8 65 142 167 154 35 177 81 41 17 109 38 153 0 142 130 172 17 172 114 98 153 162 110 175 195 175 112 122 136 143 78 39 208 124 173 88 145 182 158 134 179 179 142 0 219 93 157 215 50 45 68 110 168 100 55 71 118 100 89 137 155 195 69 141 104 197 74 110 118 92 134 84 130 219 0 188 134 68 171 178 135 92 24 190 144 122 71 94 132 178 117 54 148 50 190 10 126 200 181 97 209 118 172 93 188 0 189 155 66 96 90 174 185 35 156 151 132 113 72 14 81 159 176 170 31 194 93 32 17 124 22 166 17 157 134 189 0 181 131 114 93 64 132 153 25 40 103 97 115 180 172 182 7 105 157 165 93 164 164 82 187 37 172 215 68 155 181 0 165 183 105 114 74 140 145 125 62 72 91 118 52 28 158 79 139 67 97 149 127 84 152 129 114 50 171 66 131 165 0 30 111 138 104 130 161 143 83 86 92 100 33 48 176 108 128 96 104 137 113 101 136 150 98 45 178 96 114 183 30 0 
0 115 66 67 104 55 71 98 99 20 42 119 60 120 152 92 157 142 127 80 90 108 31 59 108 164 47 52 142 40 115 0 175 181 37 122 56 183 154 96 140 115 169 69 142 73 146 179 144 54 172 193 84 164 19 119 141 73 193 87 66 175 0 49 156 108 123 120 143 80 35 180 67 186 211 158 216 186 181 146 117 128 95 11 171 228 36 118 179 88 67 181 49 0 171 81 138 73 104 87 67 154 23 173 181 143 186 145 147 140 72 79 97 55 173 206 73 112 134 105 104 37 156 171 0 129 33 190 167 84 121 142 164 102 172 97 177 199 167 72 179 200 77 145 52 153 120 79 210 68 55 122 108 81 129 0 103 61 44 63 94 73 60 95 103 66 108 87 73 71 50 71 58 105 108 125 101 50 88 85 71 56 123 138 33 103 0 161 144 51 88 131 131 101 164 87 169 179 152 62 150 171 46 112 61 153 88 56 188 35 98 183 120 73 190 61 161 0 47 115 124 111 53 149 128 122 132 77 92 131 11 10 115 123 168 164 131 111 63 137 99 154 143 104 167 44 144 47 0 107 136 64 81 107 81 84 85 43 45 100 38 53 101 142 136 117 143 88 44 129 20 96 80 87 84 63 51 115 107 0 50 117 80 109 151 83 156 149 130 67 105 125 15 71 91 156 53 41 151 22 42 140 35 67 121 94 88 124 136 50 0 161 74 159 194 132 199 179 167 117 119 134 65 24 139 205 7 91 177 53 119 115 180 154 142 73 131 111 64 117 161 0 132 52 34 45 39 67 31 70 101 117 104 176 96 54 166 79 87 132 60 169 67 23 164 60 131 53 81 80 74 132 0 154 158 124 163 122 124 124 50 61 87 70 158 185 81 97 112 100 120 69 186 173 102 95 101 149 107 109 159 52 154 0 74 30 78 119 83 43 138 158 94 179 50 52 162 69 138 116 152 142 211 181 172 103 164 128 81 151 194 34 158 74 0 77 5 65 36 102 119 132 138 208 123 46 199 113 88 166 92 73 158 143 97 66 87 122 84 83 132 45 124 30 77 0 82 106 72 25 111 131 68 151 54 73 136 42 121 93 157 146 216 186 177 108 169 132 85 156 199 39 163 78 5 82 0 67 40 107 123 136 143 213 127 46 204 118 90 171 142 179 186 145 199 87 179 77 43 149 179 67 122 119 65 106 67 0 36 127 73 77 141 185 160 110 186 123 23 170 127 144 181 147 167 73 152 92 45 130 167 31 124 83 36 72 40 36 0 95 83 96 119 178 125 77 174 97 57 148 80 54 146 140 72 71 62 131 100 67 117 70 124 43 102 25 107 127 95 0 120 141 52 138 37 93 120 28 140 73 90 172 117 72 179 50 150 11 38 105 119 101 50 138 119 111 123 73 83 120 0 21 104 119 157 155 126 100 62 127 108 193 128 79 200 71 171 10 53 125 134 117 61 158 132 131 136 77 96 141 21 0 125 131 178 170 141 121 60 147 31 84 95 97 77 58 46 115 101 15 65 104 87 94 138 68 143 141 119 52 104 125 0 86 77 141 68 26 145 29 59 164 11 55 145 105 112 123 142 71 24 176 70 179 208 151 213 185 178 138 119 131 86 0 162 222 25 110 180 77 108 19 171 173 52 108 61 168 136 91 139 96 158 50 123 54 127 160 125 37 157 178 77 162 0 101 141 61 175 87 164 119 228 206 153 125 153 164 117 156 205 54 185 52 46 73 46 110 77 93 155 170 141 222 101 0 209 115 132 166 47 141 36 73 120 101 88 131 143 53 7 166 81 162 199 136 204 186 174 120 126 141 68 25 141 209 0 94 184 54 52 73 118 112 79 50 56 111 88 41 91 79 97 69 113 42 118 123 97 28 100 121 26 110 61 115 94 0 132 53 142 193 179 134 210 88 188 63 44 151 177 87 112 138 88 121 90 23 57 140 62 60 145 180 175 132 184 132 0 173 40 87 88 105 68 85 35 137 129 22 53 132 100 116 166 93 171 170 148 73 127 147 29 77 87 166 54 53 173 0 
0 50 189 194 103 216 193 170 170 102 182 137 139 99 89 135 123 188 200 5 189 126 148 181 233 150 199 124 75 182 50 0 144 148 56 189 157 121 122 52 174 90 136 98 82 90 74 143 182 54 146 87 99 156 188 117 160 104 27 162 189 144 0 11 88 99 53 51 38 98 154 55 155 148 137 54 102 5 127 193 14 66 96 93 44 65 34 104 117 113 194 148 11 0 92 110 64 46 34 101 165 58 166 158 146 59 101 16 138 198 25 74 92 104 40 76 44 114 121 124 103 56 88 92 0 146 107 69 67 21 153 34 128 99 83 35 46 88 149 107 91 39 65 117 132 73 106 78 29 129 216 189 99 110 146 0 46 146 132 166 82 130 111 132 132 118 181 94 43 219 85 107 186 35 107 73 66 92 167 45 193 157 53 64 107 46 0 100 86 125 106 87 119 125 120 76 139 48 76 196 39 70 140 43 71 43 22 79 132 63 170 121 51 46 69 146 100 0 14 69 189 39 177 158 144 50 59 55 169 175 64 72 46 134 82 94 84 122 95 152 170 122 38 34 67 132 86 14 0 71 176 33 167 149 136 42 67 42 155 174 50 63 58 120 73 81 70 112 95 138 102 52 98 101 21 166 125 69 71 0 174 43 148 116 100 50 28 99 170 106 104 59 50 138 141 93 121 99 29 150 182 174 154 165 153 82 106 189 176 174 0 157 45 83 95 143 199 149 40 182 141 121 212 63 177 95 128 75 162 43 137 90 55 58 34 130 87 39 33 43 157 0 141 120 105 14 52 56 143 141 61 36 57 108 98 64 79 86 63 124 139 136 155 166 128 111 119 177 167 148 45 141 0 40 54 127 174 151 76 139 145 105 192 80 189 90 139 55 130 66 99 98 148 158 99 132 125 158 149 116 83 120 40 0 16 108 144 144 105 99 140 86 164 97 187 85 139 46 93 90 89 82 137 146 83 132 120 144 136 100 95 105 54 16 0 94 128 134 111 90 131 74 148 97 178 78 133 41 77 94 135 90 54 59 35 118 76 50 42 50 143 14 127 108 94 0 63 53 129 139 56 22 71 95 98 50 71 72 63 110 123 74 102 101 46 181 139 59 67 28 199 52 174 144 128 63 0 104 190 128 111 79 25 157 140 112 130 124 55 171 188 143 5 16 88 94 48 55 42 99 149 56 151 144 134 53 104 0 122 192 9 63 100 88 45 61 29 100 116 108 200 182 127 138 149 43 76 169 155 170 40 143 76 105 111 129 190 122 0 201 113 111 200 35 145 79 98 78 164 20 5 54 193 198 107 219 196 175 174 106 182 141 139 99 90 139 128 192 201 0 193 130 153 184 237 153 202 127 80 183 189 146 14 25 91 85 39 64 50 104 141 61 145 140 131 56 111 9 113 193 0 63 108 79 47 56 20 95 119 99 126 87 66 74 39 107 70 72 63 59 121 36 105 86 74 22 79 63 111 130 63 0 91 79 108 34 73 50 62 92 148 99 96 92 65 186 140 46 58 50 212 57 192 164 148 71 25 100 200 153 108 91 0 165 128 121 128 140 79 181 181 156 93 104 117 35 43 134 120 138 63 108 80 97 97 95 157 88 35 184 79 79 165 0 114 45 65 57 136 20 233 188 44 40 132 107 71 82 73 141 177 98 189 187 178 98 140 45 145 237 47 108 128 114 0 102 50 141 161 134 150 117 65 76 73 73 43 94 81 93 95 64 90 85 78 50 112 61 79 153 56 34 121 45 102 0 55 39 94 60 199 160 34 44 106 66 22 84 70 121 128 79 139 139 133 71 130 29 98 202 20 73 128 65 50 55 0 93 133 85 124 104 104 114 78 92 79 122 112 99 75 86 55 46 41 72 124 100 78 127 95 50 140 57 141 39 93 0 88 58 75 27 117 121 29 167 132 95 95 29 162 63 130 93 77 63 55 116 164 80 119 62 79 136 161 94 133 88 0 144 182 162 113 124 129 45 63 152 138 150 43 124 66 90 94 110 171 108 20 183 99 92 181 20 134 60 85 58 144 0 
0 108 85 82 97 141 66 65 42 46 83 29 25 165 81 145 114 102 86 60 99 84 101 91 74 41 78 103 114 105 108 0 115 85 41 57 42 98 109 138 80 104 132 84 164 41 27 157 158 74 51 94 179 92 161 130 30 170 121 41 85 115 0 148 134 107 95 140 43 66 146 111 100 121 67 133 100 186 170 44 141 22 184 158 70 125 100 187 187 140 82 85 148 0 46 141 59 23 115 128 5 57 95 168 163 124 108 74 81 105 39 135 103 10 156 74 64 89 41 51 97 41 134 46 0 98 39 64 114 137 41 83 118 125 169 78 67 120 125 90 10 116 147 52 164 107 34 135 80 8 141 57 107 141 98 0 88 150 123 155 136 147 165 27 171 37 33 209 207 86 108 86 228 149 172 173 78 221 178 98 66 42 95 59 39 88 0 63 76 101 55 62 90 115 131 82 56 122 119 51 46 80 140 68 127 88 12 133 99 46 65 98 140 23 64 150 63 0 103 111 27 37 75 177 146 139 117 59 61 100 59 130 83 28 139 51 72 72 49 70 42 109 43 115 114 123 76 103 0 32 114 70 57 143 55 138 104 144 127 38 120 48 141 125 52 82 84 144 152 122 46 138 66 128 137 155 101 111 32 0 129 74 45 175 35 170 136 140 121 70 141 77 129 137 28 76 111 138 160 145 83 80 146 5 41 136 55 27 114 129 0 59 97 163 164 119 103 79 86 102 34 132 108 13 157 77 60 94 44 46 29 104 111 57 83 147 62 37 70 74 59 0 38 173 109 144 117 75 64 78 82 106 82 65 102 26 74 80 86 91 25 132 100 95 118 165 90 75 57 45 97 38 0 189 79 170 139 96 76 83 119 104 85 102 70 32 102 93 121 126 165 84 121 168 125 27 115 177 143 175 163 173 189 0 187 56 60 236 234 107 135 101 255 176 188 199 105 248 205 125 81 164 67 163 169 171 131 146 55 35 164 109 79 187 0 191 157 175 153 90 174 86 160 172 9 111 139 170 195 177 145 41 133 124 78 37 82 139 138 170 119 144 170 56 191 0 34 197 199 101 87 111 220 130 190 170 70 211 157 75 114 27 100 108 67 33 56 117 104 136 103 117 139 60 157 34 0 176 175 67 77 78 196 116 156 143 45 188 147 68 102 157 186 74 120 209 122 59 144 140 79 75 96 236 175 197 176 0 24 153 113 181 38 70 166 64 131 19 58 125 86 158 170 81 125 207 119 61 127 121 86 64 76 234 153 199 175 24 0 142 120 169 22 80 145 45 130 17 76 131 60 74 44 105 90 86 51 100 38 70 102 78 83 107 90 101 67 153 142 0 97 30 159 115 89 100 56 158 146 96 99 51 141 39 10 108 46 59 120 141 34 82 119 135 174 87 77 113 120 97 0 125 142 44 169 105 43 128 71 12 84 94 22 135 116 86 80 130 48 77 132 106 104 101 86 111 78 181 169 30 125 0 185 145 87 125 82 186 176 122 101 179 184 103 147 228 140 83 141 129 108 82 85 255 160 220 196 38 22 159 142 185 0 102 151 60 151 20 96 153 91 92 158 10 52 149 68 28 125 137 13 65 102 176 172 130 116 70 80 115 44 145 102 0 165 79 73 87 31 56 74 161 70 156 164 172 127 139 52 28 157 102 70 188 9 190 156 166 145 89 169 87 151 165 0 102 136 161 188 172 41 130 125 74 107 173 88 51 82 76 77 26 32 199 111 170 143 64 45 100 105 125 60 79 102 0 100 62 92 115 78 30 100 64 34 78 12 72 84 111 60 74 102 105 139 70 45 131 130 56 43 82 151 73 136 100 0 143 104 40 103 170 187 89 135 221 133 72 144 138 94 80 93 248 170 211 188 19 17 158 128 186 20 87 161 62 143 0 77 140 114 121 187 41 80 178 99 49 152 160 44 86 121 205 195 157 147 58 76 146 71 176 96 31 188 92 104 77 0 82 105 41 140 51 8 98 46 70 122 145 46 91 126 125 177 75 68 125 131 96 12 122 153 56 172 115 40 140 82 0 
0 179 124 91 204 51 232 67 201 68 187 188 22 101 129 159 175 161 187 179 82 181 181 63 130 186 168 122 225 159 179 0 78 134 109 168 125 115 25 134 168 105 157 122 135 178 194 76 80 62 150 201 65 116 57 90 108 57 131 29 124 78 0 57 86 96 112 57 90 62 109 72 105 44 60 106 124 38 64 118 74 131 57 70 71 64 58 40 110 79 91 134 57 0 117 48 145 48 147 25 99 101 81 13 38 76 94 82 107 165 17 101 106 68 113 102 79 85 136 129 204 109 86 117 0 165 28 141 99 137 77 16 189 105 88 106 113 49 29 170 132 119 44 156 143 23 38 116 24 130 51 168 96 48 165 0 193 55 184 34 139 149 52 61 82 108 124 129 155 184 34 130 152 67 131 150 127 112 184 156 232 125 112 145 28 193 0 169 108 165 94 44 217 133 115 127 132 74 51 187 160 137 65 182 164 48 66 140 16 150 67 115 57 48 141 55 169 0 135 28 143 126 48 50 82 124 142 95 121 129 54 149 114 20 76 121 107 58 164 101 201 25 90 147 99 184 108 135 0 150 166 97 179 134 142 180 195 76 72 83 164 202 58 138 82 82 106 79 118 54 68 134 62 25 137 34 165 28 150 0 124 121 56 33 63 100 118 96 122 155 26 125 119 47 102 119 100 79 157 123 187 168 109 99 77 139 94 143 166 124 0 70 180 93 61 38 38 92 95 223 105 43 108 163 180 85 60 149 78 182 188 105 72 101 16 149 44 126 97 121 70 0 173 89 72 94 104 37 25 165 116 110 40 142 132 15 22 105 38 124 22 157 105 81 189 52 217 48 179 56 180 173 0 89 119 155 172 143 169 157 77 178 162 41 108 169 153 100 210 137 101 122 44 13 105 61 133 50 134 33 93 89 89 0 32 75 93 69 94 156 30 100 93 70 106 89 67 76 124 120 129 135 60 38 88 82 115 82 142 63 61 72 119 32 0 46 64 67 86 178 48 71 91 102 131 78 50 100 104 139 159 178 106 76 106 108 127 124 180 100 38 94 155 75 46 0 18 104 115 224 78 25 125 144 177 106 76 146 112 185 175 194 124 94 113 124 132 142 195 118 38 104 172 93 64 18 0 119 127 242 95 7 138 162 195 117 89 164 116 202 161 76 38 82 49 129 74 95 76 96 92 37 143 69 67 104 119 0 26 131 99 126 24 108 96 26 32 68 73 90 187 80 64 107 29 155 51 121 72 122 95 25 169 94 86 115 127 26 0 141 124 134 15 134 114 10 39 89 53 101 179 62 118 165 170 184 187 129 83 155 223 165 157 156 178 224 242 131 141 0 178 249 126 120 53 150 163 80 193 41 82 150 74 17 132 34 160 54 164 26 105 116 77 30 48 78 95 99 124 178 0 101 123 73 125 119 94 99 151 143 181 201 131 101 119 130 137 149 202 125 43 110 178 100 71 25 7 126 134 249 101 0 145 169 202 124 96 171 121 209 181 65 57 106 44 152 65 114 58 119 108 40 162 93 91 125 138 24 15 126 123 145 0 125 99 25 49 76 68 86 63 116 70 68 156 67 182 20 138 47 163 142 41 70 102 144 162 108 134 120 73 169 125 0 69 134 125 59 180 96 130 57 71 113 143 131 164 76 82 102 180 132 108 106 131 177 195 96 114 53 125 202 99 69 0 120 125 31 167 30 186 90 64 102 23 150 48 121 82 119 85 15 169 89 78 106 117 26 10 150 119 124 25 134 120 0 30 93 47 110 168 108 58 79 38 127 66 107 106 100 60 22 153 67 50 76 89 32 39 163 94 96 49 125 125 30 0 95 57 122 122 57 40 85 116 112 140 58 79 79 149 105 100 76 100 146 164 68 89 80 99 171 76 59 31 93 95 0 140 44 225 131 110 136 24 184 16 164 118 157 78 38 210 124 104 112 116 73 53 193 151 121 68 180 167 47 57 140 0 154 159 29 79 129 130 156 150 101 54 123 182 124 137 120 139 185 202 90 101 41 143 209 86 96 30 110 122 44 154 0 
0 35 95 35 62 83 35 44 116 100 77 70 105 59 135 73 87 111 34 65 68 126 79 59 145 107 73 94 61 28 35 0 94 70 91 102 62 72 148 135 46 93 134 24 170 102 105 146 29 100 42 161 101 49 180 134 38 115 82 46 95 94 0 108 82 178 128 75 125 171 82 163 95 92 170 88 50 167 67 130 70 167 63 142 202 89 110 64 156 123 35 70 108 0 44 77 32 36 88 68 111 59 85 94 100 51 83 77 63 31 100 91 69 84 111 89 108 84 57 44 62 91 82 44 0 121 76 19 57 92 118 103 43 108 91 11 42 85 69 52 104 87 26 121 120 46 127 40 101 84 83 102 178 77 121 0 50 112 152 77 148 18 159 124 140 126 159 105 116 80 144 129 146 70 122 164 128 161 22 57 35 62 128 32 76 50 0 64 119 75 108 35 117 86 123 83 111 93 69 51 101 113 99 57 123 121 97 114 28 18 44 72 75 36 19 112 64 0 76 96 99 95 62 89 107 30 47 96 50 55 86 101 35 103 131 63 108 50 91 69 116 148 125 88 57 152 119 76 0 92 175 134 31 165 51 46 75 69 126 72 161 53 63 172 96 40 184 62 138 132 100 135 171 68 92 77 75 96 92 0 177 63 112 159 65 90 134 29 131 41 168 54 118 128 48 120 171 127 74 93 77 46 82 111 118 148 108 99 175 177 0 139 153 24 205 129 114 187 49 141 14 198 117 87 221 150 32 128 128 92 70 93 163 59 103 18 35 95 134 63 139 0 141 117 125 108 142 90 104 62 134 114 128 70 110 146 123 143 12 47 105 134 95 85 43 159 117 62 31 112 153 141 0 148 82 34 45 94 109 81 139 83 36 164 125 9 168 31 141 127 59 24 92 94 108 124 86 89 165 159 24 117 148 0 192 119 115 170 39 124 25 184 114 63 204 147 20 127 105 70 135 170 170 100 91 140 123 107 51 65 205 125 82 192 0 82 122 36 156 72 193 11 107 180 48 91 208 110 133 140 73 102 88 51 11 126 83 30 46 90 129 108 34 119 82 0 44 80 80 53 115 79 28 131 115 38 138 37 108 93 87 105 50 83 42 159 111 47 75 134 114 142 45 115 122 44 0 124 77 94 100 120 16 146 158 39 135 14 138 115 111 146 167 77 85 105 93 96 69 29 187 90 94 170 36 80 124 0 139 46 176 25 108 150 35 103 184 116 99 111 34 29 67 63 69 116 69 50 126 131 49 104 109 39 156 80 77 139 0 93 37 149 75 75 173 108 59 88 94 59 65 100 130 31 52 80 51 55 72 41 141 62 81 124 72 53 94 46 93 0 130 62 78 108 80 88 138 90 66 68 68 42 70 100 104 144 101 86 161 168 14 134 139 25 193 115 100 176 37 130 0 186 103 87 210 136 41 114 123 87 126 161 167 91 87 129 113 101 53 54 198 114 83 184 11 79 120 25 149 62 186 0 105 170 43 92 199 109 122 130 79 101 63 69 26 146 99 35 63 118 117 128 36 114 107 28 16 108 75 78 103 105 0 138 143 33 134 15 126 104 59 49 142 84 121 70 57 103 172 128 87 70 164 63 180 131 146 150 75 108 87 170 138 0 176 166 61 153 58 40 145 180 202 111 120 122 123 131 96 48 221 110 125 204 48 115 158 35 173 80 210 43 143 176 0 134 218 149 121 141 107 134 89 89 46 164 121 63 40 120 150 146 9 147 91 38 39 103 108 88 136 92 33 166 134 0 167 25 146 130 73 38 110 108 127 128 97 108 184 171 32 123 168 20 208 138 135 184 59 138 41 199 134 61 218 167 0 147 111 79 94 115 64 84 40 161 114 50 62 127 128 143 31 127 110 37 14 116 88 90 114 109 15 153 149 25 147 0 141 119 61 82 156 57 101 22 28 91 138 74 128 12 141 105 133 108 138 99 94 66 123 122 126 58 121 146 111 141 0 36 28 46 123 44 84 57 18 69 132 93 92 47 127 70 140 93 115 111 59 68 87 130 104 40 141 130 79 119 36 0 
0 33 35 55 58 27 57 71 38 55 130 55 89 84 42 87 117 143 75 95 130 41 86 111 135 53 91 40 64 109 33 0 39 37 79 56 28 69 16 26 161 22 57 115 75 67 149 174 68 128 161 74 72 142 164 67 98 20 44 140 35 39 0 29 43 61 42 101 54 41 134 55 94 89 67 106 123 143 41 114 133 63 110 138 132 28 60 58 38 136 55 37 29 0 69 82 18 106 53 19 163 39 76 118 93 100 152 171 32 143 161 91 107 165 159 51 69 57 9 163 58 79 43 69 0 73 84 129 92 84 95 97 136 54 61 144 86 102 62 91 93 57 144 126 90 18 46 95 76 124 27 56 61 82 73 0 83 61 53 81 123 78 103 79 26 91 108 138 102 76 124 28 85 86 132 74 113 53 91 84 57 28 42 18 84 83 0 96 42 2 176 22 59 130 99 84 164 185 49 150 175 97 92 168 174 67 87 46 19 166 71 69 101 106 129 61 96 0 54 94 181 78 77 139 85 44 166 197 137 128 183 88 31 119 192 124 161 50 113 118 38 16 54 53 92 53 42 54 0 40 168 27 51 122 76 52 155 181 84 129 168 76 56 138 173 81 114 4 59 136 55 26 41 19 84 81 2 94 40 0 175 20 57 129 97 82 163 184 51 148 174 95 90 166 173 67 88 44 21 164 130 161 134 163 95 123 176 181 168 175 0 183 218 46 97 213 15 18 157 61 4 95 208 100 25 113 129 170 171 100 55 22 55 39 97 78 22 78 27 20 183 0 39 137 97 62 171 195 71 150 183 96 70 164 185 82 107 30 41 162 89 57 94 76 136 103 59 77 51 57 218 39 0 172 127 40 206 231 107 179 218 127 54 185 221 121 145 50 77 183 84 115 89 118 54 79 130 139 122 129 46 137 172 0 54 169 34 59 116 45 46 51 164 87 53 72 95 124 126 86 42 75 67 93 61 26 99 85 76 97 97 97 127 54 0 117 82 112 106 53 98 4 111 72 107 69 106 77 102 70 87 67 106 100 144 91 84 44 52 82 213 62 40 169 117 0 198 228 132 166 214 118 14 162 221 133 165 49 103 160 117 149 123 152 86 108 164 166 155 163 15 171 206 34 82 198 0 32 148 47 17 80 193 87 35 104 123 156 160 86 143 174 143 171 102 138 185 197 181 184 18 195 231 59 112 228 32 0 162 79 15 110 223 118 15 120 130 183 178 118 75 68 41 32 62 102 49 137 84 51 157 71 107 116 106 132 148 162 0 149 154 102 139 177 148 44 42 88 30 175 95 128 114 143 91 76 150 128 129 148 61 150 179 45 53 166 47 79 149 0 64 54 158 42 82 106 137 129 152 41 130 161 133 161 93 124 175 183 168 174 4 183 218 46 98 214 17 15 154 64 0 96 209 103 21 111 126 170 169 103 41 74 63 91 57 28 97 88 76 95 95 96 127 51 4 118 80 110 102 54 96 0 113 75 104 65 102 77 100 73 86 72 110 107 144 85 92 31 56 90 208 70 54 164 111 14 193 223 139 158 209 113 0 150 217 136 170 52 111 149 111 142 138 165 126 86 168 119 138 166 100 164 185 87 72 162 87 118 177 42 103 75 150 0 122 138 172 137 174 2 135 164 132 159 90 132 174 192 173 173 25 185 221 53 107 221 35 15 148 82 21 104 217 122 0 108 115 175 166 121 53 67 28 51 18 74 67 124 81 67 113 82 121 72 69 133 104 120 44 106 111 65 136 138 108 0 39 85 58 136 91 98 60 69 46 113 87 161 114 88 129 107 145 95 106 165 123 130 42 137 126 102 170 172 115 39 0 118 71 170 40 20 58 57 95 53 46 50 4 44 170 30 50 124 77 49 156 183 88 129 170 77 52 137 175 85 118 0 63 135 64 44 38 9 76 91 19 113 59 21 171 41 77 126 102 103 160 178 30 152 169 100 111 174 166 58 71 63 0 172 109 140 136 163 124 84 166 118 136 164 100 162 183 86 70 160 86 118 175 41 103 73 149 2 121 136 170 135 172 0 
