0 127 116 65 162 120 132 83 87 159 178 164 132 13 152 174 124 81 155 124 166 176 86 131 93 173 125 108 146 92 127 0 124 63 39 79 6 81 186 99 58 84 125 136 25 48 15 100 134 131 131 54 50 55 161 63 39 77 20 118 116 124 0 93 134 49 124 154 101 69 138 87 17 113 141 154 110 166 40 8 55 138 83 78 60 121 154 170 133 184 65 63 93 0 97 70 67 61 127 109 113 106 102 74 87 109 59 75 121 101 126 111 23 70 109 109 72 77 81 94 162 39 134 97 0 85 33 119 213 90 20 69 131 171 21 20 38 138 133 140 125 16 79 56 183 32 70 112 20 155 120 79 49 70 85 0 78 127 138 39 89 46 47 122 93 105 64 144 56 55 57 89 50 29 102 73 113 138 85 163 132 6 124 67 33 78 0 87 189 97 52 80 125 141 20 42 14 106 133 131 129 48 53 53 164 57 43 82 14 124 83 81 154 61 119 127 87 0 167 163 139 155 163 96 101 123 89 19 181 162 184 135 77 119 161 143 56 25 99 37 87 186 101 127 213 138 189 167 0 169 223 184 118 75 209 230 177 168 140 105 156 222 136 163 42 209 199 191 202 179 159 99 69 109 90 39 97 163 169 0 83 22 56 161 105 109 85 181 47 69 36 85 87 45 129 63 138 169 98 200 178 58 138 113 20 89 52 139 223 83 0 61 132 186 41 30 55 158 130 142 119 4 93 60 189 20 90 132 40 175 164 84 87 106 69 46 80 155 184 22 61 0 76 167 86 88 71 174 69 88 58 63 83 36 145 41 123 158 79 192 132 125 17 102 131 47 125 163 118 56 132 76 0 129 140 151 111 177 23 13 38 133 89 75 76 113 158 177 132 196 13 136 113 74 171 122 141 96 75 161 186 167 129 0 161 183 133 94 152 121 165 184 93 136 84 179 137 121 155 105 152 25 141 87 21 93 20 101 209 105 41 86 140 161 0 23 33 120 145 147 140 37 73 65 183 53 49 91 8 136 174 48 154 109 20 105 42 123 230 109 30 88 151 183 23 0 53 142 153 160 145 26 94 76 201 48 69 112 28 157 124 15 110 59 38 64 14 89 177 85 55 71 111 133 33 53 0 108 119 117 116 52 41 40 150 55 53 88 25 126 81 100 166 75 138 144 106 19 168 181 158 174 177 94 120 142 108 0 196 174 201 154 94 138 167 162 75 36 118 19 155 134 40 121 133 56 133 181 140 47 130 69 23 152 145 153 119 196 0 35 16 131 104 80 98 110 169 192 137 215 124 131 8 101 140 55 131 162 105 69 142 88 13 121 147 160 117 174 35 0 51 143 91 84 63 124 162 178 139 192 166 131 55 126 125 57 129 184 156 36 119 58 38 165 140 145 116 201 16 51 0 121 107 76 114 99 168 195 132 220 176 54 138 111 16 89 48 135 222 85 4 63 133 184 37 26 52 154 131 143 121 0 91 60 189 23 86 128 36 171 86 50 83 23 79 50 53 77 136 87 93 83 89 93 73 94 41 94 104 91 107 91 0 47 112 87 72 88 66 113 131 55 78 70 56 29 53 119 163 45 60 36 75 136 65 76 40 138 80 84 76 60 47 0 129 46 93 124 57 156 93 161 60 109 183 102 164 161 42 129 189 145 76 84 183 201 150 167 98 63 114 189 112 129 0 175 181 183 175 182 173 63 121 109 32 73 57 143 209 63 20 41 113 179 53 48 55 162 110 124 99 23 87 46 175 0 99 139 49 180 125 39 154 72 70 113 43 56 199 138 90 123 158 137 49 69 53 75 169 162 168 86 72 93 181 99 0 43 50 88 108 77 170 77 112 138 82 25 191 169 132 158 177 121 91 112 88 36 192 178 195 128 88 124 183 139 43 0 92 47 146 20 133 81 20 85 14 99 202 98 40 79 132 155 8 28 25 118 137 139 132 36 66 57 175 49 50 92 0 135 92 118 184 94 155 163 124 37 179 200 175 192 196 105 136 157 126 19 215 192 220 171 113 156 182 180 88 47 135 0 
0 142 183 139 133 181 232 180 247 199 167 111 196 209 123 144 65 14 207 192 89 150 162 132 94 191 171 93 46 183 142 0 92 175 154 46 129 199 157 122 160 35 79 133 80 150 130 156 110 83 68 173 93 10 52 160 111 56 97 60 183 92 0 136 114 63 49 142 69 30 98 117 32 41 61 104 138 197 24 21 96 128 26 90 127 84 35 95 140 44 139 175 136 0 22 181 173 41 169 129 49 169 167 133 96 33 75 144 152 156 113 14 111 166 164 80 103 125 127 169 133 154 114 22 0 159 153 51 151 109 36 151 145 114 74 14 68 141 131 134 95 20 89 145 147 67 82 107 114 147 181 46 63 181 159 0 89 198 120 93 154 81 39 102 87 152 157 195 74 46 96 176 77 52 97 145 94 88 135 20 232 129 49 173 153 89 0 168 32 44 128 160 50 41 110 140 186 246 25 47 145 162 72 131 172 102 72 144 189 69 180 199 142 41 51 198 168 0 158 127 44 201 174 127 119 49 116 185 153 163 145 31 121 192 197 67 107 157 165 182 247 157 69 169 151 120 32 158 0 48 120 185 81 38 124 137 193 260 47 74 163 155 85 157 196 91 76 164 207 100 199 122 30 129 109 93 44 127 48 0 84 145 58 11 76 96 147 212 26 48 115 118 37 120 153 62 30 118 159 73 167 160 98 49 36 154 128 44 120 84 0 165 130 87 80 23 102 175 109 119 113 35 77 153 164 31 63 123 142 138 111 35 117 169 151 81 160 201 185 145 165 0 111 156 86 152 114 125 138 113 56 171 111 29 17 172 128 44 69 93 196 79 32 167 145 39 50 174 81 58 130 111 0 66 82 135 159 210 36 11 107 159 56 82 125 116 67 103 150 19 209 133 41 133 114 102 41 127 38 11 87 156 66 0 87 100 155 222 31 56 126 121 48 131 164 61 38 129 170 82 123 80 61 96 74 87 110 119 124 76 80 86 82 87 0 70 77 136 85 75 41 93 39 73 88 87 50 47 83 78 144 150 104 33 14 152 140 49 137 96 23 152 135 100 70 0 79 152 119 124 97 24 79 143 149 53 70 108 122 139 65 130 138 75 68 157 186 116 193 147 102 114 159 155 77 79 0 73 161 152 63 85 114 120 103 128 117 74 55 152 14 156 197 144 141 195 246 185 260 212 175 125 210 222 136 152 73 0 221 206 103 156 175 146 108 201 184 107 60 197 207 110 24 152 131 74 25 153 47 26 109 138 36 31 85 119 161 221 0 28 120 141 47 110 149 88 49 119 164 54 192 83 21 156 134 46 47 163 74 48 119 113 11 56 75 124 152 206 28 0 103 148 45 84 126 105 56 100 147 26 89 68 96 113 95 96 145 145 163 115 113 56 107 126 41 97 63 103 120 103 0 115 78 58 52 126 91 12 44 96 150 173 128 14 20 176 162 31 155 118 35 171 159 121 93 24 85 156 141 148 115 0 103 165 167 66 93 127 134 163 162 93 26 111 89 77 72 121 85 37 77 111 56 48 39 79 114 175 47 45 78 103 0 89 118 69 18 81 122 61 132 10 90 166 145 52 131 192 157 120 153 29 82 131 73 143 120 146 110 84 58 165 89 0 45 155 106 46 87 64 94 52 127 164 147 97 172 197 196 153 164 17 125 164 88 149 103 108 149 126 52 167 118 45 0 175 133 41 54 108 191 160 84 80 67 145 102 67 91 62 31 172 116 61 87 53 128 201 88 105 126 66 69 155 175 0 51 134 161 127 171 111 35 103 82 94 72 107 76 30 63 128 67 38 50 70 117 184 49 56 91 93 18 106 133 51 0 95 133 76 93 56 95 125 107 88 144 157 164 118 123 44 103 129 47 108 74 107 119 100 12 127 81 46 41 134 95 0 47 90 46 97 140 127 114 135 189 165 207 159 142 69 150 170 83 122 55 60 164 147 44 134 122 87 54 161 133 47 0 137 183 60 44 169 147 20 69 182 100 73 138 93 19 82 78 139 152 197 54 26 96 163 61 64 108 127 76 90 137 0 
0 58 115 143 196 170 176 48 187 140 93 83 138 147 37 112 63 155 126 190 114 97 152 140 65 80 174 70 66 80 58 0 70 88 139 158 121 66 157 124 49 38 116 115 77 60 55 141 112 160 106 52 132 98 101 62 133 56 12 65 115 70 0 42 96 105 71 87 89 73 22 95 60 49 110 97 61 89 67 91 71 18 76 28 119 129 63 125 58 134 143 88 42 0 56 139 33 125 107 110 54 96 95 77 146 84 100 124 107 108 112 51 110 50 159 132 74 132 77 138 196 139 96 56 0 177 26 181 132 154 110 137 139 116 202 115 156 163 154 132 163 107 149 93 215 172 98 175 130 178 170 158 105 139 177 0 152 123 55 34 116 192 45 62 142 200 109 17 46 58 56 115 29 89 128 219 80 213 148 223 176 121 71 33 26 152 0 158 110 128 87 124 113 91 179 107 132 138 128 110 137 83 124 67 190 160 76 162 110 166 48 66 87 125 181 123 158 0 146 94 71 103 95 108 23 126 26 109 80 149 68 75 106 107 35 116 138 106 65 116 187 157 89 107 132 55 110 146 0 57 109 184 51 42 168 184 124 53 70 3 84 106 45 62 163 217 34 213 145 222 140 124 73 110 154 34 128 94 57 0 82 158 15 38 115 166 77 17 14 60 27 81 13 61 106 186 66 180 114 189 93 49 22 54 110 116 87 71 109 82 0 77 72 67 92 84 46 99 73 111 73 4 88 50 105 109 85 105 37 113 83 38 95 96 137 192 124 103 184 158 77 0 149 143 111 29 93 175 147 186 142 79 165 123 136 36 158 38 45 42 138 116 60 95 139 45 113 95 51 15 72 149 0 23 117 155 75 29 20 54 34 70 16 46 112 178 53 172 106 181 147 115 49 77 116 62 91 108 42 38 67 143 23 0 131 145 84 47 42 45 55 64 33 27 129 175 31 171 103 180 37 77 110 146 202 142 179 23 168 115 92 111 117 131 0 137 49 129 101 171 88 96 127 130 28 116 161 106 79 116 112 60 97 84 115 200 107 126 184 166 84 29 155 145 137 0 112 183 157 186 155 85 171 122 161 58 154 63 62 64 63 55 61 100 156 109 132 26 124 77 46 93 75 84 49 112 0 93 63 127 54 49 89 81 59 114 113 106 50 116 155 141 89 124 163 17 138 109 53 17 99 175 29 47 129 183 93 0 30 56 41 98 14 74 117 203 71 197 131 206 126 112 67 107 154 46 128 80 70 14 73 147 20 42 101 157 63 30 0 73 14 72 26 61 93 173 73 167 102 177 190 160 91 108 132 58 110 149 3 60 111 186 54 45 171 186 127 56 73 0 87 108 48 64 166 220 35 216 148 224 114 106 71 112 163 56 137 68 84 27 73 142 34 55 88 155 54 41 14 87 0 73 40 70 79 167 86 160 97 170 97 52 18 51 107 115 83 75 106 81 4 79 70 64 96 85 49 98 72 108 73 0 86 46 108 112 81 108 40 116 152 132 76 110 149 29 124 106 45 13 88 165 16 33 127 171 89 14 26 48 40 86 0 60 119 194 58 188 122 197 140 98 28 50 93 89 67 107 62 61 50 123 46 27 130 122 81 74 61 64 70 46 60 0 135 157 35 153 86 162 65 101 119 159 215 128 190 35 163 106 105 136 112 129 28 161 59 117 93 166 79 108 119 135 0 144 160 134 100 144 80 62 129 132 172 219 160 116 217 186 109 36 178 175 116 58 114 203 173 220 167 112 194 157 144 0 192 10 72 6 174 133 63 74 98 80 76 138 34 66 85 158 53 31 161 154 113 71 73 35 86 81 58 35 160 192 0 188 121 197 70 56 125 132 175 213 162 106 213 180 105 38 172 171 106 63 106 197 167 216 160 108 188 153 134 10 188 0 68 10 66 12 58 77 130 148 110 65 145 114 37 45 106 103 79 62 50 131 102 148 97 40 122 86 100 72 121 68 0 77 80 65 134 138 178 223 166 116 222 189 113 42 181 180 116 64 116 206 177 224 170 116 197 162 144 6 197 10 77 0 
0 94 140 99 77 111 109 145 59 60 55 88 33 104 47 107 77 96 108 107 54 23 120 85 96 81 124 123 43 70 94 0 85 93 78 201 183 137 129 148 43 127 119 140 68 91 64 189 201 117 147 80 99 178 151 139 99 112 134 54 140 85 0 59 70 218 177 74 138 171 112 110 147 115 139 49 146 214 222 79 192 139 44 203 136 132 40 57 162 70 99 93 59 0 23 160 118 49 80 115 95 51 96 57 117 10 134 157 164 25 144 107 21 147 77 73 26 24 110 43 77 78 70 23 0 148 114 72 68 101 74 51 77 63 94 30 113 144 152 41 124 84 43 133 76 68 47 47 92 24 111 201 218 160 148 0 56 182 80 53 165 112 82 117 157 170 187 23 12 147 78 133 180 29 92 88 185 173 68 159 109 183 177 118 114 56 0 131 55 57 156 67 76 66 156 128 186 70 67 101 104 132 136 66 42 46 141 127 72 132 145 137 74 49 72 182 131 0 112 148 144 72 135 65 166 47 183 186 190 39 185 156 38 177 90 95 38 26 147 92 59 129 138 80 68 80 55 112 0 36 101 41 30 53 103 90 132 77 84 73 75 81 101 67 38 23 106 98 36 80 60 148 171 115 101 53 57 148 36 0 113 76 29 87 107 125 137 43 53 109 48 83 136 32 66 55 141 134 17 108 55 43 112 95 74 165 156 144 101 113 0 112 84 128 27 98 39 151 163 115 105 38 110 140 131 117 112 118 97 52 88 127 110 51 51 112 67 72 41 76 112 0 67 16 124 61 150 115 119 35 116 106 69 105 26 24 74 61 77 73 33 119 147 96 77 82 76 135 30 29 84 67 0 82 80 105 110 70 82 96 50 56 117 59 68 53 122 117 15 81 104 140 115 57 63 117 66 65 53 87 128 16 82 0 140 66 166 122 125 36 128 122 71 114 25 32 76 61 89 86 47 68 139 117 94 157 156 166 103 107 27 124 80 140 0 121 30 140 152 133 88 24 133 129 138 123 135 141 90 75 107 91 49 10 30 170 128 47 90 125 98 61 105 66 121 0 137 167 174 32 153 113 13 157 87 83 17 21 120 46 77 64 146 134 113 187 186 183 132 137 39 150 110 166 30 137 0 169 181 154 115 54 149 158 166 151 151 157 120 91 96 189 214 157 144 23 70 186 77 43 151 115 70 122 140 167 169 0 14 150 57 117 178 11 98 91 183 175 55 151 108 201 222 164 152 12 67 190 84 53 163 119 82 125 152 174 181 14 0 154 71 129 185 23 100 95 190 180 67 161 107 117 79 25 41 147 101 39 73 109 115 35 96 36 133 32 154 150 154 0 146 120 35 140 59 59 40 26 108 65 54 147 192 144 124 78 104 185 75 48 105 116 50 128 88 153 115 57 71 146 0 68 165 49 112 98 170 166 39 123 23 80 139 107 84 133 132 156 81 83 38 106 56 122 24 113 54 117 129 120 68 0 126 106 117 102 130 131 66 71 120 99 44 21 43 180 136 38 101 136 110 69 117 71 133 13 149 178 185 35 165 126 0 168 94 92 5 14 131 58 85 178 203 147 133 29 66 177 67 32 140 105 59 114 129 157 158 11 23 140 49 106 168 0 91 82 173 165 44 140 96 151 136 77 76 92 42 90 38 66 131 26 68 25 138 87 166 98 100 59 112 117 94 91 0 15 99 85 73 97 81 139 132 73 68 88 46 95 23 55 117 24 53 32 123 83 151 91 95 59 98 102 92 82 15 0 97 85 59 86 124 99 40 26 47 185 141 38 106 141 112 74 122 76 135 17 151 183 190 40 170 130 5 173 99 97 0 17 136 60 123 112 57 24 47 173 127 26 98 134 118 61 117 61 141 21 157 175 180 26 166 131 14 165 85 85 17 0 130 66 43 134 162 110 92 68 72 147 36 17 97 77 15 89 90 120 120 55 67 108 39 66 131 44 73 59 136 130 0 96 70 54 70 43 24 159 132 92 80 108 52 73 81 86 75 46 91 151 161 65 123 71 58 140 97 86 60 66 96 0 
0 115 70 182 157 139 89 106 54 185 151 156 105 153 172 189 217 131 54 159 193 124 178 142 72 214 132 121 86 113 115 0 62 79 61 142 97 28 67 95 55 157 18 60 64 150 132 50 102 49 155 113 84 118 124 111 146 81 84 28 70 62 0 114 120 95 42 71 53 116 114 112 64 83 107 129 147 61 40 111 134 71 108 85 62 144 94 55 30 77 182 79 114 0 108 143 126 106 143 28 106 152 97 31 19 112 61 53 149 77 117 117 17 109 162 32 152 86 115 103 157 61 120 108 0 203 158 51 103 134 6 218 56 106 89 204 169 105 158 31 209 174 121 178 182 132 207 141 145 45 139 142 95 143 203 0 55 162 147 124 197 17 153 117 148 67 132 104 85 185 69 29 127 35 69 162 13 64 65 166 89 97 42 126 158 55 0 111 92 116 152 72 103 95 125 100 140 75 35 144 104 35 115 53 37 153 52 42 13 116 106 28 71 106 51 162 111 0 53 123 45 178 10 88 89 176 160 77 107 55 181 134 111 141 132 137 163 104 98 7 54 67 53 143 103 147 92 53 0 153 97 164 54 118 130 182 188 98 72 108 187 124 143 138 98 175 144 106 82 60 185 95 116 28 134 124 116 123 153 0 131 130 113 35 45 86 37 55 146 103 90 101 13 89 153 38 135 74 109 122 151 55 114 106 6 197 152 45 97 131 0 212 50 102 87 200 167 100 152 29 205 168 118 173 176 130 201 136 139 39 156 157 112 152 218 17 72 178 164 130 212 0 168 127 158 62 134 117 102 198 63 44 135 43 85 168 25 77 82 181 105 18 64 97 56 153 103 10 54 113 50 168 0 78 81 166 150 67 102 54 171 124 102 131 126 129 154 94 90 13 153 60 83 31 106 117 95 88 118 35 102 127 78 0 31 100 72 22 118 78 105 90 25 84 131 61 125 56 84 88 172 64 107 19 89 148 125 89 130 45 87 158 81 31 0 126 80 50 144 58 131 121 33 115 160 48 156 87 113 85 189 150 129 112 204 67 100 176 182 86 200 62 166 100 126 0 77 100 135 178 5 66 95 47 130 119 80 76 104 178 217 132 147 61 169 132 140 160 188 37 167 134 150 72 80 77 0 90 171 138 80 116 50 99 177 48 145 98 134 159 131 50 61 53 105 104 75 77 98 55 100 117 67 22 50 100 90 0 96 82 105 75 47 74 110 83 110 40 63 78 54 102 40 149 158 85 35 107 72 146 152 102 102 118 144 135 171 96 0 151 139 70 141 88 26 179 78 73 37 114 159 49 111 77 31 185 144 55 108 103 29 198 54 78 58 178 138 82 151 0 183 156 90 156 173 101 190 121 131 49 193 155 134 117 209 69 104 181 187 90 205 63 171 105 131 5 80 105 139 183 0 70 100 51 133 122 82 81 108 183 124 113 71 117 174 29 35 134 124 101 168 44 124 90 121 66 116 75 70 156 70 0 103 19 65 139 35 35 42 137 178 84 108 17 121 127 115 111 143 13 118 135 102 25 33 95 50 47 141 90 100 103 0 92 152 38 137 73 106 110 142 118 85 109 178 35 53 141 138 89 173 43 131 84 115 47 99 74 88 156 51 19 92 0 84 127 46 37 57 144 72 124 62 162 182 69 37 132 98 153 176 85 126 131 160 130 177 110 26 173 133 65 152 84 0 190 60 79 47 139 214 111 144 32 132 162 153 137 175 38 130 168 129 61 48 119 48 83 179 101 122 139 38 127 190 0 173 111 144 133 132 146 94 152 207 13 52 163 144 135 201 25 154 125 156 80 145 110 78 190 82 35 137 46 60 173 0 70 65 167 121 81 55 86 141 64 42 104 106 74 136 77 94 56 87 76 98 40 73 121 81 35 73 37 79 111 70 0 36 107 86 84 30 115 145 65 13 98 82 109 139 82 90 84 113 104 134 63 37 131 108 42 106 57 47 144 65 36 0 103 113 28 77 103 45 166 116 7 60 122 39 181 13 88 85 178 159 78 114 49 183 137 110 144 139 133 167 107 103 0 
0 67 55 37 80 9 91 33 129 82 57 88 109 117 84 166 37 108 19 26 65 96 112 61 20 73 44 136 18 62 67 0 122 65 52 58 158 54 169 15 78 129 76 75 17 198 102 148 48 44 126 127 114 128 87 41 37 176 50 28 55 122 0 84 119 64 49 74 134 137 98 103 161 172 139 175 42 119 74 78 59 118 151 8 35 128 99 141 73 110 37 65 84 0 98 33 105 60 106 77 20 65 77 89 79 139 48 85 34 44 63 67 75 87 52 48 28 113 36 74 80 52 119 98 0 73 165 48 203 59 117 162 128 127 61 237 116 182 66 56 145 165 161 127 92 92 77 210 65 26 9 58 64 33 73 0 100 29 132 73 53 91 101 108 75 168 45 111 10 17 72 97 108 70 29 64 35 139 9 53 91 158 49 105 165 100 0 118 108 173 111 90 180 193 175 149 58 99 110 117 48 108 152 41 74 153 128 114 109 153 33 54 74 60 48 29 118 0 161 69 80 120 116 121 71 197 68 140 27 18 97 126 133 81 44 77 51 168 24 36 129 169 134 106 203 132 108 161 0 179 91 41 141 158 180 41 101 21 137 147 75 44 87 130 129 139 132 7 138 180 82 15 137 77 59 73 173 69 179 0 88 139 73 68 2 206 117 158 63 59 140 136 116 143 102 43 49 185 65 39 57 78 98 20 117 53 111 80 91 88 0 51 69 83 89 121 58 70 54 64 64 49 55 100 70 51 42 98 56 92 88 129 103 65 162 91 90 120 41 139 51 0 110 127 140 78 64 20 96 106 45 18 67 101 90 102 92 48 97 139 109 76 161 77 128 101 180 116 141 73 69 110 0 17 72 153 125 122 94 100 133 98 57 164 128 39 67 145 97 104 117 75 172 89 127 108 193 121 158 68 83 127 17 0 66 170 137 139 100 105 147 115 74 176 137 44 73 162 103 103 84 17 139 79 61 75 175 71 180 2 89 140 72 66 0 206 119 159 65 61 142 137 117 145 104 44 51 186 67 41 166 198 175 139 237 168 149 197 41 206 121 78 153 170 206 0 141 58 172 182 116 72 96 171 168 163 163 35 174 213 37 102 42 48 116 45 58 68 101 117 58 64 125 137 119 141 0 83 55 62 29 77 109 42 28 96 70 108 54 98 108 148 119 85 182 111 99 140 21 158 70 20 122 139 159 58 83 0 116 126 60 24 71 116 110 118 111 28 117 159 19 48 74 34 66 10 110 27 137 63 54 96 94 100 65 172 55 116 0 10 81 100 106 80 39 56 27 144 3 45 26 44 78 44 56 17 117 18 147 59 64 106 100 105 61 182 62 126 10 0 89 110 115 85 44 61 33 154 9 36 65 126 59 63 145 72 48 97 75 140 64 45 133 147 142 116 29 60 81 89 0 62 104 56 57 111 91 82 81 125 96 127 118 67 165 97 108 126 44 136 49 18 98 115 137 72 77 24 100 110 62 0 50 116 101 95 91 49 102 141 112 114 151 75 161 108 152 133 87 116 55 67 57 74 117 96 109 71 106 115 104 50 0 151 125 73 85 90 109 135 61 128 8 87 127 70 41 81 130 143 100 101 164 176 145 171 42 116 80 85 56 116 151 0 41 133 105 137 79 117 20 87 35 52 92 29 74 44 129 102 70 90 128 137 104 168 28 110 39 44 57 101 125 41 0 93 64 136 38 79 73 41 128 48 92 64 153 77 139 43 51 102 39 44 44 163 96 118 56 61 111 95 73 133 93 0 29 144 59 66 44 37 99 28 77 35 128 51 132 49 42 92 67 73 51 163 70 111 27 33 91 91 85 105 64 29 0 139 30 51 136 176 141 113 210 139 114 168 7 185 98 48 145 162 186 35 108 28 144 154 82 49 90 137 136 144 139 0 145 187 18 50 73 36 65 9 109 24 138 65 56 97 97 103 67 174 54 117 3 9 81 102 109 79 38 59 30 145 0 45 62 28 110 74 26 53 153 36 180 39 92 139 104 103 41 213 98 159 45 36 125 141 135 117 79 66 51 187 45 0 
0 38 133 80 139 167 71 108 169 128 69 168 58 50 74 60 31 176 110 157 107 133 96 59 110 172 165 83 71 174 38 0 111 52 147 159 42 102 140 99 85 159 41 21 101 25 8 157 112 160 119 149 58 22 89 135 146 53 40 138 133 111 0 59 105 67 69 49 54 37 104 61 148 127 132 119 118 46 73 98 103 131 101 114 23 96 35 61 133 83 80 52 59 0 122 114 10 64 89 48 82 111 89 68 108 60 59 105 83 127 103 135 54 55 38 99 94 7 75 96 139 147 105 122 0 68 126 61 158 138 70 76 186 168 80 169 148 110 39 25 33 32 176 164 99 200 108 129 184 188 167 159 67 114 68 0 124 59 108 104 111 10 200 180 134 174 164 47 62 47 88 100 165 169 77 160 49 119 189 145 71 42 69 10 126 124 0 70 99 58 81 121 79 58 106 50 49 115 88 133 105 137 50 45 48 104 104 12 65 103 108 102 49 64 61 59 70 0 103 77 60 60 143 123 87 119 106 75 24 63 54 82 118 114 38 139 67 70 134 130 169 140 54 89 158 108 99 103 0 41 156 99 169 150 184 138 148 66 127 148 157 185 105 134 71 56 59 87 147 38 128 99 37 48 138 104 58 77 41 0 121 97 130 111 149 99 107 76 101 134 129 159 71 94 39 62 65 46 110 53 69 85 104 82 70 111 81 60 156 121 0 117 121 106 28 110 84 135 49 90 38 65 129 106 85 180 127 89 125 174 168 159 61 111 76 10 121 60 99 97 117 0 200 179 140 171 164 37 68 57 95 108 161 166 73 152 40 115 186 136 58 41 148 89 186 200 79 143 169 130 121 200 0 21 132 31 38 194 152 200 157 186 70 36 127 152 183 89 27 161 50 21 127 68 168 180 58 123 150 111 106 179 21 0 120 13 22 173 133 181 140 170 54 17 106 136 162 68 21 143 74 101 132 108 80 134 106 87 184 149 28 140 132 120 0 126 98 161 72 103 48 63 151 123 113 207 154 115 140 202 60 25 119 60 169 174 50 119 138 99 110 171 31 13 126 0 29 165 132 180 143 174 41 5 98 123 154 58 15 130 31 8 118 59 148 164 49 106 148 107 84 164 38 22 98 29 0 164 114 162 119 149 65 28 96 143 153 61 42 146 176 157 46 105 110 47 115 75 66 76 135 37 194 173 161 165 164 0 91 93 122 142 146 160 68 121 11 107 179 104 110 112 73 83 39 62 88 24 127 101 49 68 152 133 72 132 114 91 0 48 31 58 137 127 62 163 85 90 147 154 157 160 98 127 25 47 133 63 148 134 90 57 200 181 103 180 162 93 48 0 55 56 181 175 98 194 93 133 195 181 107 119 103 103 33 88 105 54 157 129 38 95 157 140 48 143 119 122 31 55 0 32 155 138 90 191 116 110 158 182 133 149 131 135 32 100 137 82 185 159 65 108 186 170 63 174 149 142 58 56 32 0 187 169 120 221 138 142 189 212 96 58 101 54 176 165 50 118 105 71 129 161 70 54 151 41 65 146 137 181 155 187 0 39 88 82 135 48 44 91 59 22 114 55 164 169 45 114 134 94 106 166 36 17 123 5 28 160 127 175 138 169 39 0 93 120 149 53 20 126 110 89 23 38 99 77 48 38 71 39 85 73 127 106 113 98 96 68 62 98 90 120 88 93 0 101 57 42 113 92 172 135 96 99 200 160 104 139 56 62 180 152 152 136 207 123 143 121 163 194 191 221 82 120 101 0 113 93 126 18 165 146 35 94 108 49 104 67 59 65 127 40 183 162 154 154 153 11 85 93 116 138 135 149 57 113 0 96 168 97 83 53 61 7 129 119 12 70 87 46 89 115 89 68 115 58 61 107 90 133 110 142 48 53 42 93 96 0 72 91 71 40 133 75 184 189 65 134 147 110 125 186 27 21 140 15 42 179 147 195 158 189 44 20 113 126 168 72 0 135 174 138 83 96 188 145 103 130 38 53 174 136 161 143 202 130 146 104 154 181 182 212 91 126 92 18 97 91 135 0 
0 104 72 65 55 83 121 94 109 15 138 76 141 49 75 59 65 33 129 34 108 127 77 105 70 32 105 52 81 167 104 0 174 77 159 21 110 110 20 118 145 85 89 137 79 116 153 112 168 86 26 26 71 98 163 113 85 70 102 78 72 174 0 134 36 153 182 122 181 63 191 118 210 44 122 81 79 86 166 103 173 195 146 143 72 64 149 110 140 239 65 77 134 0 107 61 57 134 68 71 83 109 76 114 105 115 85 50 94 31 95 103 12 136 98 94 129 79 28 111 55 159 36 107 0 138 151 132 162 42 156 122 182 57 124 91 43 57 130 79 163 182 119 150 36 66 153 105 109 216 83 21 153 61 138 0 104 99 31 97 137 73 93 117 67 99 133 92 155 66 34 45 59 90 143 93 79 52 89 93 121 110 182 57 151 104 0 190 93 122 35 165 47 170 160 172 116 96 72 87 135 132 50 190 129 151 181 135 42 102 94 110 122 134 132 99 190 0 128 106 217 26 190 78 32 41 157 126 219 113 91 115 140 23 160 68 35 55 160 188 109 20 181 68 162 31 93 128 0 121 128 102 69 147 96 130 150 111 155 85 46 39 60 117 162 123 105 83 91 62 15 118 63 71 42 97 122 106 121 0 136 89 147 50 89 69 51 28 123 40 123 141 83 119 56 40 119 67 81 177 138 145 191 83 156 137 35 217 128 136 0 192 78 186 188 194 116 108 46 107 169 167 79 219 128 170 211 162 58 134 76 85 118 109 122 73 165 26 102 89 192 0 164 74 6 40 140 106 196 90 69 93 115 30 145 57 31 30 135 163 141 89 210 76 182 93 47 190 69 147 78 164 0 189 159 182 154 125 119 107 115 106 64 183 167 166 172 139 77 56 49 137 44 114 57 117 170 78 147 50 186 74 189 0 78 37 92 78 172 83 133 156 126 99 91 24 105 70 130 208 75 79 122 105 124 67 160 32 96 89 188 6 159 78 0 44 140 104 192 86 63 87 110 31 145 59 30 26 131 157 59 116 81 115 91 99 172 41 130 69 194 40 182 37 44 0 119 92 188 87 106 130 124 62 120 29 68 47 136 192 65 153 79 85 43 133 116 157 150 51 116 140 154 92 140 119 0 41 87 67 165 178 97 170 13 90 170 116 77 196 33 112 86 50 57 92 96 126 111 28 108 106 125 78 104 92 41 0 96 26 124 137 62 135 51 65 134 79 54 161 129 168 166 94 130 155 72 219 155 123 46 196 119 172 192 188 87 96 0 106 189 194 97 223 97 161 221 166 66 174 34 86 103 31 79 66 87 113 85 40 107 90 107 83 86 87 67 26 106 0 98 111 43 117 77 64 115 60 49 137 108 26 173 95 163 34 135 91 46 123 169 69 115 133 63 106 165 124 189 98 0 24 93 75 174 109 62 63 123 100 127 26 195 103 182 45 132 115 39 141 167 93 106 156 87 130 178 137 194 111 24 0 97 97 188 132 84 86 128 79 77 71 146 12 119 59 50 140 60 83 79 115 64 126 110 124 97 62 97 43 93 97 0 140 110 104 132 85 31 99 105 98 143 136 150 90 190 23 117 119 219 30 183 99 31 62 170 135 223 117 75 97 140 0 175 84 13 57 162 175 70 163 72 98 36 143 129 160 162 56 128 145 167 91 145 120 13 51 97 77 174 188 110 175 0 92 175 122 90 209 32 113 64 94 66 93 151 68 123 40 170 57 166 24 59 29 90 65 161 64 109 132 104 84 92 0 88 46 112 184 105 85 149 129 153 79 181 35 105 119 211 31 172 105 30 68 170 134 221 115 62 84 132 13 175 88 0 55 157 162 52 70 110 79 105 52 135 55 83 67 162 30 139 70 26 47 116 79 166 60 63 86 85 57 122 46 55 0 105 145 81 102 140 28 109 89 42 160 91 81 58 135 77 130 131 136 77 54 66 49 123 128 31 162 90 112 157 105 0 124 167 78 239 111 216 93 102 188 62 177 134 163 56 208 157 192 196 161 174 137 100 79 99 175 209 184 162 145 124 0 
0 72 111 86 88 46 85 112 79 105 73 81 103 47 83 111 28 68 104 96 91 56 98 65 99 45 112 148 65 37 72 0 177 158 158 93 156 183 84 151 134 127 147 114 137 157 99 140 153 156 163 120 152 91 132 116 140 213 91 108 111 177 0 43 26 89 73 85 130 155 112 72 72 64 130 67 95 62 60 32 66 57 138 157 93 88 105 37 107 91 86 158 43 0 21 84 30 47 132 112 69 86 96 51 87 96 62 21 87 58 24 50 95 119 111 50 125 78 109 56 88 158 26 21 0 74 51 68 120 130 86 69 77 45 104 75 70 36 67 38 45 40 115 131 93 62 107 63 97 65 46 93 89 84 74 0 98 125 49 145 104 37 59 33 119 68 58 75 61 63 100 34 134 111 53 70 66 121 26 64 85 156 73 30 51 98 0 27 147 83 42 110 123 66 60 124 57 24 115 88 10 69 65 100 135 40 150 106 124 48 112 183 85 47 68 125 27 0 174 88 58 133 143 92 71 143 84 50 134 105 25 93 70 119 158 67 172 110 151 75 79 84 130 132 120 49 147 174 0 184 148 60 74 82 161 84 101 124 84 100 149 82 176 140 53 116 57 157 23 109 105 151 155 112 130 145 83 88 184 0 44 171 189 123 26 193 87 94 185 162 93 130 18 61 194 78 209 189 169 81 73 134 112 69 86 104 42 58 148 44 0 128 146 80 18 150 47 50 141 118 52 87 30 61 152 35 167 147 130 40 81 127 72 86 69 37 110 133 60 171 128 0 22 48 145 31 86 86 26 40 108 42 158 145 25 93 40 97 39 90 103 147 72 96 77 59 123 143 74 189 146 22 0 66 163 10 106 101 12 40 119 59 176 167 23 111 33 88 57 108 47 114 64 51 45 33 66 92 82 123 80 48 66 0 97 72 40 42 63 49 67 9 110 103 72 45 87 101 59 42 83 137 130 87 104 119 60 71 161 26 18 145 163 97 0 167 61 68 159 136 70 104 15 54 168 52 183 165 144 55 111 157 67 96 75 68 124 143 84 193 150 31 10 72 167 0 112 103 9 38 120 63 180 174 33 115 40 80 67 113 28 99 95 62 70 58 57 84 101 87 47 86 106 40 61 112 0 42 103 88 64 49 76 64 108 17 123 132 83 9 68 140 62 21 36 75 24 50 124 94 50 86 101 42 68 103 42 0 94 68 25 45 79 98 111 29 126 98 101 35 104 153 60 87 67 61 115 134 84 185 141 26 12 63 159 9 103 94 0 29 111 55 171 166 35 107 45 77 64 105 96 156 32 58 38 63 88 105 100 162 118 40 40 49 136 38 88 68 29 0 82 40 147 152 61 87 73 58 77 87 91 163 66 24 45 100 10 25 149 93 52 108 119 67 70 120 64 25 111 82 0 68 75 110 133 47 148 96 126 55 56 120 57 50 40 34 69 93 82 130 87 42 59 9 104 63 49 45 55 40 68 0 117 112 67 52 82 93 59 50 98 152 138 95 115 134 65 70 176 18 30 158 176 110 15 180 76 79 171 147 75 117 0 65 182 65 197 171 159 70 65 91 157 119 131 111 100 119 140 61 61 145 167 103 54 174 64 98 166 152 110 112 65 0 164 69 177 194 130 66 99 132 93 111 93 53 135 158 53 194 152 25 23 72 168 33 108 111 35 61 133 67 182 164 0 117 15 111 41 113 45 116 88 50 62 70 40 67 116 78 35 93 111 45 52 115 17 29 107 87 47 52 65 69 117 0 132 125 96 8 112 140 105 125 107 66 150 172 57 209 167 40 33 87 183 40 123 126 45 73 148 82 197 177 15 132 0 120 50 128 148 213 37 78 63 121 106 110 157 189 147 97 88 101 165 80 132 98 77 58 96 93 171 194 111 125 120 0 135 128 65 91 107 109 97 26 124 151 23 169 130 39 57 59 144 67 83 101 64 77 126 59 159 130 41 96 50 135 0 90 37 108 91 56 65 64 48 75 109 81 40 90 108 42 55 113 9 35 105 87 55 50 70 66 113 8 128 128 90 0 
0 89 89 48 99 124 83 94 66 103 177 59 30 103 64 163 121 164 135 92 79 122 62 55 62 78 108 113 69 113 89 0 178 108 99 136 171 175 25 141 172 90 60 141 120 174 201 225 117 122 152 180 28 76 27 74 63 182 22 175 89 178 0 95 162 171 20 48 155 134 226 123 119 135 100 201 75 139 200 137 75 117 151 129 151 152 190 94 158 107 48 108 95 0 67 82 100 120 94 55 137 28 67 55 16 119 93 121 105 48 44 77 88 37 82 58 98 75 96 69 99 99 162 67 0 37 167 186 102 54 80 41 98 53 64 75 145 144 38 36 99 101 97 44 86 27 50 115 102 101 124 136 171 82 37 0 179 201 137 40 55 65 129 39 71 40 136 121 44 34 99 84 132 74 121 62 84 103 137 86 83 171 20 100 167 179 0 28 147 145 234 126 111 145 108 212 95 158 205 145 88 133 143 129 145 153 189 112 150 123 94 175 48 120 186 201 28 0 150 169 256 145 116 170 130 236 123 186 224 167 115 161 147 145 150 169 202 140 153 151 66 25 155 94 102 137 147 150 0 135 179 82 36 134 108 177 184 215 126 117 137 170 6 68 16 75 77 169 3 163 103 141 134 55 54 40 145 169 135 0 92 53 117 1 40 67 96 90 81 19 60 47 129 67 120 68 103 64 136 48 177 172 226 137 80 55 234 256 179 92 0 118 178 91 126 32 183 153 55 89 152 127 175 124 164 106 109 149 179 132 59 90 123 28 41 65 126 145 82 53 118 0 66 53 32 105 117 135 79 37 69 90 76 14 67 30 70 94 83 85 30 60 119 67 98 129 111 116 36 117 178 66 0 117 83 169 151 188 131 103 106 144 32 55 34 73 92 140 39 136 103 141 135 55 53 39 145 170 134 1 91 53 117 0 41 67 97 91 80 19 61 48 128 66 119 68 103 65 135 49 64 120 100 16 64 71 108 130 108 40 126 32 83 41 0 106 85 107 100 37 37 62 102 45 95 61 101 62 110 55 163 174 201 119 75 40 212 236 177 67 32 105 169 67 106 0 153 121 65 71 126 96 172 114 161 102 116 119 177 102 121 201 75 93 145 136 95 123 184 96 183 117 151 97 85 153 0 65 176 110 49 57 178 130 174 146 186 34 186 51 164 225 139 121 144 121 158 186 215 90 153 135 188 91 107 121 65 0 165 109 85 45 209 149 201 158 193 51 217 52 135 117 200 105 38 44 205 224 126 81 55 79 131 80 100 65 176 165 0 67 134 127 122 80 111 58 54 145 125 129 92 122 137 48 36 34 145 167 117 19 89 37 103 19 37 71 110 109 67 0 67 66 111 49 102 49 84 79 118 65 79 152 75 44 99 99 88 115 137 60 152 69 106 61 37 126 49 85 134 67 0 48 131 81 126 98 138 34 139 38 122 180 117 77 101 84 133 161 170 47 127 90 144 48 62 96 57 45 127 66 48 0 164 104 156 113 150 24 172 10 62 28 151 88 97 132 143 147 6 129 175 76 32 128 102 172 178 209 122 111 131 164 0 62 11 70 74 163 8 157 55 76 129 37 44 74 129 145 68 67 124 14 55 66 45 114 130 149 80 49 81 104 62 0 53 24 61 107 69 99 62 27 151 82 86 121 145 150 16 120 164 67 34 119 95 161 174 201 111 102 126 156 11 53 0 59 64 157 16 150 78 74 152 58 27 62 153 169 75 68 106 30 73 68 61 102 146 158 58 49 98 113 70 24 59 0 40 121 75 110 108 63 190 98 50 84 189 202 77 103 109 70 92 103 101 116 186 193 54 84 138 150 74 61 64 40 0 160 76 148 113 182 94 75 115 103 112 140 169 64 149 94 140 65 62 119 34 51 145 79 34 24 163 107 157 121 160 0 171 17 69 22 158 96 102 137 150 153 3 136 179 83 39 135 110 177 186 217 125 118 139 172 8 69 16 75 76 171 0 165 113 175 107 69 101 86 123 151 163 48 132 85 136 49 55 102 51 52 129 65 38 10 157 99 150 110 148 17 165 0 
0 127 137 139 124 35 109 84 19 74 142 155 47 141 28 96 113 60 35 148 64 57 124 39 36 69 83 70 94 130 127 0 98 75 61 92 31 47 121 194 108 114 155 114 133 87 58 185 148 116 180 184 4 120 117 108 174 115 55 42 137 98 0 26 37 113 71 80 119 210 10 19 133 17 122 41 146 173 135 18 157 179 94 104 153 167 129 173 58 138 139 75 26 0 18 110 52 68 123 213 36 39 142 43 129 48 128 180 142 43 168 186 72 111 149 157 145 163 48 117 124 61 37 18 0 94 35 50 110 198 47 54 133 53 117 41 111 168 130 55 159 174 57 99 132 139 139 145 31 101 35 92 113 110 94 0 74 49 32 106 119 132 70 120 47 73 84 93 60 127 92 92 89 42 40 61 99 66 63 98 109 31 71 52 35 74 0 25 99 180 81 89 130 86 110 56 76 162 125 89 156 164 27 95 108 109 145 116 24 68 84 47 80 68 50 49 25 0 75 155 89 99 108 93 87 52 70 139 102 98 133 139 43 73 84 89 127 95 22 70 19 121 119 123 110 32 99 75 0 91 123 137 38 122 15 78 116 64 28 129 60 65 118 20 52 83 70 85 81 130 74 194 210 213 198 106 180 155 91 0 214 228 92 213 91 169 164 62 83 220 84 48 192 108 78 101 124 97 168 186 142 108 10 36 47 119 81 89 123 214 0 14 133 7 124 46 156 173 136 9 157 180 104 106 159 174 126 180 67 148 155 114 19 39 54 132 89 99 137 228 14 0 147 17 138 59 165 187 150 10 170 194 111 120 172 186 139 192 77 155 47 155 133 142 133 70 130 108 38 92 133 147 0 131 23 94 154 40 13 138 26 49 151 35 83 116 37 117 109 168 141 114 17 43 53 120 86 93 122 213 7 17 131 0 123 47 160 171 134 7 153 178 110 105 160 177 122 183 71 154 28 133 122 129 117 47 110 87 15 91 124 138 23 123 0 81 131 53 15 130 47 57 130 18 64 96 56 98 90 145 96 87 41 48 41 73 56 52 78 169 46 59 94 47 81 0 122 132 94 54 120 138 83 63 113 130 98 136 33 120 113 58 146 128 111 84 76 70 116 164 156 165 154 160 131 122 0 173 144 164 176 167 60 125 87 64 182 70 90 25 60 185 173 180 168 93 162 139 64 62 173 187 40 171 53 132 173 0 38 178 22 14 182 69 89 122 63 122 143 190 35 148 135 142 130 60 125 102 28 83 136 150 13 134 15 94 144 38 0 141 32 44 145 31 71 104 50 105 105 158 148 116 18 43 55 127 89 98 129 220 9 10 138 7 130 54 164 178 141 0 160 185 112 112 167 183 129 189 76 156 64 180 157 168 159 92 156 133 60 84 157 170 26 153 47 120 176 22 32 160 0 36 176 61 98 131 41 132 135 190 57 184 179 186 174 92 164 139 65 48 180 194 49 178 57 138 167 14 44 185 36 0 181 75 82 114 77 113 146 186 124 4 94 72 57 89 27 43 118 192 104 111 151 110 130 83 60 182 145 112 176 181 0 116 115 108 170 115 51 45 39 120 104 111 99 42 95 73 20 108 106 120 35 105 18 63 125 69 31 112 61 75 116 0 71 100 57 103 74 136 36 117 153 149 132 40 108 84 52 78 159 172 83 160 64 113 87 89 71 167 98 82 115 71 0 33 119 34 101 109 69 108 167 157 139 61 109 89 83 101 174 186 116 177 96 130 64 122 104 183 131 114 108 100 33 0 152 7 109 88 83 174 129 145 139 99 145 127 70 124 126 139 37 122 56 98 182 63 50 129 41 77 170 57 119 152 0 153 121 193 70 115 173 163 145 66 116 95 85 97 180 192 117 183 98 136 70 122 105 189 132 113 115 103 34 7 153 0 116 95 94 55 58 48 31 63 24 22 81 168 67 77 109 71 90 33 90 143 105 76 135 146 51 74 101 109 121 116 0 87 130 42 138 117 101 98 68 70 130 186 148 155 168 154 145 120 25 190 158 156 190 186 45 136 109 88 193 95 87 0 
0 157 87 61 123 134 171 96 62 26 43 83 92 145 34 155 196 160 85 31 103 162 117 145 127 136 69 89 143 113 157 0 82 107 180 26 115 61 166 133 130 177 91 26 164 8 91 190 185 159 60 141 155 20 64 168 88 90 90 57 87 82 0 27 108 68 94 39 84 70 78 97 76 61 84 76 110 128 104 79 22 100 85 64 40 102 38 73 116 26 61 107 27 0 98 90 112 54 60 48 62 77 77 88 57 101 135 125 83 52 47 110 80 90 66 99 36 74 126 53 123 180 108 98 0 174 106 147 62 130 150 43 175 155 91 172 155 38 47 92 128 75 25 160 117 24 134 172 223 124 134 26 68 90 174 0 124 38 150 110 105 165 65 35 145 28 110 189 172 140 46 146 150 29 65 165 65 64 70 50 171 115 94 112 106 124 0 122 134 160 171 131 166 90 153 107 51 94 139 150 97 35 84 97 62 83 131 163 193 84 96 61 39 54 147 38 122 0 114 72 69 131 44 54 107 59 124 167 137 102 25 135 124 52 60 141 27 41 77 38 62 166 84 60 62 150 134 114 0 74 95 21 131 144 29 160 173 100 25 31 106 115 61 148 113 77 93 128 183 109 26 133 70 48 130 110 160 72 74 0 21 95 66 123 50 131 180 164 99 46 82 157 119 123 110 138 45 64 118 93 43 130 78 62 150 105 171 69 95 21 0 116 51 123 71 128 186 182 120 67 84 172 137 121 117 156 45 49 101 97 83 177 97 77 43 165 131 131 21 95 116 0 152 155 50 171 174 81 8 52 119 107 50 159 121 63 112 149 202 120 92 91 76 77 175 65 166 44 131 66 51 152 0 93 114 93 167 201 156 109 69 176 156 89 104 175 41 3 52 82 145 26 61 88 155 35 90 54 144 123 123 155 93 0 145 18 75 164 163 140 42 116 130 7 38 142 78 91 105 35 34 164 84 57 91 145 153 107 29 50 71 50 114 145 0 158 186 129 51 5 104 138 87 147 120 105 81 111 166 110 155 8 76 101 172 28 107 59 160 131 128 171 93 18 158 0 84 182 179 153 54 133 147 12 56 160 86 91 96 51 196 91 110 135 155 110 51 124 173 180 186 174 167 75 186 84 0 145 182 183 102 86 131 81 70 133 141 164 180 89 160 190 128 125 38 189 94 167 100 164 182 81 201 164 129 182 145 0 85 130 146 59 45 170 126 26 160 198 244 139 85 185 104 83 47 172 139 137 25 99 120 8 156 163 51 179 182 85 0 54 126 114 57 167 129 69 118 153 208 128 31 159 79 52 92 140 150 102 31 46 67 52 109 140 5 153 183 130 54 0 99 137 87 142 116 106 76 106 161 105 103 60 22 47 128 46 97 25 106 82 84 119 69 42 104 54 102 146 126 99 0 110 105 43 35 121 39 66 101 13 162 141 100 110 75 146 35 135 115 157 172 107 176 116 138 133 86 59 114 137 110 0 57 123 81 51 137 173 210 99 117 155 85 80 25 150 84 124 61 119 137 50 156 130 87 147 131 45 57 87 105 57 0 135 92 19 115 153 201 100 145 20 64 90 160 29 97 52 148 123 121 159 89 7 147 12 81 170 167 142 43 123 135 0 44 148 78 88 99 39 127 64 40 66 117 65 62 60 113 110 117 121 104 38 120 56 70 126 129 116 35 81 92 44 0 104 73 101 131 22 136 168 102 99 24 165 83 141 77 138 156 63 175 142 105 160 133 26 69 106 121 51 19 148 104 0 134 172 218 115 69 88 38 36 134 65 131 27 93 45 45 112 41 78 81 86 141 160 118 76 39 137 115 78 73 134 0 38 90 52 89 90 73 74 172 64 163 41 128 64 49 149 3 91 111 91 164 198 153 106 66 173 153 88 101 172 38 0 55 79 143 90 116 126 223 70 193 77 183 118 101 202 52 105 166 96 180 244 208 161 101 210 201 99 131 218 90 55 0 111 113 57 26 53 124 50 84 38 109 93 97 120 82 35 110 51 89 139 128 105 13 99 100 39 22 115 52 79 111 0 
