0 126 166 120 165 90 95 89 164 176 88 63 133 58 120 66 155 153 59 174 194 64 161 84 101 79 79 124 101 94 126 0 42 54 88 171 132 136 54 52 39 76 12 132 131 122 57 38 98 73 68 104 43 76 44 116 59 130 168 46 166 42 0 84 82 203 170 175 55 10 78 118 33 174 151 162 48 43 133 55 35 137 23 107 74 147 95 149 199 80 120 54 84 0 142 190 89 95 49 91 62 57 66 102 169 88 111 45 119 127 91 127 95 109 85 144 87 169 192 83 165 88 82 142 0 162 209 211 134 86 95 144 77 197 90 191 34 118 110 31 114 109 59 82 70 108 89 85 151 77 90 171 203 190 162 0 185 179 222 213 135 140 172 148 77 156 171 207 73 185 236 67 188 96 129 57 112 83 17 125 95 132 170 89 209 185 0 10 136 178 114 66 144 40 200 29 186 134 136 204 180 144 175 146 140 163 126 203 196 134 89 136 175 95 211 179 10 0 143 184 116 67 148 32 196 23 188 140 132 207 186 140 179 144 141 158 126 200 190 135 164 54 55 49 134 222 136 143 0 58 87 103 60 151 185 137 100 16 149 109 47 156 76 130 98 170 112 184 222 100 176 52 10 91 86 213 178 184 58 0 88 127 43 183 159 171 54 48 142 57 28 147 29 117 84 157 105 156 209 89 88 39 78 62 95 135 114 116 87 88 0 49 45 104 107 96 74 72 62 93 107 69 73 47 26 84 25 107 135 21 63 76 118 57 144 140 66 67 103 127 49 0 87 56 138 47 122 94 77 141 138 85 118 80 74 104 60 140 146 68 133 12 33 66 77 172 144 148 60 43 45 87 0 143 127 133 45 44 100 61 64 105 31 76 43 116 62 125 168 47 58 132 174 102 197 148 40 32 151 183 104 56 143 0 171 16 178 146 108 197 192 114 174 124 127 132 109 175 159 120 120 131 151 169 90 77 200 196 185 159 107 138 127 171 0 173 108 169 64 118 186 57 130 60 87 41 83 6 63 87 66 122 162 88 191 156 29 23 137 171 96 47 133 16 173 0 169 132 109 188 178 117 164 122 121 135 104 177 167 114 155 57 48 111 34 171 186 188 100 54 74 122 45 178 108 169 0 85 107 19 82 109 25 78 54 114 76 104 163 61 153 38 43 45 118 207 134 140 16 48 72 94 44 146 169 132 85 0 134 95 46 141 62 114 82 154 96 168 206 84 59 98 133 119 110 73 136 132 149 142 62 77 100 108 64 109 107 134 0 125 164 8 120 29 59 27 39 68 73 53 174 73 55 127 31 185 204 207 109 57 93 141 61 197 118 188 19 95 125 0 84 126 33 96 73 129 95 114 176 80 194 68 35 91 114 236 180 186 47 28 107 138 64 192 186 178 82 46 164 84 0 169 57 140 107 180 126 184 232 111 64 104 137 127 109 67 144 140 156 147 69 85 105 114 57 117 109 141 8 126 169 0 123 31 63 19 45 61 66 58 161 43 23 95 59 188 175 179 76 29 73 118 31 174 130 164 25 62 120 33 57 123 0 92 61 131 84 127 182 68 84 76 107 109 82 96 146 144 130 117 47 80 76 124 60 122 78 114 29 96 140 31 92 0 33 40 23 61 92 30 101 44 74 85 70 129 140 141 98 84 26 74 43 127 87 121 54 82 59 73 107 63 61 33 0 73 23 86 125 7 79 116 147 144 108 57 163 158 170 157 84 104 116 132 41 135 114 154 27 129 180 19 131 40 73 0 59 45 52 70 79 59 95 87 89 112 126 126 112 105 25 60 62 109 83 104 76 96 39 95 126 45 84 23 23 59 0 84 111 16 124 130 149 169 85 83 203 200 184 156 107 140 125 175 6 177 104 168 68 114 184 61 127 61 86 45 84 0 69 87 101 168 199 192 151 17 196 190 222 209 135 146 168 159 63 167 163 206 73 176 232 66 182 92 125 52 111 69 0 122 94 46 80 83 77 125 134 135 100 89 21 68 47 120 87 114 61 84 53 80 111 58 68 30 7 70 16 87 122 0 
0 154 58 118 114 82 136 144 158 91 105 76 120 175 75 150 139 38 109 142 101 50 91 113 142 128 49 154 130 100 154 0 131 161 242 216 121 128 150 126 201 143 71 181 217 155 195 118 77 126 180 138 179 169 174 28 112 49 38 56 58 131 0 64 111 86 78 86 100 33 75 22 75 119 90 93 91 58 63 84 60 10 54 63 88 110 71 113 97 75 118 161 64 0 109 101 53 55 54 40 55 42 91 59 114 40 34 122 84 54 34 68 41 12 24 151 134 126 123 117 114 242 111 109 0 32 160 164 163 124 54 102 181 159 44 149 98 147 170 162 76 104 71 97 124 221 161 219 208 186 82 216 86 101 32 0 147 153 155 105 52 82 161 157 16 141 99 116 149 151 68 78 60 90 120 194 129 199 183 160 136 121 78 53 160 147 0 9 31 45 107 67 52 61 157 34 82 124 51 7 84 87 89 65 55 118 132 78 84 90 144 128 86 55 164 153 9 0 22 53 110 74 60 53 163 28 81 133 59 2 88 95 93 67 53 126 141 83 92 98 158 150 100 54 163 155 31 22 0 67 109 85 82 31 167 14 70 152 81 24 88 109 95 66 41 148 161 103 114 120 91 126 33 40 124 105 45 53 67 0 76 23 59 87 113 60 73 86 49 51 54 42 54 45 60 113 97 97 88 78 105 201 75 55 54 52 107 110 109 76 0 58 135 106 68 95 47 126 125 109 23 72 22 43 70 183 140 173 164 148 76 143 22 42 102 82 67 74 85 23 58 0 79 99 90 75 69 80 68 72 40 26 36 41 66 125 93 117 106 90 120 71 75 91 181 161 52 60 82 59 135 79 0 113 165 86 125 96 12 58 113 85 113 101 103 66 99 38 33 42 175 181 119 59 159 157 61 53 31 87 106 99 113 0 171 28 61 173 111 55 89 125 98 68 37 179 184 134 145 150 75 217 90 114 44 16 157 163 167 113 68 90 165 171 0 154 115 111 153 161 82 81 73 103 134 194 124 203 186 161 150 155 93 40 149 141 34 28 14 60 95 75 86 28 154 0 56 146 84 29 74 100 81 52 27 152 157 111 118 122 139 195 91 34 98 99 82 81 70 73 47 69 125 61 115 56 0 149 118 81 38 94 48 29 29 185 162 159 157 151 38 118 58 122 147 116 124 133 152 86 126 80 96 173 111 146 149 0 85 131 116 56 108 121 145 91 14 124 98 67 109 77 63 84 170 149 51 59 81 49 125 68 12 111 153 84 118 85 0 57 103 73 103 92 98 68 90 50 39 39 142 126 84 54 162 151 7 2 24 51 109 72 58 55 161 29 81 131 57 0 86 93 92 66 53 124 139 82 90 96 101 180 60 34 76 68 84 88 88 54 23 40 113 89 82 74 38 116 103 86 0 60 10 22 52 165 130 151 142 130 50 138 10 68 104 78 87 95 109 42 72 26 85 125 81 100 94 56 73 93 60 0 52 66 92 117 70 123 105 82 91 179 54 41 71 60 89 93 95 54 22 36 113 98 73 81 48 108 103 92 10 52 0 30 61 161 122 151 142 126 113 169 63 12 97 90 65 67 66 45 43 41 101 68 103 52 29 121 92 66 22 66 30 0 31 158 134 136 131 123 142 174 88 24 124 120 55 53 41 60 70 66 103 37 134 27 29 145 98 53 52 92 61 31 0 166 157 133 136 134 128 28 110 151 221 194 118 126 148 113 183 125 66 179 194 152 185 91 68 124 165 117 161 158 166 0 84 60 36 35 49 112 71 134 161 129 132 141 161 97 140 93 99 184 124 157 162 14 90 139 130 70 122 134 157 84 0 123 96 65 154 49 113 126 219 199 78 83 103 97 173 117 38 134 203 111 159 124 50 82 151 123 151 136 133 60 123 0 28 58 130 38 97 123 208 183 84 92 114 88 164 106 33 145 186 118 157 98 39 90 142 105 142 131 136 36 96 28 0 31 100 56 75 117 186 160 90 98 120 78 148 90 42 150 161 122 151 67 39 96 130 82 126 123 134 35 65 58 31 0 
0 179 110 167 93 63 138 179 121 47 131 114 198 49 149 99 26 76 159 83 73 109 17 48 69 167 123 146 153 26 179 0 119 106 117 120 65 77 137 137 53 72 40 171 33 82 153 114 71 158 174 75 163 176 180 54 58 36 77 168 110 119 0 176 127 91 122 166 163 97 101 100 117 73 109 85 90 103 147 153 64 95 101 78 71 78 94 108 146 118 167 106 176 0 74 111 55 34 59 123 78 77 146 189 82 92 148 94 36 102 205 81 152 192 207 149 83 81 32 145 93 117 127 74 0 42 57 90 36 49 66 48 152 119 84 48 74 25 71 41 138 47 78 121 139 136 63 82 64 71 63 120 91 111 42 0 75 118 78 17 69 51 145 78 88 38 38 17 97 62 96 47 46 81 97 119 62 85 92 48 138 65 122 55 57 75 0 46 72 91 23 26 102 145 32 43 113 62 25 98 158 31 121 150 161 98 28 30 24 119 179 77 166 34 90 118 46 0 87 132 65 72 117 191 60 89 156 103 21 125 204 77 162 196 207 126 72 61 26 160 121 137 163 59 36 78 72 87 0 82 90 75 174 152 104 82 107 61 74 44 172 77 107 154 173 164 90 102 67 95 47 137 97 123 49 17 91 132 82 0 86 68 161 70 105 55 25 29 112 57 90 64 30 72 91 134 79 102 106 31 131 53 101 78 66 69 23 65 90 86 0 19 86 132 20 32 105 61 46 107 142 22 114 137 146 76 8 17 47 117 114 72 100 77 48 51 26 72 75 68 19 0 104 119 39 17 89 42 51 89 132 5 97 124 135 89 15 36 49 99 198 40 117 146 152 145 102 117 174 161 86 104 0 181 70 109 172 143 111 193 179 106 184 186 185 39 89 72 117 192 49 171 73 189 119 78 145 191 152 70 132 119 181 0 149 102 46 95 170 122 24 114 50 5 21 144 124 146 167 69 149 33 109 82 84 88 32 60 104 105 20 39 70 149 0 50 123 81 46 125 156 42 132 153 161 68 26 3 50 136 99 82 85 92 48 38 43 89 82 55 32 17 109 102 50 0 73 34 68 86 115 12 82 107 118 88 24 47 66 86 26 153 90 148 74 38 113 156 107 25 105 89 172 46 123 73 0 54 135 76 68 84 12 48 67 141 97 120 130 28 76 114 103 94 25 17 62 103 61 29 61 42 143 95 81 34 54 0 83 53 113 39 59 98 114 121 56 78 77 57 159 71 147 36 71 97 25 21 74 112 46 51 111 170 46 68 135 83 0 109 183 56 142 175 186 114 53 46 7 140 83 158 153 102 41 62 98 125 44 57 107 89 193 122 125 86 76 53 109 0 144 87 73 124 143 174 104 123 102 57 73 174 64 205 138 96 158 204 172 90 142 132 179 24 156 115 68 113 183 144 0 127 74 25 7 141 134 154 181 93 109 75 95 81 47 47 31 77 77 64 22 5 106 114 42 12 84 39 56 87 127 0 92 119 130 89 17 39 54 95 17 163 101 152 78 46 121 162 107 30 114 97 184 50 132 82 12 59 142 73 74 92 0 51 71 153 106 129 136 19 48 176 78 192 121 81 150 196 154 72 137 124 186 5 153 107 48 98 175 124 25 119 51 0 21 149 129 151 171 70 69 180 71 207 139 97 161 207 173 91 146 135 185 21 161 118 67 114 186 143 7 130 71 21 0 147 138 158 184 90 167 54 78 149 136 119 98 126 164 134 76 89 39 144 68 88 141 121 114 174 141 89 153 149 147 0 75 68 117 164 123 58 94 83 63 62 28 72 90 79 8 15 89 124 26 24 97 56 53 104 134 17 106 129 138 75 0 23 52 110 146 36 108 81 82 85 30 61 102 102 17 36 72 146 3 47 120 78 46 123 154 39 129 151 158 68 23 0 49 133 153 77 146 32 64 92 24 26 67 106 47 49 117 167 50 66 130 77 7 102 181 54 136 171 184 117 52 49 0 134 26 168 118 145 71 48 119 160 95 31 117 99 192 69 136 86 28 57 140 57 93 95 19 70 90 164 110 133 134 0 
0 67 45 105 135 27 48 128 40 128 155 92 47 84 139 77 61 108 105 117 107 158 67 119 106 61 35 126 51 143 67 0 59 120 79 93 114 63 59 73 99 83 69 17 95 143 128 49 59 126 98 93 103 134 127 128 67 96 57 78 45 59 0 145 138 54 86 120 5 94 158 47 85 71 99 96 89 81 68 156 137 150 44 159 148 95 14 148 81 118 105 120 145 0 123 123 109 144 140 192 137 190 60 132 215 155 133 167 179 14 39 162 172 14 9 123 139 74 66 189 135 79 138 123 0 162 175 35 138 114 20 158 109 72 144 212 194 93 117 120 84 40 182 132 132 191 145 54 95 89 27 93 54 123 162 0 33 155 49 146 182 98 70 109 153 50 36 129 121 136 131 185 54 136 122 41 40 152 76 165 48 114 86 109 175 33 0 173 81 175 195 131 69 131 185 46 24 156 151 123 126 202 85 120 105 16 72 154 81 191 128 63 120 144 35 155 173 0 121 79 46 130 113 49 109 205 189 60 86 144 108 30 164 155 153 189 129 85 99 54 40 59 5 140 138 49 81 121 0 98 158 52 80 72 104 92 84 84 72 151 134 151 44 154 143 90 9 145 77 121 128 73 94 192 114 146 175 79 98 0 124 73 142 60 30 190 182 25 26 197 166 97 128 206 199 187 107 154 130 35 155 99 158 137 20 182 195 46 158 124 0 175 129 89 154 232 214 106 132 133 98 35 202 145 146 211 165 65 115 96 92 83 47 190 158 98 131 130 52 73 175 0 130 86 63 131 130 74 49 199 177 157 60 204 193 138 59 179 124 106 47 69 85 60 109 70 69 113 80 142 129 130 0 85 162 112 91 118 125 71 61 140 114 74 63 85 79 85 14 147 84 17 71 132 72 109 131 49 72 60 89 86 85 0 86 159 145 35 52 137 106 79 115 146 139 145 80 98 71 62 139 95 99 215 144 153 185 109 104 30 154 63 162 86 0 193 188 52 37 221 192 127 123 229 222 194 113 182 151 63 77 143 96 155 212 50 46 205 92 190 232 131 112 159 193 0 22 176 164 169 171 235 73 166 151 32 83 197 122 213 61 128 89 133 194 36 24 189 84 182 214 130 91 145 188 22 0 165 156 147 150 219 76 144 129 12 75 176 102 201 108 49 81 167 93 129 156 60 84 25 106 74 118 35 52 176 165 0 26 172 141 84 120 181 174 169 93 130 106 37 105 59 68 179 117 121 151 86 72 26 132 49 125 52 37 164 156 26 0 185 157 110 102 193 185 162 81 150 114 57 117 126 156 14 120 136 123 144 151 197 133 199 71 137 221 169 147 172 185 0 36 160 184 12 21 137 150 68 75 191 107 98 137 39 84 131 126 108 134 166 98 177 61 106 192 171 150 141 157 36 0 124 172 48 48 142 135 35 57 156 158 93 150 162 40 185 202 30 151 97 35 157 140 79 127 235 219 84 110 160 124 0 194 172 171 218 159 94 126 65 67 103 44 172 182 54 85 164 44 128 202 60 114 115 123 73 76 120 102 184 172 194 0 186 173 86 39 188 115 156 119 134 159 14 132 136 120 155 154 206 145 204 74 146 229 166 144 181 193 12 48 172 186 0 15 134 153 80 80 201 106 127 148 9 132 122 105 153 143 199 146 193 63 139 222 151 129 174 185 21 48 171 173 15 0 119 141 83 71 196 61 128 95 123 191 41 16 189 90 187 211 138 85 145 194 32 12 169 162 137 142 218 86 134 119 0 81 170 97 204 35 67 14 139 145 40 72 129 9 107 165 59 79 80 113 83 75 93 81 150 135 159 39 153 141 81 0 149 78 130 126 96 148 74 54 152 154 85 145 154 65 179 85 98 182 197 176 130 150 68 35 94 188 80 83 170 149 0 76 138 51 57 81 66 95 76 81 99 77 130 115 124 14 71 151 122 102 106 114 75 57 126 115 80 71 97 78 76 0 133 143 78 118 189 89 165 191 54 121 35 96 106 147 62 63 213 201 37 57 191 156 65 156 201 196 204 130 138 133 0 
0 64 132 23 28 12 22 7 30 85 79 68 149 19 117 17 141 114 107 53 86 76 43 17 104 32 96 141 70 22 64 0 112 63 59 66 44 63 65 86 87 121 85 51 90 66 77 125 100 36 42 110 33 51 134 49 106 125 110 81 132 112 0 150 149 143 131 138 155 194 60 132 154 137 23 118 147 233 31 144 71 95 137 116 233 145 214 15 105 130 23 63 150 0 6 13 20 16 7 62 100 90 141 13 133 40 133 91 127 39 94 99 32 35 84 16 73 160 93 44 28 59 149 6 0 18 18 21 6 57 101 95 135 12 131 44 127 89 127 33 92 104 26 36 84 10 70 160 98 49 12 66 143 13 18 0 22 5 20 75 91 77 149 16 127 29 141 103 118 49 94 88 40 27 92 26 85 152 82 31 22 44 131 20 18 22 0 19 24 70 85 89 128 7 113 33 120 105 109 31 74 92 21 21 102 15 86 142 88 43 7 63 138 16 21 5 19 0 23 78 86 74 147 15 122 24 139 107 113 49 89 83 39 22 97 26 89 147 77 28 30 65 155 7 6 20 24 23 0 55 107 97 140 18 137 47 133 84 133 37 98 106 32 42 78 16 66 166 100 51 85 86 194 62 57 75 70 78 55 0 155 152 130 68 173 101 125 39 177 50 127 161 58 91 58 55 20 207 155 106 79 87 60 100 101 91 85 86 107 155 0 72 158 89 56 63 150 190 30 108 64 39 98 65 183 100 171 64 47 72 68 121 132 90 95 77 89 74 97 152 72 0 206 87 128 57 198 176 101 120 122 37 110 72 156 100 160 133 27 46 149 85 154 141 135 149 128 147 140 130 158 206 0 133 131 151 8 163 158 103 94 190 109 136 188 125 149 169 192 166 19 51 137 13 12 16 7 15 18 68 89 87 133 0 120 34 125 101 115 34 81 94 24 24 96 13 82 148 89 41 117 90 23 133 131 127 113 122 137 173 56 128 131 120 0 105 124 212 34 123 48 94 116 100 215 126 193 38 103 118 17 66 118 40 44 29 33 24 47 101 63 57 151 34 105 0 143 131 91 64 79 60 54 15 121 47 113 125 55 16 141 77 147 133 127 141 120 139 133 125 150 198 8 125 124 143 0 159 150 96 86 182 101 128 183 117 144 162 184 158 114 125 233 91 89 103 105 107 84 39 190 176 163 101 212 131 159 0 214 89 166 190 96 125 36 90 19 245 184 133 107 100 31 127 127 118 109 113 133 177 30 101 158 115 34 91 150 214 0 128 66 64 119 92 210 124 195 34 74 101 53 36 144 39 33 49 31 49 37 50 108 120 103 34 123 64 96 89 128 0 77 122 11 51 98 23 70 157 118 74 86 42 71 94 92 94 74 89 98 127 64 122 94 81 48 79 86 166 66 77 0 99 72 69 173 84 147 85 103 95 76 110 95 99 104 88 92 83 106 161 39 37 190 94 94 60 182 190 64 122 99 0 111 71 177 106 172 96 10 59 43 33 137 32 26 40 21 39 32 58 98 110 109 24 116 54 101 96 119 11 72 111 0 40 101 16 77 149 107 64 17 51 116 35 36 27 21 22 42 91 65 72 136 24 100 15 128 125 92 51 69 71 40 0 119 36 106 125 67 30 104 134 233 84 84 92 102 97 78 58 183 156 188 96 215 121 183 36 210 98 173 177 101 119 0 89 41 244 170 118 32 49 145 16 10 26 15 26 16 55 100 100 125 13 126 47 117 90 124 23 84 106 16 36 89 0 71 156 102 54 96 106 214 73 70 85 86 89 66 20 171 160 149 82 193 113 144 19 195 70 147 172 77 106 41 71 0 226 166 116 141 125 15 160 160 152 142 147 166 207 64 133 169 148 38 125 162 245 34 157 85 96 149 125 244 156 226 0 106 135 70 110 105 93 98 82 88 77 100 155 47 27 192 89 103 55 184 184 74 118 103 10 107 67 170 102 166 106 0 52 22 81 130 44 49 31 43 28 51 106 72 46 166 41 118 16 158 133 101 74 95 59 64 30 118 54 116 135 52 0 
0 118 67 167 89 169 43 156 105 41 31 139 131 35 165 63 149 82 81 141 39 43 140 171 128 140 40 49 113 101 118 0 100 133 92 76 106 65 185 97 140 43 173 85 155 100 55 48 191 174 128 83 95 156 134 79 82 97 35 195 67 100 0 201 127 172 96 160 171 26 64 138 188 45 209 109 150 52 146 197 43 36 165 213 174 157 71 18 116 168 167 133 201 0 78 89 124 84 144 180 198 98 96 159 31 104 91 161 188 86 202 166 38 29 50 55 134 186 98 168 89 92 127 78 0 101 48 88 100 103 120 82 81 82 82 28 86 97 125 83 124 91 52 86 48 59 56 110 61 117 169 76 172 89 101 0 140 13 200 163 198 34 166 145 119 124 22 121 224 160 192 148 62 118 116 44 129 166 58 218 43 106 96 124 48 140 0 127 83 70 74 115 92 52 122 20 122 88 86 101 82 62 100 128 85 104 30 78 89 89 156 65 160 84 88 13 127 0 188 150 185 22 156 132 114 111 10 109 211 151 179 135 54 113 107 34 116 153 45 205 105 185 171 144 100 200 83 188 0 145 125 182 55 131 124 85 186 171 57 69 142 141 142 130 94 156 113 153 161 26 41 97 26 180 103 163 70 150 145 0 46 129 162 21 185 84 141 51 122 171 31 15 147 189 150 141 47 8 105 142 31 140 64 198 120 198 74 185 125 46 0 167 157 55 196 94 177 97 86 169 21 57 171 202 159 171 70 51 141 114 139 43 138 98 82 34 115 22 182 129 167 0 157 113 124 101 12 87 201 155 159 114 62 124 111 43 99 132 26 198 131 173 188 96 81 166 92 156 55 162 157 157 0 144 71 82 157 173 109 14 170 154 104 77 50 122 120 170 141 81 35 85 45 159 82 145 52 132 131 21 55 113 144 0 164 64 123 47 116 152 47 10 126 168 129 122 26 28 87 131 165 155 209 31 82 119 122 114 124 185 196 124 71 164 0 104 119 176 173 59 204 173 62 6 37 81 138 192 120 149 63 100 109 104 28 124 20 111 85 84 94 101 82 64 104 0 107 91 100 89 100 74 80 109 67 86 38 92 77 97 149 55 150 91 86 22 122 10 186 141 177 12 157 123 119 107 0 99 207 154 170 126 58 119 110 38 109 144 36 203 82 48 52 161 97 121 88 109 171 51 97 87 173 47 176 91 99 0 162 178 82 41 123 178 145 112 58 50 68 175 81 191 146 188 125 224 86 211 57 122 86 201 109 116 173 100 207 162 0 123 107 124 175 179 138 184 109 129 175 34 141 174 197 86 83 160 101 151 69 171 169 155 14 152 59 89 154 178 123 0 180 162 98 64 44 117 127 179 141 95 39 128 43 202 124 192 82 179 142 31 21 159 170 47 204 100 170 82 107 180 0 45 170 209 167 168 68 33 134 133 43 83 36 166 91 148 62 135 141 15 57 114 154 10 173 74 126 41 124 162 45 0 132 177 139 127 36 20 90 141 140 95 165 38 52 62 100 54 142 147 171 62 104 126 62 80 58 123 175 98 170 132 0 62 54 20 102 152 60 163 171 156 213 29 86 118 128 113 130 189 202 124 77 168 6 109 119 178 179 64 209 177 62 0 43 82 142 196 121 155 128 134 174 50 48 116 85 107 94 150 159 111 50 129 37 67 110 145 138 44 167 139 54 43 0 73 103 157 99 118 140 79 157 55 59 44 104 34 156 141 171 43 122 122 81 86 38 112 184 117 168 127 20 82 73 0 101 146 45 175 40 82 71 134 56 129 30 116 113 47 70 99 120 26 138 38 109 58 109 127 68 36 102 142 103 101 0 54 73 117 49 97 18 186 110 166 78 153 153 8 51 132 170 28 192 92 144 50 129 179 33 20 152 196 157 146 54 0 108 150 113 35 116 98 61 58 89 45 161 105 141 26 141 87 120 77 36 68 175 141 134 90 60 121 99 45 73 108 0 174 101 195 168 168 117 218 89 205 26 142 114 198 81 131 149 97 203 175 34 95 133 141 163 155 118 175 117 150 174 0 
0 122 50 111 62 90 104 73 78 61 110 135 183 83 179 72 103 10 135 64 115 74 97 115 55 134 123 132 169 140 122 0 76 62 167 76 67 179 98 119 28 69 104 60 128 80 194 113 168 175 117 195 26 49 67 93 52 77 122 66 50 76 0 86 107 48 82 118 78 78 60 109 155 58 162 32 143 40 151 111 115 121 50 85 20 116 93 110 153 111 111 62 86 0 132 116 8 142 49 76 81 24 72 28 78 109 149 106 107 142 56 182 60 14 66 34 18 24 70 30 62 167 107 132 0 152 124 12 84 56 161 153 197 112 178 134 42 72 101 11 107 71 144 143 103 141 149 147 169 161 90 76 48 116 152 0 115 163 122 126 49 134 177 93 194 18 190 80 197 154 157 152 59 109 62 150 116 139 186 134 104 67 82 8 124 115 0 134 41 68 83 31 79 24 81 108 141 100 101 134 50 175 61 21 62 35 26 28 72 37 73 179 118 142 12 163 134 0 94 66 173 163 207 124 186 145 35 83 104 10 115 70 156 154 115 151 160 157 177 171 78 98 78 49 84 122 41 94 0 28 105 69 113 38 101 109 100 78 75 94 38 141 83 62 60 58 67 63 91 77 61 119 78 76 56 126 68 66 28 0 120 97 141 60 127 110 75 64 75 66 57 115 99 88 65 86 94 91 117 105 110 28 60 81 161 49 83 173 105 120 0 94 131 68 154 55 194 100 179 168 132 181 22 70 58 114 76 100 147 92 135 69 109 24 153 134 31 163 69 97 94 0 48 52 60 130 167 130 115 163 64 206 76 25 89 27 18 10 53 8 183 104 155 72 197 177 79 207 113 141 131 48 0 100 43 175 203 178 139 207 95 253 118 70 136 56 62 51 45 44 83 60 58 28 112 93 24 124 38 60 68 52 100 0 104 85 135 78 111 122 64 156 46 32 38 58 40 52 95 57 179 128 162 78 178 194 81 186 101 127 154 60 43 104 0 187 177 177 104 189 71 242 136 85 142 46 78 55 10 62 72 80 32 109 134 18 108 145 109 110 55 130 175 85 187 0 173 62 183 136 145 135 58 105 49 143 113 133 179 131 103 194 143 149 42 190 141 35 100 75 194 167 203 135 177 173 0 112 82 45 108 104 174 162 136 148 167 158 169 175 10 113 40 106 72 80 100 83 78 64 100 130 178 78 177 62 112 0 139 74 116 82 88 110 47 131 118 128 167 135 135 168 151 107 101 197 101 104 75 75 179 115 139 111 104 183 82 139 0 111 51 172 157 121 135 89 123 105 96 123 64 175 111 142 11 154 134 10 94 66 168 163 207 122 189 136 45 74 111 0 118 61 151 153 110 152 159 157 180 171 115 117 115 56 107 157 50 115 38 57 132 64 95 64 71 145 108 116 51 118 0 172 110 70 96 41 72 54 62 72 74 195 121 182 71 152 175 70 141 115 181 206 253 156 242 135 104 82 172 61 172 0 170 188 129 199 196 202 232 212 97 26 50 60 144 59 61 156 83 99 22 76 118 46 136 58 174 88 157 151 110 170 0 51 42 94 58 81 128 75 115 49 85 14 143 109 21 154 62 88 70 25 70 32 85 105 162 110 121 153 70 188 51 0 66 44 8 30 77 26 55 67 20 66 103 62 62 115 60 65 58 89 136 38 142 49 136 47 135 110 96 129 42 66 0 96 74 90 133 92 134 93 116 34 141 150 35 151 58 86 114 27 56 58 46 143 148 131 89 152 41 199 94 44 96 0 41 17 37 34 123 52 93 18 149 116 26 160 67 94 76 18 62 40 78 113 167 118 123 159 72 196 58 8 74 41 0 25 71 18 132 77 110 24 147 139 28 157 63 91 100 10 51 52 55 133 158 128 105 157 54 202 81 30 90 17 25 0 47 18 169 122 153 70 169 186 72 177 91 117 147 53 45 95 10 179 169 167 96 180 62 232 128 77 133 37 71 47 0 57 140 66 111 30 161 134 37 171 77 105 92 8 44 57 62 131 175 135 123 171 72 212 75 26 92 34 18 18 57 0 
0 56 115 111 165 121 180 215 88 15 130 77 51 196 32 147 74 115 211 171 38 108 193 173 141 196 155 141 205 111 56 0 91 114 173 137 142 178 80 53 85 65 20 177 28 157 24 62 171 135 18 75 164 132 157 171 114 137 160 94 115 91 0 52 101 85 70 103 34 101 49 39 75 86 90 91 71 71 102 61 97 22 78 69 99 81 54 57 103 13 111 114 52 0 59 33 115 142 35 96 101 50 94 93 98 43 102 119 145 106 112 72 107 118 48 102 106 31 150 39 165 173 101 59 0 46 141 156 94 151 150 109 153 84 157 18 161 172 164 135 171 123 118 150 30 105 144 45 178 89 121 137 85 33 46 0 146 170 65 107 134 77 117 111 116 28 130 151 174 137 130 104 134 150 21 125 139 49 181 72 180 142 70 115 141 146 0 36 104 167 58 107 133 76 151 138 118 91 32 9 155 72 36 15 152 52 29 100 37 81 215 178 103 142 156 170 36 0 137 202 94 142 168 77 186 157 154 126 14 44 190 107 38 47 173 52 65 122 38 112 88 80 34 35 94 65 104 137 0 73 74 15 60 108 68 78 67 86 136 95 80 43 109 103 83 109 87 57 137 25 15 53 101 96 151 107 167 202 73 0 119 62 43 181 25 133 66 107 198 158 37 95 179 161 128 181 143 126 193 96 130 85 49 101 150 134 58 94 74 119 0 70 79 115 98 140 61 34 86 52 100 31 87 47 148 99 29 105 75 62 77 65 39 50 109 77 107 142 15 62 70 0 45 119 54 93 53 76 139 98 65 40 117 104 96 119 87 72 137 34 51 20 75 94 153 117 133 168 60 43 79 45 0 161 19 137 23 64 163 124 22 62 151 124 137 156 106 117 154 76 196 177 86 93 84 111 76 77 108 181 115 119 161 0 173 90 157 148 88 74 183 105 41 89 107 25 94 63 107 85 32 28 90 98 157 116 151 186 68 25 98 54 19 173 0 140 42 83 181 142 14 79 167 142 137 171 124 125 173 88 147 157 91 43 18 28 138 157 78 133 140 93 137 90 140 0 145 161 164 131 154 112 120 145 17 109 137 38 175 78 74 24 71 102 161 130 118 154 67 66 61 53 23 157 42 145 0 41 147 111 39 52 141 108 149 148 90 122 136 77 115 62 71 119 172 151 91 126 86 107 34 76 64 148 83 161 41 0 117 86 79 49 121 79 167 133 62 128 102 83 211 171 102 145 164 174 32 14 136 198 86 139 163 88 181 164 147 117 0 41 184 103 47 39 179 63 57 127 24 113 171 135 61 106 135 137 9 44 95 158 52 98 124 74 142 131 111 86 41 0 146 63 38 15 145 52 24 93 44 72 38 18 97 112 171 130 155 190 80 37 100 65 22 183 14 154 39 79 184 146 0 84 173 145 151 178 127 137 175 98 108 75 22 72 123 104 72 107 43 95 31 40 62 105 79 112 52 49 103 63 84 0 89 66 120 96 48 79 98 34 193 164 78 107 118 134 36 38 109 179 87 117 151 41 167 120 141 121 47 38 173 89 0 51 136 16 61 85 66 84 173 132 69 118 150 150 15 47 103 161 47 104 124 89 142 145 108 79 39 15 145 66 51 0 159 67 18 107 34 81 141 157 99 48 30 21 152 173 83 128 148 96 137 107 137 17 149 167 179 145 151 120 136 159 0 126 150 52 189 86 196 171 81 102 105 125 52 52 109 181 99 119 156 25 171 109 148 133 63 52 178 96 16 67 126 0 75 76 82 85 155 114 54 106 144 139 29 65 87 143 29 87 106 94 124 137 90 62 57 24 127 48 61 18 150 75 0 100 50 67 141 137 57 31 45 49 100 122 57 126 105 72 117 63 125 38 122 128 127 93 137 79 85 107 52 76 100 0 137 46 205 160 103 150 178 181 37 38 137 193 75 137 154 107 173 175 136 102 24 44 175 98 66 34 189 82 50 137 0 115 111 94 13 39 89 72 81 112 25 96 62 34 76 85 88 78 77 83 113 72 98 34 84 81 86 85 67 46 115 0 
0 150 91 92 183 164 139 36 91 192 164 71 108 74 28 45 57 124 76 177 61 136 39 187 159 181 148 150 33 58 150 0 100 58 187 48 78 186 101 86 66 94 80 137 132 176 97 166 74 38 158 85 117 93 96 135 78 27 117 99 91 100 0 73 109 86 51 119 119 104 80 26 22 39 63 92 79 69 67 107 66 142 86 99 68 91 146 117 77 83 92 58 73 0 180 86 86 128 55 123 95 53 66 98 79 124 39 142 16 90 113 69 59 125 109 146 73 58 59 41 183 187 109 180 0 148 109 196 228 132 129 135 115 109 157 157 188 61 176 172 127 249 191 120 95 65 250 211 180 192 164 48 86 86 148 0 44 197 139 39 20 95 64 125 139 177 122 142 98 24 152 132 140 45 53 91 126 75 136 125 139 78 51 86 109 44 0 169 141 53 30 68 31 89 112 143 112 98 91 68 117 148 125 48 23 61 147 103 118 116 36 186 119 128 196 197 169 0 123 222 195 102 138 92 58 39 93 135 112 211 69 169 73 217 187 205 181 186 69 93 91 101 119 55 228 139 141 123 0 177 150 93 118 132 93 134 43 182 52 138 136 46 53 180 164 200 60 86 63 39 192 86 104 123 132 39 53 222 177 0 28 121 84 142 165 196 156 142 132 54 170 171 172 12 44 68 164 113 166 159 164 66 80 95 129 20 30 195 150 28 0 93 58 118 137 172 128 127 104 43 146 147 144 30 34 71 143 93 138 131 71 94 26 53 135 95 68 102 93 121 93 0 37 45 44 83 53 90 44 112 64 121 60 116 89 117 126 106 51 57 108 80 22 66 115 64 31 138 118 84 58 37 0 61 81 114 84 86 66 85 88 134 95 79 52 83 135 100 87 88 74 137 39 98 109 125 89 92 132 142 118 45 61 0 48 58 89 52 87 146 28 164 86 135 101 113 171 151 75 93 28 132 63 79 157 139 112 58 93 165 137 44 81 48 0 45 52 100 63 154 43 134 42 160 131 153 144 137 31 55 45 176 92 124 157 177 143 39 134 196 172 83 114 58 45 0 95 96 108 195 31 177 81 191 158 171 187 182 72 98 57 97 79 39 188 122 112 93 43 156 128 53 84 89 52 95 0 139 24 129 94 82 20 156 135 167 92 95 24 4 124 166 69 142 61 142 98 135 182 142 127 90 86 52 100 96 139 0 134 166 66 211 138 132 98 90 215 186 127 143 76 74 67 16 176 98 91 112 52 132 104 44 66 87 63 108 24 134 0 105 100 77 43 133 114 148 84 74 43 27 177 38 107 90 172 24 68 211 138 54 43 112 85 146 154 195 129 166 105 0 173 123 148 63 77 114 114 62 146 131 61 158 66 113 127 152 117 69 136 170 146 64 88 28 43 31 94 66 100 173 0 175 85 163 129 140 183 170 74 97 136 85 142 69 249 132 148 169 46 171 147 121 134 164 134 177 82 211 77 123 175 0 97 177 170 209 15 61 105 79 39 117 86 59 191 140 125 73 53 172 144 60 95 86 42 81 20 138 43 148 85 97 0 171 147 177 109 115 11 20 187 93 99 125 120 45 48 217 180 12 30 116 79 135 160 191 156 132 133 63 163 177 171 0 34 56 171 120 165 160 159 96 68 109 95 53 23 187 164 44 34 89 52 101 131 158 135 98 114 77 129 170 147 34 0 39 168 122 139 139 181 135 91 146 65 91 61 205 200 68 71 117 83 113 153 171 167 90 148 114 140 209 177 56 39 0 207 161 168 171 148 78 146 73 250 126 147 181 60 164 143 126 135 171 144 187 92 215 84 114 183 15 109 171 168 207 0 52 116 90 150 27 117 58 211 75 103 186 86 113 93 106 100 151 137 182 95 186 74 62 170 61 115 120 122 161 52 0 117 95 33 117 77 59 180 136 118 69 63 166 138 51 87 75 31 72 24 127 43 146 74 105 11 165 139 168 116 117 0 26 58 99 83 41 192 125 116 93 39 159 131 57 88 93 55 98 4 143 27 131 97 79 20 160 139 171 90 95 26 0 
0 139 89 85 104 72 64 90 88 54 71 85 31 55 105 128 93 120 150 73 101 42 59 128 142 74 68 95 114 124 139 0 50 151 68 75 80 178 156 141 210 118 150 173 150 100 87 142 42 141 71 167 121 164 10 98 77 143 112 15 89 50 0 114 51 31 35 137 119 96 160 83 102 126 117 86 58 118 71 99 47 119 77 138 53 61 31 110 89 35 85 151 114 0 85 121 79 28 5 138 115 159 57 137 185 189 153 44 137 155 152 63 136 44 159 53 117 16 183 141 104 68 51 85 0 78 42 113 90 133 168 129 101 154 163 137 108 74 52 142 98 118 119 96 77 37 76 76 139 63 72 75 31 121 78 0 45 141 126 66 142 52 94 99 86 68 33 135 102 68 31 110 47 153 77 75 4 122 64 60 64 80 35 79 42 45 0 102 84 91 133 93 70 112 125 113 78 90 86 101 74 87 78 108 86 30 42 78 109 68 90 178 137 28 113 141 102 0 24 144 101 173 59 137 195 207 171 67 165 163 172 56 148 57 186 80 137 43 198 168 88 156 119 5 90 126 84 24 0 141 115 164 59 139 189 194 158 45 141 159 157 64 140 43 164 58 122 19 187 146 54 141 96 138 133 66 91 144 141 0 99 42 85 37 51 92 65 169 167 19 80 94 21 179 142 113 65 146 73 126 71 210 160 115 168 142 133 101 115 99 0 141 67 68 146 190 158 159 219 117 168 54 116 157 213 132 139 131 172 195 85 118 83 159 129 52 93 173 164 42 141 0 116 78 34 50 31 182 151 28 48 127 26 197 116 122 53 164 31 104 31 150 102 57 101 94 70 59 59 85 67 116 0 80 136 156 120 98 153 104 125 17 90 101 155 65 90 71 144 137 55 173 126 137 154 99 112 137 139 37 68 78 80 0 78 128 102 175 195 52 116 81 58 181 175 127 96 149 109 158 105 150 117 185 163 86 125 195 189 51 146 34 136 78 0 66 63 212 185 32 79 145 49 225 147 153 87 192 45 136 128 100 86 189 137 68 113 207 194 92 190 50 156 128 66 0 36 203 140 78 39 170 74 221 94 143 72 190 21 89 93 87 58 153 108 33 78 171 158 65 158 31 120 102 63 36 0 168 123 57 17 134 44 186 85 108 36 155 31 73 120 142 118 44 74 135 90 67 45 169 159 182 98 175 212 203 168 0 116 184 164 106 163 23 151 60 132 28 199 137 150 42 71 137 52 102 86 165 141 167 219 151 153 195 185 140 123 116 0 170 108 169 148 139 51 89 102 125 151 51 73 141 99 155 142 68 101 163 159 19 117 28 104 52 32 78 57 184 170 0 74 113 23 196 140 126 68 163 57 126 101 71 47 152 98 31 74 172 157 80 168 48 125 116 79 39 17 164 108 74 0 140 59 182 68 104 35 152 43 57 42 167 119 63 118 110 87 56 64 94 54 127 17 81 145 170 134 106 169 113 140 0 101 107 172 81 106 78 156 154 59 121 77 136 119 47 78 148 140 21 116 26 90 58 49 74 44 163 148 23 59 101 0 176 121 104 46 143 56 106 128 164 138 44 96 153 108 57 43 179 157 197 101 181 225 221 186 23 139 196 182 107 176 0 173 78 150 33 217 159 142 10 53 159 77 77 86 186 164 142 213 116 155 175 147 94 85 151 51 140 68 172 121 173 0 106 79 152 107 18 74 98 61 53 37 75 30 80 58 113 132 122 65 127 153 143 108 60 89 126 104 81 104 78 106 0 72 49 139 88 68 77 31 117 76 4 42 137 122 65 139 53 90 96 87 72 36 132 102 68 35 106 46 150 79 72 0 119 67 62 95 143 110 16 76 122 78 43 19 146 131 164 71 149 192 190 155 28 125 163 152 78 143 33 152 49 119 0 185 135 114 112 89 183 139 64 109 198 187 73 172 31 144 109 45 21 31 199 151 57 43 156 56 217 107 139 67 185 0 100 124 15 35 141 63 60 68 168 146 126 195 104 137 158 136 89 73 137 51 126 57 154 106 159 18 88 62 135 100 0 
0 100 71 42 177 131 27 189 116 26 40 194 188 86 24 61 176 18 96 111 46 25 148 30 113 86 42 79 25 63 100 0 42 60 110 31 73 177 121 77 73 96 89 127 95 147 128 87 21 100 88 83 79 75 26 86 80 83 96 38 71 42 0 43 146 68 47 200 134 55 61 136 129 126 76 128 161 53 52 118 47 64 115 41 43 47 70 91 59 33 42 60 43 0 138 91 16 168 98 17 18 152 147 84 36 88 143 33 54 87 52 24 108 26 77 79 27 55 47 22 177 110 146 138 0 106 154 104 100 151 137 86 87 138 158 192 32 171 94 83 185 152 31 164 130 193 136 104 185 123 131 31 68 91 106 0 104 190 142 108 104 69 62 154 126 178 130 118 46 121 115 114 80 106 29 104 111 109 126 69 27 73 47 16 154 104 0 179 108 10 24 167 161 87 30 81 158 17 69 98 40 19 124 14 87 74 31 66 31 36 189 177 200 168 104 190 179 0 73 171 156 189 189 109 165 170 72 194 156 82 219 166 114 193 203 245 149 113 209 167 116 121 134 98 100 142 108 73 0 99 84 167 164 43 92 104 81 122 100 22 148 94 88 122 147 177 77 43 137 101 26 77 55 17 151 108 10 171 99 0 16 169 164 77 21 73 153 23 71 91 50 9 122 24 93 84 22 59 38 39 40 73 61 18 137 104 24 156 84 16 0 161 155 66 24 74 137 39 63 75 64 15 108 38 92 96 9 43 54 35 194 96 136 152 86 69 167 189 167 169 161 0 7 193 185 233 118 182 98 145 183 174 80 171 98 173 165 149 192 131 188 89 129 147 87 62 161 189 164 164 155 7 0 189 179 228 119 176 93 142 176 169 78 164 91 166 160 145 185 125 86 127 126 84 138 154 87 109 43 77 66 193 189 0 62 61 123 97 108 55 126 69 119 101 151 161 57 45 110 96 24 95 76 36 158 126 30 165 92 21 24 185 179 62 0 52 155 35 87 89 65 12 130 42 113 102 22 57 48 57 61 147 128 88 192 178 81 170 104 73 74 233 228 61 52 0 182 79 135 112 107 64 168 90 165 147 68 88 86 109 176 128 161 143 32 130 158 72 81 153 137 118 119 123 155 182 0 175 109 70 194 151 50 169 151 208 134 98 189 133 18 87 53 33 171 118 17 194 122 23 39 182 176 97 35 79 175 0 84 114 30 28 141 12 96 69 45 82 15 51 96 21 52 54 94 46 69 156 100 71 63 98 93 108 87 135 109 84 0 79 93 76 63 75 47 99 67 64 97 33 111 100 118 87 83 121 98 82 22 91 75 145 142 55 89 112 70 114 79 0 138 86 67 112 126 163 69 32 129 85 46 88 47 52 185 115 40 219 148 50 64 183 176 126 65 107 194 30 93 138 0 57 154 26 89 40 71 106 21 62 25 83 64 24 152 114 19 166 94 9 15 174 169 69 12 64 151 28 76 86 57 0 123 32 101 92 17 54 43 45 148 79 115 108 31 80 124 114 88 122 108 80 78 119 130 168 50 141 63 67 154 123 0 133 101 162 108 80 155 92 30 75 41 26 164 106 14 193 122 24 38 171 164 101 42 90 169 12 75 112 26 32 133 0 84 60 45 80 22 42 113 26 43 77 130 29 87 203 147 93 92 98 91 151 113 165 151 96 47 126 89 101 101 84 0 75 100 109 102 57 86 86 47 79 193 104 74 245 177 84 96 173 166 161 102 147 208 69 99 163 40 92 162 60 75 0 105 134 61 78 42 80 70 27 136 111 31 149 77 22 9 165 160 57 22 68 134 45 67 69 71 17 108 45 100 105 0 37 60 43 79 83 91 55 104 109 66 113 43 59 43 149 145 45 57 88 98 82 64 32 106 54 80 80 109 134 37 0 97 58 25 96 59 47 185 126 31 209 137 38 54 192 185 110 48 86 189 15 97 129 21 43 155 22 102 61 60 97 0 64 63 38 33 22 123 69 36 167 101 39 35 131 125 96 57 109 133 51 33 85 62 45 92 42 57 78 43 58 64 0 
0 52 222 95 106 156 94 94 51 110 133 157 189 117 149 128 117 160 97 186 27 38 23 20 121 20 168 189 37 150 52 0 180 43 114 109 43 49 72 112 129 115 157 71 160 85 127 114 51 140 27 42 32 45 122 47 141 143 34 160 222 180 0 157 173 185 143 186 196 161 147 65 52 183 187 95 178 71 129 57 196 186 210 223 158 225 77 52 214 187 95 43 157 0 139 72 19 31 109 134 146 95 145 40 182 67 152 86 36 107 70 80 74 86 142 88 135 112 70 183 106 114 173 139 0 211 123 160 55 12 33 126 124 178 46 112 13 142 110 167 99 76 116 123 19 124 98 167 130 47 156 109 185 72 211 0 88 62 180 205 214 138 191 39 253 120 224 120 103 128 135 150 133 142 212 144 190 133 123 254 94 43 143 19 123 88 0 49 98 117 127 79 127 59 165 49 136 73 17 97 67 72 75 88 124 90 116 101 75 166 94 49 186 31 160 62 49 0 121 157 171 126 176 23 205 98 173 115 66 135 74 91 71 80 166 82 165 139 61 206 51 72 196 109 55 180 98 121 0 60 84 136 155 143 98 112 66 145 93 172 50 30 64 69 71 70 131 174 79 99 110 112 161 134 12 205 117 157 60 0 24 115 112 173 48 103 20 131 103 156 100 77 117 126 11 128 86 156 131 49 133 129 147 146 33 214 127 171 84 24 0 109 96 186 43 103 33 127 111 149 121 98 138 148 14 150 70 149 152 43 157 115 65 95 126 138 79 126 136 115 109 0 53 127 152 30 135 21 64 41 131 123 145 158 115 160 55 41 149 152 189 157 52 145 124 191 127 176 155 112 96 53 0 179 135 78 128 72 110 77 166 151 183 195 108 197 26 74 190 135 117 71 183 40 178 39 59 23 143 173 186 127 179 0 221 102 191 113 76 128 97 113 94 103 182 105 172 133 84 222 149 160 187 182 46 253 165 205 98 48 43 152 135 221 0 146 33 170 150 192 145 122 161 167 41 168 110 192 176 1 128 85 95 67 112 120 49 98 112 103 103 30 78 102 146 0 123 33 34 60 101 95 115 128 106 130 71 62 119 146 117 127 178 152 13 224 136 173 66 20 33 135 128 191 33 123 0 151 122 176 112 89 128 135 20 136 102 176 143 34 160 114 71 86 142 120 73 115 145 131 127 21 72 113 170 33 151 0 63 27 133 128 145 158 133 160 76 29 148 170 97 51 129 36 110 103 17 66 93 103 111 64 110 76 150 34 122 63 0 89 70 69 82 95 109 97 99 92 85 151 186 140 57 107 167 128 97 135 172 156 149 41 77 128 192 60 176 27 89 0 159 155 171 184 156 186 90 5 172 192 27 27 196 70 99 135 67 74 50 100 121 131 166 97 145 101 112 133 70 159 0 23 18 29 111 31 147 162 31 146 38 42 186 80 76 150 72 91 30 77 98 123 151 113 122 95 89 128 69 155 23 0 40 50 88 52 130 157 54 123 23 32 210 74 116 133 75 71 64 117 138 145 183 94 161 115 128 145 82 171 18 40 0 13 128 15 164 174 15 162 20 45 223 86 123 142 88 80 69 126 148 158 195 103 167 128 135 158 95 184 29 50 13 0 137 2 176 187 19 168 121 122 158 142 19 212 124 166 71 11 14 115 108 182 41 106 20 133 109 156 111 88 128 137 0 138 82 156 142 42 20 47 225 88 124 144 90 82 70 128 150 160 197 105 168 130 136 160 97 186 31 52 15 2 138 0 178 189 21 169 168 141 77 135 98 190 116 165 131 86 70 55 26 172 110 71 102 76 99 90 147 130 164 176 82 178 0 88 173 110 189 143 52 112 167 133 101 139 174 156 149 41 74 133 192 62 176 29 92 5 162 157 174 187 156 189 88 0 176 192 37 34 214 70 130 123 75 61 79 131 152 149 190 84 176 119 143 148 85 172 31 54 15 19 142 21 173 176 0 177 150 160 187 183 47 254 166 206 99 49 43 152 135 222 1 146 34 170 151 192 146 123 162 168 42 169 110 192 177 0 
