0 144 120 103 57 179 22 94 17 103 164 54 21 171 210 142 39 34 12 52 156 107 101 137 100 168 68 119 33 202 144 0 90 51 90 78 132 123 157 76 21 119 160 64 89 24 105 112 156 157 84 62 43 115 94 185 106 98 147 82 120 90 0 99 70 165 121 159 122 22 108 67 123 151 179 109 93 90 132 159 162 116 75 176 140 237 129 155 141 172 103 51 99 0 60 81 86 73 117 77 67 94 121 70 109 40 64 74 113 106 66 17 24 77 47 143 55 57 99 101 57 90 70 60 0 141 53 94 67 49 111 35 70 130 167 93 23 24 69 89 125 72 49 123 84 174 63 102 73 159 179 78 165 81 141 0 160 111 195 148 69 175 199 14 37 56 143 154 189 167 31 72 97 74 86 139 116 74 166 30 22 132 121 86 53 160 0 72 39 102 151 63 43 152 191 126 30 31 29 39 135 88 89 115 79 148 47 98 20 183 94 123 159 73 94 111 72 0 111 137 135 122 115 110 148 105 78 88 98 60 80 61 93 47 29 80 31 37 68 141 17 157 122 117 67 195 39 111 0 108 177 55 4 187 226 156 53 45 16 65 172 123 114 154 117 183 85 136 47 218 103 76 22 77 49 148 102 137 108 0 96 56 111 134 164 92 72 72 115 138 141 94 54 154 118 215 107 133 122 157 164 21 108 67 111 69 151 135 177 96 0 140 180 55 71 30 125 132 176 173 83 74 63 120 106 190 122 106 166 65 54 119 67 94 35 175 63 122 55 56 140 0 56 164 199 125 44 35 65 101 160 107 80 156 117 202 91 135 82 191 21 160 123 121 70 199 43 115 4 111 180 56 0 191 230 160 57 48 19 68 176 127 117 158 121 186 89 140 50 222 171 64 151 70 130 14 152 110 187 134 55 164 191 0 39 42 134 144 181 163 36 64 84 79 83 146 111 74 161 31 210 89 179 109 167 37 191 148 226 164 71 199 230 39 0 74 173 183 220 202 68 103 119 111 122 172 150 111 200 8 142 24 109 40 93 56 126 105 156 92 30 125 160 42 74 0 103 112 153 146 60 45 45 92 76 162 94 77 139 66 39 105 93 64 23 143 30 78 53 72 125 44 57 134 173 103 0 11 51 66 123 71 62 113 74 158 47 93 50 165 34 112 90 74 24 154 31 88 45 72 132 35 48 144 183 112 11 0 46 70 134 82 69 124 85 168 57 104 51 175 12 156 132 113 69 189 29 98 16 115 176 65 19 181 220 153 51 46 0 49 164 117 113 143 107 167 75 126 31 212 52 157 159 106 89 167 39 60 65 138 173 101 68 163 202 146 66 70 49 0 138 102 117 107 81 120 53 96 19 194 156 84 162 66 125 31 135 80 172 141 83 160 176 36 68 60 123 134 164 138 0 53 87 43 57 110 89 43 139 61 107 62 116 17 72 72 88 61 123 94 74 107 127 64 103 45 71 82 117 102 53 0 41 60 32 127 49 40 98 95 101 43 75 24 49 97 89 93 114 54 63 80 117 84 119 45 62 69 113 117 87 41 0 101 69 166 70 81 105 111 137 115 176 77 123 74 115 47 154 154 120 156 158 79 111 92 113 124 143 107 43 60 101 0 39 70 69 21 114 104 100 94 140 47 84 86 79 29 117 118 106 117 121 83 122 76 74 85 107 81 57 32 69 39 0 97 32 19 82 114 168 185 237 143 174 139 148 80 183 215 190 202 186 146 172 162 158 168 167 120 110 127 166 70 97 0 111 87 136 168 68 106 129 55 63 116 47 31 85 107 122 91 89 111 150 94 47 57 75 53 89 49 70 69 32 111 0 51 50 142 119 98 155 57 102 74 98 37 136 133 106 135 140 74 111 77 93 104 126 96 43 40 81 21 19 87 51 0 99 104 33 147 141 99 73 166 20 68 47 122 166 82 50 161 200 139 50 51 31 19 139 98 105 114 82 136 50 99 0 192 202 82 172 101 159 30 183 141 218 157 65 191 222 31 8 66 165 175 212 194 61 95 111 104 114 168 142 104 192 0 
0 78 140 104 20 161 188 125 77 190 55 75 114 185 162 105 132 81 157 151 182 149 142 86 193 62 100 170 84 124 78 0 167 97 76 100 134 141 36 175 63 124 105 170 87 111 123 84 82 81 149 71 64 136 136 55 42 175 38 112 140 167 0 77 160 169 166 30 133 97 106 67 76 94 203 60 71 83 197 182 125 203 208 61 176 112 145 48 136 79 104 97 77 0 120 96 103 48 61 86 50 74 10 81 126 18 28 23 120 105 81 126 132 81 112 49 69 78 62 20 20 76 160 120 0 168 197 144 84 206 70 95 130 201 163 123 148 97 158 155 196 147 140 106 201 75 106 189 91 140 161 100 169 96 168 0 38 139 84 119 113 166 94 116 46 114 99 107 43 28 77 61 75 175 37 103 62 149 77 90 188 134 166 103 197 38 0 137 113 94 135 177 98 92 82 119 95 120 80 66 50 98 113 184 10 126 93 136 106 90 125 141 30 48 144 139 137 0 106 81 83 63 46 77 174 31 42 57 168 152 100 174 179 62 147 87 116 45 108 49 77 36 133 61 84 84 113 106 0 140 36 98 69 135 90 75 87 50 84 76 118 81 81 110 117 25 24 139 7 76 190 175 97 86 206 119 94 81 140 0 136 143 76 5 165 87 58 109 160 143 44 175 186 143 104 134 136 52 137 66 55 63 106 50 70 113 135 83 36 136 0 63 60 131 125 56 78 28 119 110 127 117 117 74 141 11 58 124 42 70 75 124 67 74 95 166 177 63 98 143 63 0 81 138 186 61 91 59 180 168 152 179 179 12 186 73 119 107 104 90 114 105 76 10 130 94 98 46 69 76 60 81 0 71 128 21 18 33 122 106 72 129 136 87 107 59 74 71 69 10 185 170 94 81 201 116 92 77 135 5 131 138 71 0 161 82 53 104 157 140 42 171 182 139 102 129 131 50 132 61 162 87 203 126 163 46 82 174 90 165 125 186 128 161 0 144 137 129 6 22 123 20 35 197 77 114 67 191 83 126 105 111 60 18 123 114 119 31 75 87 56 61 21 82 144 0 30 28 138 123 91 144 148 66 128 58 85 68 77 29 132 123 71 28 148 99 95 42 87 58 78 91 18 53 137 30 0 51 131 115 61 140 148 95 105 77 88 55 85 11 81 84 83 23 97 107 120 57 50 109 28 59 33 104 129 28 51 0 123 110 104 125 128 68 128 30 65 96 53 43 157 82 197 120 158 43 80 168 84 160 119 180 122 157 6 138 131 123 0 17 120 19 34 191 76 108 61 185 77 120 151 81 182 105 155 28 66 152 76 143 110 168 106 140 22 123 115 110 17 0 103 33 47 178 63 99 52 169 69 104 182 149 125 81 196 77 50 100 118 44 127 152 72 42 123 91 61 104 120 103 0 136 149 156 60 121 107 88 114 62 149 71 203 126 147 61 98 174 81 175 117 179 129 171 20 144 140 125 19 33 136 0 15 190 95 106 60 195 75 129 142 64 208 132 140 75 113 179 81 186 117 179 136 182 35 148 148 128 34 47 149 15 0 191 110 106 63 203 76 137 86 136 61 81 106 175 184 62 110 143 74 12 87 139 197 66 95 68 191 178 156 190 191 0 193 85 130 104 115 95 193 136 176 112 201 37 10 147 117 104 141 186 107 102 77 128 105 128 76 63 60 95 110 193 0 132 96 146 110 99 62 55 112 49 75 103 126 87 25 134 11 73 59 129 114 58 77 30 108 99 121 106 106 85 132 0 47 126 31 68 100 42 145 69 106 62 93 116 24 136 58 119 74 131 67 85 88 65 61 52 107 60 63 130 96 47 0 143 17 77 170 175 48 78 189 149 136 45 139 52 124 107 71 50 191 68 55 96 185 169 88 195 203 104 146 126 143 0 140 66 84 38 136 62 91 77 106 108 7 137 42 104 69 132 83 77 85 53 77 69 114 75 76 115 110 31 17 140 0 74 124 112 79 20 140 90 90 49 76 66 70 90 10 61 126 29 11 43 120 104 62 129 137 95 99 68 77 66 74 0 
0 112 89 71 133 18 93 178 145 192 85 44 127 20 31 71 44 37 164 80 94 51 56 31 40 154 151 100 144 78 112 0 108 84 80 130 101 68 142 81 123 120 17 130 143 52 153 81 85 60 27 84 117 143 119 66 97 14 50 39 89 108 0 26 66 100 10 148 212 181 163 52 124 106 111 61 98 62 190 48 81 116 139 101 56 105 192 95 158 73 71 84 26 0 65 86 25 133 186 161 139 46 101 90 99 35 91 38 165 25 57 91 115 91 49 96 166 71 133 48 133 80 66 65 0 149 56 89 216 130 183 111 91 153 162 67 156 96 163 53 62 135 166 156 114 42 177 73 127 69 18 130 100 86 149 0 106 196 151 210 89 51 145 8 13 89 32 55 179 97 112 63 60 14 46 172 163 118 161 96 93 101 10 25 56 106 0 138 211 172 164 60 117 112 118 56 106 63 183 41 74 116 140 109 64 95 187 88 151 67 178 68 148 133 89 196 138 0 195 45 189 177 60 197 209 110 216 144 109 109 84 152 185 208 178 48 135 79 78 100 145 142 212 186 216 151 211 195 0 173 63 187 140 144 156 157 183 152 98 173 154 99 92 165 183 208 65 144 117 149 192 81 181 161 130 210 172 45 173 0 181 200 65 208 223 132 234 162 77 136 105 156 186 223 200 91 109 95 59 119 85 123 163 139 183 89 164 189 63 181 0 129 129 81 93 116 120 101 122 132 124 48 29 102 125 186 95 119 122 114 44 120 52 46 111 51 60 177 187 200 129 0 137 58 60 68 46 41 188 68 95 88 100 50 5 142 183 106 162 81 127 17 124 101 91 145 117 60 140 65 129 137 0 144 158 69 169 98 72 77 44 95 126 158 136 69 89 31 36 56 20 130 106 90 153 8 112 197 144 208 81 58 144 0 15 90 39 57 175 100 113 59 52 21 53 173 158 118 158 97 31 143 111 99 162 13 118 209 156 223 93 60 158 15 0 102 29 68 189 110 125 73 64 12 55 185 173 131 173 109 71 52 61 35 67 89 56 110 157 132 116 68 69 90 102 0 106 34 130 16 27 68 99 98 68 83 132 38 98 13 44 153 98 91 156 32 106 216 183 234 120 46 169 39 29 106 0 72 208 110 132 95 91 18 42 186 195 139 188 116 37 81 62 38 96 55 63 144 152 162 101 41 98 57 68 34 72 0 147 43 60 54 77 64 40 117 142 67 121 44 164 85 190 165 163 179 183 109 98 77 122 188 72 175 189 130 208 147 0 142 110 116 136 193 187 138 33 96 36 117 80 60 48 25 53 97 41 109 173 136 132 68 77 100 110 16 110 43 142 0 33 84 114 105 69 76 146 47 110 26 94 27 81 57 62 112 74 84 154 105 124 95 44 113 125 27 132 60 110 33 0 79 112 124 95 64 118 14 77 16 51 84 116 91 135 63 116 152 99 156 48 88 95 59 73 68 95 54 116 84 79 0 33 77 84 143 100 77 101 67 56 117 139 115 166 60 140 185 92 186 29 100 126 52 64 99 91 77 136 114 112 33 0 73 96 176 114 110 129 99 31 143 101 91 156 14 109 208 165 223 102 50 158 21 12 98 18 64 193 105 124 77 73 0 45 181 177 130 175 108 40 119 56 49 114 46 64 178 183 200 125 5 136 53 55 68 42 40 187 69 95 84 96 45 0 144 180 105 161 81 154 66 105 96 42 172 95 48 208 91 186 142 69 173 185 83 186 117 138 76 64 143 176 181 144 0 158 67 102 78 151 97 192 166 177 163 187 135 65 109 95 183 89 158 173 132 195 142 33 146 118 100 114 177 180 158 0 105 57 120 100 14 95 71 73 118 88 79 144 95 119 106 31 118 131 38 139 67 96 47 14 77 110 130 105 67 105 0 63 25 144 50 158 133 127 161 151 78 117 59 122 162 36 158 173 98 188 121 36 110 77 101 129 175 161 102 57 63 0 85 78 39 73 48 69 96 67 100 149 119 114 81 56 97 109 13 116 44 117 26 16 67 99 108 81 78 120 25 85 0 
0 113 170 192 102 189 146 131 74 104 132 165 104 161 119 99 178 162 124 127 123 27 101 120 124 7 162 161 168 136 113 0 113 91 81 123 39 84 55 66 45 110 16 60 99 15 162 85 20 19 21 136 21 34 76 107 51 116 90 77 170 113 0 77 192 20 137 40 102 177 68 5 127 74 56 122 66 32 94 125 92 178 132 147 48 168 133 17 31 39 192 91 77 0 170 71 91 86 118 154 60 78 107 32 113 106 143 50 73 92 73 209 112 116 86 188 77 93 48 73 102 81 192 170 0 204 85 156 102 16 126 187 65 141 163 70 230 166 101 78 102 129 61 55 148 96 104 191 171 153 189 123 20 71 204 0 144 58 119 189 78 25 139 77 76 134 77 38 104 135 102 198 143 157 66 186 137 36 34 55 146 39 137 91 85 144 0 114 94 69 71 135 42 68 133 49 193 106 46 20 49 170 45 31 107 139 19 144 110 105 131 84 40 86 156 58 114 0 62 143 45 35 95 67 27 88 79 38 68 99 65 140 98 118 8 128 116 35 43 13 74 55 102 118 102 119 94 62 0 91 58 97 55 88 61 47 128 88 56 74 54 91 56 80 54 70 105 96 94 64 104 66 177 154 16 189 69 143 91 0 111 173 50 125 151 56 218 151 86 62 87 131 46 39 135 97 88 178 156 139 132 45 68 60 126 78 71 45 58 111 0 65 61 30 68 56 122 40 26 57 24 149 65 79 40 128 71 73 45 34 165 110 5 78 187 25 135 35 97 173 65 0 123 72 51 117 66 30 91 122 89 173 127 144 43 163 131 15 30 34 104 16 127 107 65 139 42 95 55 50 61 123 0 76 108 8 173 101 36 23 37 128 5 25 87 97 58 129 106 90 161 60 74 32 141 77 68 67 88 125 30 72 76 0 93 74 137 42 41 63 41 179 81 87 64 156 60 85 44 54 119 99 56 113 163 76 133 27 61 151 68 51 108 93 0 100 67 64 87 117 84 123 110 133 29 118 138 43 69 40 99 15 122 106 70 134 49 88 47 56 56 117 8 74 100 0 165 96 33 29 34 122 10 33 80 92 64 122 101 83 178 162 66 143 230 77 193 79 128 218 122 66 173 137 67 165 0 96 147 178 144 176 175 196 86 178 193 52 96 88 162 85 32 50 166 38 106 38 88 151 40 30 101 42 64 96 96 0 66 97 64 174 105 119 40 158 101 44 6 26 124 20 94 73 101 104 46 68 56 86 26 91 36 41 87 33 147 66 0 31 3 145 41 53 61 118 52 99 71 60 127 19 125 92 78 135 20 99 74 62 57 122 23 63 117 29 178 97 31 0 34 151 27 24 92 120 35 130 101 91 123 21 92 73 102 102 49 65 54 87 24 89 37 41 84 34 144 64 3 34 0 143 42 55 58 117 55 96 69 57 27 136 178 209 129 198 170 140 91 131 149 173 128 179 123 122 176 174 145 151 143 0 125 146 134 34 186 166 180 148 101 21 132 112 61 143 45 98 56 46 65 127 5 81 110 10 175 105 41 27 42 125 0 24 90 94 62 132 110 93 120 34 147 116 55 157 31 118 80 39 79 144 25 87 133 33 196 119 53 24 55 146 24 0 110 113 50 150 124 111 124 76 48 86 148 66 107 8 54 135 40 43 87 64 29 80 86 40 61 92 58 134 90 110 0 121 111 43 46 14 7 107 168 188 96 186 139 128 70 97 128 163 97 156 118 92 178 158 118 120 117 34 94 113 121 0 155 159 164 133 162 51 133 77 104 137 19 116 105 88 71 131 58 60 138 64 193 101 52 35 55 186 62 50 111 155 0 142 103 105 161 116 17 93 191 36 144 35 96 178 73 15 129 85 43 122 52 44 99 130 96 166 132 150 43 159 142 0 45 39 168 90 31 48 171 34 110 43 94 156 45 30 106 44 69 101 96 6 71 101 69 180 110 124 46 164 103 45 0 32 136 77 39 73 153 55 105 13 64 139 34 34 90 54 40 83 88 26 60 91 57 148 93 111 14 133 105 39 32 0 
0 124 27 70 93 211 11 196 164 135 57 146 171 52 159 89 156 143 125 149 167 58 113 68 77 153 69 145 162 157 124 0 151 60 98 90 121 76 106 16 67 57 49 113 119 37 35 27 57 70 43 95 62 56 99 74 56 119 88 103 27 151 0 97 111 238 33 223 187 162 84 172 198 67 177 116 183 170 149 173 194 81 138 95 98 178 96 163 186 176 70 60 97 0 91 142 65 136 104 74 20 76 109 80 142 23 88 74 87 110 99 37 48 16 47 86 13 135 97 132 93 98 111 91 0 182 100 139 190 96 74 149 124 44 66 86 131 125 55 72 136 117 134 75 134 164 78 52 177 66 211 90 238 142 182 0 207 65 115 86 154 79 62 203 181 122 55 68 130 127 47 171 115 143 166 87 142 188 94 161 11 121 33 65 100 207 0 194 154 133 54 139 169 61 165 85 153 139 128 152 163 48 105 65 67 145 66 152 153 162 196 76 223 136 139 65 194 0 155 62 140 106 27 172 122 113 61 75 84 71 52 171 131 130 174 122 130 131 134 102 164 106 187 104 190 115 154 155 0 120 124 51 132 184 225 104 95 86 163 176 103 106 57 118 89 34 115 224 21 209 135 16 162 74 96 86 133 62 120 0 79 69 36 117 109 51 36 34 48 57 40 110 78 68 115 86 68 110 100 91 57 67 84 20 74 154 54 140 124 79 0 95 115 60 130 32 99 86 80 104 110 44 68 11 60 106 12 121 117 121 146 57 172 76 149 79 139 106 51 69 95 0 82 153 176 66 45 35 114 126 55 96 36 85 87 17 83 176 31 160 171 49 198 109 124 62 169 27 132 36 115 82 0 151 119 86 37 48 70 65 29 144 104 104 147 98 104 126 111 99 52 113 67 80 44 203 61 172 184 117 60 153 151 0 110 87 148 138 90 112 156 92 128 68 112 166 71 96 177 110 159 119 177 142 66 181 165 122 225 109 130 176 119 110 0 129 143 143 62 54 143 174 175 126 188 193 129 16 207 20 89 37 116 23 86 122 85 113 104 51 32 66 86 87 129 0 68 54 69 90 78 59 48 21 66 79 20 124 91 115 156 35 183 88 131 55 153 61 95 36 99 45 37 148 143 68 0 15 84 89 11 119 70 89 118 61 87 146 74 124 143 27 170 74 125 68 139 75 86 34 86 35 48 138 143 54 15 0 82 91 26 104 56 75 103 52 74 144 66 125 125 57 149 87 55 130 128 84 163 48 80 114 70 90 62 69 84 82 0 24 87 122 113 73 134 131 75 62 145 46 149 70 173 110 72 127 152 71 176 57 104 126 65 112 54 90 89 91 24 0 89 145 131 96 156 143 98 61 157 35 167 43 194 99 136 47 163 52 103 40 110 55 29 156 143 78 11 26 87 89 0 130 81 99 129 70 98 148 82 124 58 95 81 37 117 171 48 171 106 110 44 96 144 92 174 59 119 104 122 145 130 0 60 50 20 100 47 165 106 165 113 62 138 48 134 115 105 131 57 78 68 36 104 128 175 48 70 56 113 131 81 60 0 61 51 40 58 171 49 159 68 56 95 16 75 143 65 130 118 68 11 85 104 68 126 21 89 75 73 96 99 50 61 0 62 98 3 119 109 116 77 99 98 47 134 166 67 174 89 115 60 87 147 112 188 66 118 103 134 156 129 20 51 62 0 88 59 181 92 178 153 74 178 86 164 87 145 122 34 86 106 17 98 166 193 79 61 52 131 143 70 100 40 98 88 0 95 193 14 177 69 56 96 13 78 142 66 130 115 68 12 83 104 71 129 20 87 74 75 98 98 47 58 3 59 95 0 122 106 119 145 119 163 135 52 188 152 131 224 110 121 176 126 96 16 124 146 144 62 61 148 165 171 119 181 193 122 0 207 30 162 88 186 97 177 94 153 134 21 100 117 31 111 177 207 91 74 66 145 157 82 106 49 109 92 14 106 207 0 191 157 103 176 132 66 161 162 102 209 91 121 160 99 110 20 115 124 125 46 35 124 165 159 116 178 177 119 30 191 0 
0 86 142 52 5 160 95 48 100 131 82 114 162 68 25 48 83 64 158 89 121 95 108 95 143 66 116 155 156 131 86 0 87 81 86 90 23 47 18 116 85 41 147 81 77 112 83 38 73 84 69 25 86 56 67 81 46 111 144 112 142 87 0 162 145 33 64 96 72 59 75 48 76 85 120 136 170 80 107 68 21 109 48 47 129 87 43 28 80 53 52 81 162 0 47 171 101 71 99 169 122 121 201 109 71 100 32 83 140 126 141 75 140 117 116 108 125 180 196 166 5 86 145 47 0 162 96 50 101 135 86 115 166 72 29 53 78 66 157 93 124 94 112 98 142 70 118 158 160 135 160 90 33 171 162 0 70 112 72 92 104 50 107 113 141 163 173 96 85 98 45 107 80 69 113 114 46 56 111 86 95 23 64 101 96 70 0 49 13 96 71 20 125 70 80 110 106 33 75 69 46 48 66 36 80 71 24 88 124 91 48 47 96 71 50 112 49 0 56 98 52 66 130 42 31 65 91 16 119 55 75 66 69 49 113 41 68 111 125 95 100 18 72 99 101 72 13 56 0 108 84 24 137 82 87 120 101 43 64 82 56 37 79 49 67 83 29 98 136 103 131 116 59 169 135 92 96 98 108 0 49 91 32 63 106 108 187 88 159 43 58 141 30 60 174 65 87 43 28 6 82 85 75 122 86 104 71 52 84 49 0 77 80 14 57 63 143 49 145 7 59 110 28 39 151 16 75 76 74 49 114 41 48 121 115 50 20 66 24 91 77 0 117 80 97 125 124 50 70 73 34 61 65 38 83 81 5 75 117 85 162 147 76 201 166 107 125 130 137 32 80 117 0 94 137 135 218 119 183 75 83 172 61 91 200 96 113 51 9 35 68 81 85 109 72 113 70 42 82 63 14 80 94 0 43 51 132 43 145 21 68 104 42 44 148 2 80 90 88 63 25 77 120 71 29 141 80 31 87 106 57 97 137 43 0 36 99 47 150 64 99 93 83 73 141 41 99 131 131 106 48 112 136 100 53 163 110 65 120 108 63 125 135 51 36 0 131 77 184 70 118 129 91 94 177 49 126 139 126 109 83 83 170 32 78 173 106 91 101 187 143 124 218 132 99 131 0 99 127 146 151 68 157 132 98 131 129 193 215 183 64 38 80 83 66 96 33 16 43 88 49 50 119 43 47 77 99 0 107 50 59 61 58 34 105 43 52 97 116 84 158 73 107 140 157 85 75 119 64 159 145 70 183 145 150 184 127 107 0 142 101 65 135 107 34 146 73 135 184 153 89 84 68 126 93 98 69 55 82 43 7 73 75 21 64 70 146 50 142 0 53 109 21 35 149 23 71 69 70 42 121 69 21 141 124 45 46 75 56 58 59 34 83 68 99 118 151 59 101 53 0 93 36 26 117 69 30 42 83 52 95 25 109 75 94 107 48 66 37 141 110 61 172 104 93 129 68 61 65 109 93 0 111 81 48 104 66 135 169 137 108 86 48 140 112 80 66 69 79 30 28 65 61 42 83 91 157 58 135 21 36 111 0 30 146 44 62 48 58 26 95 56 47 117 98 69 36 49 49 60 39 38 91 44 73 94 132 34 107 35 26 81 30 0 116 45 36 63 88 56 143 67 129 116 142 113 80 113 67 174 151 83 200 148 141 177 98 105 34 149 117 48 146 116 0 148 88 157 200 168 66 81 87 108 70 114 71 41 83 65 16 81 96 2 41 49 131 43 146 23 69 104 44 45 148 0 81 92 90 65 116 46 43 125 118 46 24 68 29 87 75 5 113 80 99 126 129 52 73 71 30 66 62 36 88 81 0 70 113 82 155 111 28 180 158 56 88 111 98 43 76 75 51 90 131 139 193 97 135 69 42 135 48 63 157 92 70 0 56 38 156 144 80 196 160 111 124 125 136 28 74 117 9 88 131 126 215 116 184 70 83 169 58 88 200 90 113 56 0 33 131 112 53 166 135 86 91 95 103 6 49 85 35 63 106 109 183 84 153 42 52 137 26 56 168 65 82 38 33 0 
0 87 151 149 111 139 178 174 89 95 138 147 180 121 162 98 127 36 122 190 164 170 137 141 198 195 93 31 80 173 87 0 74 67 57 91 95 140 104 13 66 105 147 35 75 23 50 70 97 108 79 124 53 56 115 112 22 58 59 94 151 74 0 17 116 141 93 96 120 77 14 156 102 43 64 53 87 121 160 43 72 74 26 66 50 48 58 127 130 105 149 67 17 0 103 126 76 113 131 68 27 141 119 33 47 51 72 124 147 41 55 91 14 49 49 46 56 124 121 88 111 57 116 103 0 34 79 196 157 46 113 48 203 73 79 78 34 112 44 138 77 179 90 61 144 141 79 81 34 68 139 91 141 126 34 0 81 228 191 79 142 15 235 102 93 111 54 144 33 157 87 210 115 79 162 160 112 111 59 66 178 95 93 76 79 81 0 189 192 84 102 94 195 75 29 98 51 165 112 90 21 167 74 40 93 91 103 147 113 16 174 140 96 113 196 228 189 0 95 150 89 243 7 127 160 118 175 138 237 121 168 23 118 158 125 124 118 167 197 201 89 104 120 131 157 191 192 95 0 117 106 204 100 119 166 94 154 57 187 162 173 99 124 152 170 167 90 95 142 196 95 13 77 68 46 79 84 150 117 0 71 93 157 35 67 32 37 81 87 108 69 133 54 46 115 112 33 65 53 82 138 66 14 27 113 142 102 89 106 71 0 157 96 40 73 44 88 108 157 57 81 69 29 69 64 62 48 116 124 112 147 105 156 141 48 15 94 243 204 93 157 0 250 117 108 125 69 155 29 172 102 225 130 94 177 175 126 120 67 78 180 147 102 119 203 235 195 7 100 157 96 250 0 134 166 125 182 144 244 126 174 28 125 165 130 129 125 174 204 207 121 35 43 33 73 102 75 127 119 35 40 117 134 0 48 25 48 98 117 73 54 108 19 35 81 78 30 93 88 79 162 75 64 47 79 93 29 160 166 67 73 108 166 48 0 73 45 145 120 65 8 138 45 21 70 67 78 132 108 41 98 23 53 51 78 111 98 118 94 32 44 125 125 25 73 0 62 73 119 92 79 101 39 58 100 97 5 74 82 102 127 50 87 72 34 54 51 175 154 37 88 69 182 48 45 62 0 118 76 105 44 156 61 27 111 108 65 96 63 46 36 70 121 124 112 144 165 138 57 81 108 155 144 98 145 73 118 0 134 163 149 134 112 126 171 168 68 38 89 163 122 97 160 147 44 33 112 237 187 87 157 29 244 117 120 119 76 134 0 181 116 220 134 103 187 184 119 97 45 98 190 108 43 41 138 157 90 121 162 108 57 172 126 73 65 92 105 163 181 0 72 98 55 78 8 5 97 165 160 105 164 79 72 55 77 87 21 168 173 69 81 102 174 54 8 79 44 149 116 72 0 146 53 23 76 74 84 134 107 33 170 124 74 91 179 210 167 23 99 133 69 225 28 108 138 101 156 134 220 98 146 0 97 138 102 101 102 158 182 179 137 53 26 14 90 115 74 118 124 54 29 130 125 19 45 39 61 112 134 55 53 97 0 41 62 59 44 111 107 83 141 56 66 49 61 79 40 158 152 46 69 94 165 35 21 58 27 126 103 78 23 138 41 0 84 81 63 111 87 44 198 115 50 49 144 162 93 125 170 115 64 177 130 81 70 100 111 171 187 8 76 102 62 84 0 3 105 173 167 108 195 112 48 46 141 160 91 124 167 112 62 175 129 78 67 97 108 168 184 5 74 101 59 81 3 0 102 170 164 106 93 22 58 56 79 112 103 118 90 33 48 126 125 30 78 5 65 68 119 97 84 102 44 63 105 102 0 69 80 106 31 58 127 124 81 111 147 167 95 65 116 120 174 93 132 74 96 38 97 165 134 158 111 111 173 170 69 0 53 142 80 59 130 121 34 59 113 197 142 53 124 67 204 88 108 82 63 89 45 160 107 182 107 87 167 164 80 53 0 102 173 94 105 88 68 66 16 201 196 82 112 78 207 79 41 102 46 163 98 105 33 179 83 44 108 106 106 142 102 0 
0 178 221 179 108 140 175 64 163 228 16 132 45 36 68 174 164 198 44 138 164 139 96 192 176 197 84 184 196 72 178 0 84 147 189 38 51 140 194 90 178 75 180 143 124 204 129 40 148 194 104 134 82 100 171 47 94 126 124 110 221 84 0 104 185 105 48 164 166 7 214 89 205 193 186 171 94 45 203 178 73 115 140 46 132 37 146 78 67 149 179 147 104 0 100 139 99 115 63 108 166 85 145 168 179 67 21 125 185 82 43 40 144 58 28 117 140 26 38 126 108 189 185 100 0 160 156 65 57 191 92 115 64 117 145 68 96 186 135 30 112 70 135 142 83 181 123 117 131 100 140 38 105 139 160 0 59 106 175 111 140 55 144 105 87 186 118 66 110 170 96 116 44 104 158 70 56 121 124 73 175 51 48 99 156 59 0 123 151 55 170 46 164 146 138 159 81 30 155 156 56 92 92 49 123 25 98 75 73 103 64 140 164 115 65 106 123 0 108 171 52 77 41 56 80 120 100 149 74 88 101 75 72 131 115 147 59 120 132 36 163 194 166 63 57 175 151 108 0 170 147 121 120 164 186 12 72 180 182 28 96 60 164 120 36 172 155 88 101 134 228 90 7 108 191 111 55 171 170 0 221 96 212 200 193 175 98 50 210 182 79 121 147 50 136 43 153 82 70 156 16 178 214 166 92 140 170 52 147 221 0 125 29 42 75 159 152 194 55 122 153 126 97 183 162 193 84 172 184 68 132 75 89 85 115 55 46 77 121 96 125 0 118 106 104 131 64 74 119 119 46 61 63 64 103 70 63 71 78 61 45 180 205 145 64 144 164 41 120 212 29 118 0 63 96 131 133 190 79 93 139 106 106 169 137 188 92 154 168 71 36 143 193 168 117 105 146 56 164 200 42 106 63 0 33 176 149 166 18 143 144 128 61 169 170 167 49 167 177 45 68 124 186 179 145 87 138 80 186 193 75 104 96 33 0 198 159 153 25 168 149 141 46 168 185 155 41 174 182 53 174 204 171 67 68 186 159 120 12 175 159 131 131 176 198 0 78 187 194 38 103 70 176 125 39 179 167 93 105 146 164 129 94 21 96 118 81 100 72 98 152 64 133 149 159 78 0 109 166 84 25 27 123 48 42 101 120 21 35 107 198 40 45 125 186 66 30 149 180 50 194 74 190 166 153 187 109 0 174 186 84 122 108 70 151 9 117 100 95 126 44 148 203 185 135 110 155 74 182 210 55 119 79 18 25 194 166 174 0 161 159 145 66 183 188 175 57 182 192 60 138 194 178 82 30 170 156 88 28 182 122 119 93 143 168 38 84 186 161 0 105 64 152 132 60 180 142 104 118 119 164 104 73 43 112 96 56 101 96 79 153 46 139 144 149 103 25 84 159 105 0 42 108 30 67 76 108 25 33 99 139 134 115 40 70 116 92 75 60 121 126 61 106 128 141 70 27 122 145 64 42 0 111 72 45 116 104 48 62 88 96 82 140 144 135 44 92 72 164 147 97 63 106 61 46 176 123 108 66 152 108 111 0 126 156 110 14 133 141 36 192 100 46 58 142 104 49 131 120 50 183 64 169 169 168 125 48 70 183 132 30 72 126 0 86 61 127 32 25 124 176 171 132 28 83 158 123 115 36 136 162 103 137 170 185 39 42 151 188 60 67 45 156 86 0 143 149 54 66 132 197 47 37 117 181 70 25 147 172 43 193 70 188 167 155 179 101 9 175 180 76 116 110 61 143 0 118 92 86 125 84 94 146 140 123 56 98 59 155 153 84 63 92 49 41 167 120 117 57 142 108 104 14 127 149 118 0 133 141 23 184 126 78 26 117 121 75 120 88 82 172 71 154 167 174 93 21 100 182 104 25 48 133 32 54 92 133 0 14 122 196 124 67 38 131 124 73 132 101 70 184 78 168 177 182 105 35 95 192 118 33 62 141 25 66 86 141 14 0 132 72 110 149 126 100 73 103 36 134 156 68 61 71 45 53 146 107 126 60 119 99 88 36 124 132 125 23 122 132 0 
0 176 176 168 146 90 74 173 59 42 10 115 150 163 173 80 74 127 126 174 96 52 64 126 63 168 122 71 155 80 176 0 11 30 89 184 164 64 222 182 169 113 141 46 47 116 104 88 59 98 103 198 117 133 126 67 68 149 21 189 176 11 0 40 79 188 158 75 222 179 168 105 149 56 58 119 102 95 53 108 97 199 117 124 127 77 73 152 21 192 168 30 40 0 109 162 168 35 207 182 159 126 112 16 18 97 102 63 68 68 109 181 105 148 110 37 48 130 32 170 146 89 79 109 0 197 97 140 203 131 142 36 191 120 127 130 80 134 49 169 50 188 113 48 127 140 108 159 77 195 90 184 188 162 197 0 158 147 73 132 83 178 84 150 157 70 117 100 157 132 151 50 84 196 70 142 116 38 167 14 74 164 158 168 97 158 0 186 131 38 77 61 194 171 181 117 71 153 105 201 61 126 93 60 103 183 136 128 143 150 173 64 75 35 140 147 186 0 202 193 163 152 83 20 18 94 116 48 95 34 132 175 109 175 110 5 51 120 65 156 59 222 222 207 203 73 131 202 0 95 61 174 155 200 209 110 127 154 178 195 153 27 105 185 97 197 159 82 201 59 42 182 179 182 131 132 38 193 95 0 50 95 185 181 191 110 80 153 126 202 85 94 88 98 93 189 142 110 161 122 10 169 168 159 142 83 77 163 61 50 0 113 140 153 163 70 68 117 120 164 92 49 54 126 53 158 112 61 148 73 115 113 105 126 36 178 61 152 174 95 113 0 187 134 142 116 61 134 58 176 27 161 95 23 109 150 110 141 95 174 150 141 149 112 191 84 194 83 155 185 140 187 0 96 99 77 130 57 142 55 161 128 101 210 93 78 83 79 132 98 163 46 56 16 120 150 171 20 200 181 153 134 96 0 10 90 102 50 76 52 114 174 99 156 103 21 41 120 45 159 173 47 58 18 127 157 181 18 209 191 163 142 99 10 0 99 112 57 84 52 123 183 109 164 113 21 51 129 50 166 80 116 119 97 130 70 117 94 110 110 70 116 77 90 99 0 55 47 87 94 89 84 24 137 17 89 49 33 98 73 74 104 102 102 80 117 71 116 127 80 68 61 130 102 112 55 0 83 52 130 34 108 34 82 48 112 65 80 83 115 127 88 95 63 134 100 153 48 154 153 117 134 57 50 57 47 83 0 85 49 109 127 65 157 64 43 26 72 76 109 126 59 53 68 49 157 105 95 178 126 120 58 142 76 84 87 52 85 0 121 44 158 76 80 89 94 59 119 38 159 174 98 108 68 169 132 201 34 195 202 164 176 55 52 52 94 130 49 121 0 152 168 114 199 111 31 66 113 97 143 96 103 97 109 50 151 61 132 153 85 92 27 161 114 123 89 34 109 44 152 0 138 68 49 82 129 86 114 82 148 52 198 199 181 188 50 126 175 27 94 49 161 128 174 183 84 108 127 158 168 138 0 82 175 72 170 133 55 178 36 64 117 117 105 113 84 93 109 105 88 54 95 101 99 109 24 34 65 76 114 68 82 0 115 14 104 58 46 96 83 126 133 124 148 48 196 60 175 185 98 126 23 210 156 164 137 82 157 80 199 49 175 115 0 129 173 133 160 117 192 63 126 127 110 127 70 103 110 97 93 53 109 93 103 113 17 48 64 89 111 82 72 14 129 0 105 62 32 106 70 168 67 77 37 140 142 183 5 197 189 158 150 78 21 21 89 112 43 94 31 129 170 104 173 105 0 47 115 66 151 122 68 73 48 108 116 136 51 159 142 112 110 83 41 51 49 65 26 59 66 86 133 58 133 62 47 0 82 52 122 71 149 152 130 159 38 128 120 82 110 61 141 79 120 129 33 80 72 119 113 114 55 46 160 32 115 82 0 131 40 155 21 21 32 77 167 143 65 201 161 148 95 132 45 50 98 83 76 38 97 82 178 96 117 106 66 52 131 0 171 80 189 192 170 195 14 150 156 59 122 73 174 98 159 166 73 115 109 159 143 148 36 83 192 70 151 122 40 171 0 
0 67 86 64 104 109 14 84 56 107 42 78 103 90 100 41 70 74 92 44 77 43 59 119 76 115 72 55 21 109 67 0 141 110 156 96 81 111 96 145 102 23 126 23 167 104 113 110 114 73 144 97 126 181 47 176 118 117 57 42 86 141 0 126 18 195 81 55 128 41 97 139 174 163 99 92 133 142 166 127 54 107 55 128 162 130 130 34 107 179 64 110 126 0 143 88 54 142 15 158 29 129 49 130 78 34 7 17 42 38 87 21 74 80 87 72 8 92 57 149 104 156 18 143 0 213 99 60 146 34 114 153 191 178 111 109 150 159 184 145 67 125 72 140 179 143 147 52 125 193 109 96 195 88 213 0 114 189 76 215 106 119 58 101 166 111 83 72 53 68 167 95 152 164 49 156 92 161 88 113 14 81 81 54 99 114 0 88 51 107 30 92 99 104 86 28 61 68 89 46 63 33 45 105 86 101 62 47 30 123 84 111 55 142 60 189 88 0 139 36 115 102 187 130 142 111 149 156 176 128 99 121 91 170 146 170 149 63 102 142 56 96 128 15 146 76 51 139 0 157 32 115 48 115 91 37 17 18 38 23 93 21 78 95 72 87 23 94 45 134 107 145 41 158 34 215 107 36 157 0 129 138 205 165 140 124 165 174 195 151 95 138 94 169 177 171 163 67 127 178 42 102 97 29 114 106 30 115 32 129 0 117 77 124 67 5 36 45 70 42 61 11 46 79 92 74 34 63 45 143 78 23 139 129 153 119 92 102 115 138 117 0 148 28 178 118 132 131 136 93 151 113 134 196 70 191 137 120 73 40 103 126 174 49 191 58 99 187 48 205 77 148 0 139 120 82 42 32 12 60 136 68 123 113 86 104 49 140 87 155 90 23 163 130 178 101 104 130 115 165 124 28 139 0 189 126 132 128 128 92 167 118 149 203 54 197 138 140 79 19 100 167 99 78 111 166 86 142 91 140 67 178 120 189 0 64 83 94 117 108 45 76 52 29 159 33 74 79 110 208 41 104 92 34 109 111 28 111 37 124 5 118 82 126 64 0 41 50 75 47 56 16 41 78 96 74 39 58 47 145 70 113 133 7 150 83 61 149 17 165 36 132 42 132 83 41 0 11 36 40 94 28 81 82 87 74 9 99 61 151 74 110 142 17 159 72 68 156 18 174 45 131 32 128 94 50 11 0 25 38 104 36 91 92 80 84 20 108 63 146 92 114 166 42 184 53 89 176 38 195 70 136 12 128 117 75 36 25 0 49 129 59 116 113 75 104 44 132 76 144 44 73 127 38 145 68 46 128 23 151 42 93 60 92 108 47 40 38 49 0 102 32 85 115 51 109 46 93 27 111 77 144 54 87 67 167 63 99 93 95 61 151 136 167 45 56 94 104 129 102 0 72 18 74 149 76 87 37 93 186 43 97 107 21 125 95 33 121 21 138 11 113 68 118 76 16 28 36 59 32 72 0 57 86 83 79 29 73 40 137 59 126 55 74 72 152 45 91 78 94 46 134 123 149 52 41 81 91 116 85 18 57 0 79 131 79 76 28 75 168 119 181 128 80 140 164 105 170 95 169 79 196 113 203 29 78 82 92 113 115 74 86 79 0 166 9 73 107 124 222 76 47 162 87 179 49 86 146 72 177 92 70 86 54 159 96 87 80 75 51 149 83 131 166 0 159 95 131 56 69 115 176 130 72 143 156 101 170 87 171 74 191 104 197 33 74 74 84 104 109 76 79 79 9 159 0 65 107 119 216 72 118 130 8 147 92 62 149 23 163 34 137 49 138 74 39 9 20 44 46 87 29 76 73 95 65 0 97 65 157 55 117 34 92 52 161 47 63 94 67 63 120 140 140 79 58 99 108 132 93 37 73 28 107 131 107 97 0 76 157 21 57 107 57 125 88 30 102 45 127 45 73 87 79 110 47 61 63 76 27 93 40 75 124 56 119 65 76 0 98 109 42 179 149 193 113 123 142 134 178 143 40 155 19 208 145 151 146 144 111 186 137 168 222 69 216 157 157 98 0 
0 78 72 74 76 92 37 169 147 99 144 28 62 163 56 31 134 103 157 141 61 140 97 122 97 151 48 130 33 89 78 0 106 100 75 50 41 97 89 72 101 106 63 108 88 68 66 45 79 101 33 89 76 105 35 73 63 76 48 128 72 106 0 10 143 80 81 202 126 68 109 77 45 137 19 101 128 98 170 105 110 114 62 71 139 167 44 179 87 22 74 100 10 0 142 70 79 194 116 58 99 83 37 127 18 100 119 88 161 95 107 104 52 61 134 158 39 174 86 29 76 75 143 142 0 120 63 123 164 139 175 95 113 183 124 45 139 120 136 174 43 164 141 170 59 128 104 69 56 162 92 50 80 70 120 0 65 130 55 22 55 117 38 71 67 97 49 18 91 54 77 48 27 55 85 88 50 125 74 99 37 41 81 79 63 65 0 134 117 79 120 65 50 136 62 32 100 72 120 119 29 113 80 109 63 114 41 100 9 103 169 97 202 194 123 130 134 0 127 152 156 197 157 143 184 148 100 114 55 158 109 138 157 181 73 51 159 57 136 223 147 89 126 116 164 55 117 127 0 58 32 172 92 20 119 149 28 45 73 35 121 14 64 69 113 76 105 144 126 144 99 72 68 58 139 22 79 152 58 0 46 120 37 70 61 111 63 38 109 42 96 47 6 33 107 108 51 147 88 86 144 101 109 99 175 55 120 156 32 46 0 166 83 30 105 152 56 56 104 4 132 18 49 42 132 106 97 168 129 122 28 106 77 83 95 117 65 197 172 120 166 0 83 188 67 52 161 130 185 162 88 165 118 139 124 179 69 155 61 88 62 63 45 37 113 38 50 157 92 37 83 83 0 105 29 79 87 55 126 79 75 82 35 60 97 122 14 138 59 66 163 108 137 127 183 71 136 143 20 70 30 188 105 0 131 168 47 64 88 34 141 23 75 72 133 92 119 163 145 152 56 88 19 18 124 67 62 184 119 61 105 67 29 131 0 82 116 84 155 101 91 108 56 73 120 151 25 160 68 41 31 68 101 100 45 97 32 148 149 111 152 52 79 168 82 0 132 104 146 151 40 145 112 139 75 139 67 103 23 119 134 66 128 119 139 49 100 100 28 63 56 161 87 47 116 132 0 32 49 58 99 38 69 85 86 50 97 116 109 148 103 45 98 88 120 18 72 114 45 38 56 130 55 64 84 104 32 0 73 56 77 44 44 68 76 70 65 114 81 117 157 79 170 161 136 91 120 55 73 109 104 185 126 88 155 146 49 73 0 107 106 86 115 134 77 8 132 90 127 190 141 101 105 95 174 54 119 158 35 42 4 162 79 34 101 151 58 56 107 0 131 21 45 38 132 108 93 169 128 118 61 33 110 107 43 77 29 109 121 96 132 88 75 141 91 40 99 77 106 131 0 121 98 127 36 99 68 71 28 132 140 89 114 104 164 48 113 138 14 47 18 165 82 23 108 145 38 44 86 21 121 0 52 55 117 88 96 152 122 130 97 76 62 52 141 27 80 157 64 6 49 118 35 75 56 112 69 44 115 45 98 52 0 29 111 114 49 151 89 80 122 105 71 61 170 55 109 181 69 33 42 139 60 72 73 139 85 68 134 38 127 55 29 0 140 134 74 180 118 82 97 35 139 134 59 85 63 73 113 107 132 124 97 133 120 75 86 76 77 132 36 117 111 140 0 69 95 41 64 161 151 73 167 158 128 88 114 51 76 108 106 179 122 92 151 139 50 70 8 108 99 88 114 134 69 0 128 82 120 187 48 63 44 39 104 50 41 159 105 51 97 69 14 119 25 67 97 65 132 93 68 96 49 74 95 128 0 135 48 66 130 76 179 174 69 125 100 57 144 147 168 155 138 163 160 103 116 114 90 169 71 152 151 180 41 82 135 0 99 201 33 48 87 86 56 74 9 136 126 88 129 61 59 145 68 23 109 81 127 128 28 122 89 118 64 120 48 99 0 108 89 128 22 29 162 99 103 223 144 86 122 88 66 152 41 119 148 117 190 118 132 130 80 82 161 187 66 201 108 0 
0 129 181 190 128 37 45 181 128 121 118 176 92 213 78 79 114 30 46 153 51 183 8 23 74 41 197 100 80 42 129 0 65 147 42 133 144 117 67 51 53 110 126 168 62 54 29 122 87 129 94 63 124 116 60 104 68 125 152 107 181 65 0 115 102 175 185 81 67 65 68 74 145 131 104 102 94 181 146 115 137 9 179 175 107 164 50 140 179 168 190 147 115 0 188 161 164 34 83 100 99 41 103 24 129 136 171 206 180 37 139 124 192 197 136 198 165 95 137 202 128 42 102 188 0 144 156 159 106 89 91 152 152 210 83 73 20 111 82 167 110 98 121 110 79 93 86 154 172 94 37 133 175 161 144 0 12 160 113 110 107 156 59 184 73 79 127 66 68 124 39 179 44 58 73 73 200 67 43 76 45 144 185 164 156 12 0 165 122 120 117 162 61 187 84 90 139 75 80 127 50 189 53 68 84 83 211 69 38 86 181 117 81 34 159 160 165 0 60 75 76 7 108 51 112 117 144 194 163 48 130 90 183 186 119 182 131 100 143 186 128 67 67 83 106 113 122 60 0 17 16 53 78 106 53 57 88 136 104 62 78 74 128 128 59 123 107 73 112 127 121 51 65 100 89 110 120 75 17 0 3 68 83 122 43 44 71 125 91 78 72 69 119 117 48 110 98 81 115 114 118 53 68 99 91 107 117 76 16 3 0 69 80 122 40 42 72 123 89 76 69 72 116 115 46 108 101 78 112 112 176 110 74 41 152 156 162 7 53 68 69 0 105 58 106 110 137 188 157 49 125 83 178 180 112 176 124 98 141 180 92 126 145 103 152 59 61 108 78 83 80 105 0 126 69 79 132 116 101 66 52 152 97 107 74 115 181 8 36 119 213 168 131 24 210 184 187 51 106 122 122 58 126 0 153 160 193 230 204 60 163 140 216 221 160 222 181 118 157 226 78 62 104 129 83 73 84 112 53 43 40 106 69 153 0 10 63 83 51 98 34 107 76 75 7 70 127 71 91 74 79 54 102 136 73 79 90 117 57 44 42 110 79 160 10 0 53 81 47 106 40 104 77 73 6 66 121 81 100 70 114 29 94 171 20 127 139 144 88 71 72 137 132 193 63 53 0 100 68 148 91 92 107 97 59 82 89 134 153 84 30 122 181 206 111 66 75 194 136 125 123 188 116 230 83 81 100 0 35 170 67 182 22 9 77 18 189 123 109 17 46 87 146 180 82 68 80 163 104 91 89 157 101 204 51 47 68 35 0 146 49 147 39 29 45 19 155 106 106 23 153 129 115 37 167 124 127 48 62 78 76 49 66 60 98 106 148 170 146 0 103 123 156 161 105 164 162 58 100 168 51 94 137 139 110 39 50 130 78 72 69 125 52 163 34 40 91 67 49 103 0 140 53 58 34 63 161 57 62 67 183 63 9 124 98 179 189 90 74 69 72 83 152 140 107 104 92 182 147 123 140 0 181 176 110 165 41 147 184 168 8 124 179 192 121 44 53 183 128 119 116 178 97 216 76 77 107 22 39 156 53 181 0 15 72 33 192 104 87 34 23 116 175 197 110 58 68 186 128 117 115 180 107 221 75 73 97 9 29 161 58 176 15 0 69 18 184 114 101 19 74 60 107 136 79 73 84 119 59 48 46 112 74 160 7 6 59 77 45 105 34 110 72 69 0 64 127 77 94 68 41 104 164 198 93 73 83 182 123 110 108 176 115 222 70 66 82 18 19 164 63 165 33 18 64 0 171 120 114 4 197 68 50 165 86 200 211 131 107 98 101 124 181 181 127 121 89 189 155 162 161 41 192 184 127 171 0 179 213 173 100 125 140 95 154 67 69 100 73 81 78 98 8 118 71 81 134 123 106 58 57 147 104 114 77 120 179 0 43 124 80 152 179 137 172 43 38 143 112 115 112 141 36 157 91 100 153 109 106 100 62 184 87 101 94 114 213 43 0 117 42 107 168 202 94 76 86 186 127 114 112 180 119 226 74 70 84 17 23 168 67 168 34 19 68 4 173 124 117 0 
