0 119 53 98 159 130 100 89 128 77 108 123 159 43 98 165 91 79 72 34 96 74 26 140 65 120 80 54 58 157 119 0 122 168 186 23 153 31 85 114 19 125 115 162 203 75 74 69 147 150 133 67 127 150 172 91 178 166 123 106 53 122 0 151 210 141 152 92 162 125 120 168 195 73 142 186 62 112 125 54 146 56 30 188 112 156 128 97 109 192 98 168 151 0 71 164 21 149 115 54 149 75 128 100 64 167 176 99 26 112 40 157 123 72 58 102 43 72 48 133 159 186 210 71 0 175 60 179 109 88 167 62 100 169 131 158 221 123 90 179 65 202 185 37 129 98 114 143 101 110 130 23 141 164 175 0 148 49 68 110 22 113 95 173 206 52 97 66 146 163 128 88 143 138 177 77 179 173 123 86 100 153 152 21 60 148 0 137 95 39 134 54 107 109 84 147 170 84 30 119 20 151 126 53 73 82 61 85 43 112 89 31 92 149 179 49 137 0 90 98 30 121 124 132 178 98 52 56 126 119 120 40 96 146 145 92 153 138 102 117 128 85 162 115 109 68 95 90 0 69 67 49 34 163 172 52 141 50 107 161 75 125 150 72 149 13 145 152 92 30 77 114 125 54 88 110 39 98 69 0 95 47 91 101 103 119 133 45 38 105 23 114 102 63 80 56 76 84 24 93 108 19 120 149 167 22 134 30 67 95 0 106 99 151 187 68 81 50 129 141 114 70 121 131 157 72 161 152 105 91 123 125 168 75 62 113 54 121 49 47 106 0 53 147 137 100 165 65 75 152 37 147 148 25 120 37 111 128 70 59 159 115 195 128 100 95 107 124 34 91 99 53 0 191 189 60 175 83 126 191 89 159 182 66 170 39 163 175 115 10 43 162 73 100 169 173 109 132 163 101 151 147 191 0 71 204 127 117 79 19 114 113 45 159 45 153 63 29 77 190 98 203 142 64 131 206 84 178 172 103 187 137 189 71 0 222 189 140 65 90 100 172 112 136 33 159 27 45 83 194 165 75 186 167 158 52 147 98 52 119 68 100 60 204 222 0 148 87 157 199 127 138 182 121 197 65 195 198 140 50 91 74 62 176 221 97 170 52 141 133 81 165 175 127 189 148 0 100 151 109 156 19 83 190 156 142 169 145 128 169 79 69 112 99 123 66 84 56 50 45 50 65 83 117 140 87 100 0 80 113 65 82 100 90 112 44 113 111 57 80 72 147 125 26 90 146 30 126 107 38 129 75 126 79 65 157 151 80 0 89 38 132 97 81 45 94 38 55 24 129 34 150 54 112 179 163 119 119 161 105 141 152 191 19 90 199 109 113 89 0 120 97 26 165 63 152 81 47 82 189 96 133 146 40 65 128 20 120 75 23 114 37 89 114 100 127 156 65 38 120 0 137 122 45 83 62 74 92 38 94 74 67 56 157 202 88 151 40 125 114 70 147 159 113 172 138 19 82 132 97 137 0 71 172 139 125 151 128 109 154 26 127 30 123 185 143 126 96 150 102 121 148 182 45 112 182 83 100 97 26 122 71 0 165 82 143 98 67 84 180 140 150 188 72 37 138 53 146 72 63 131 25 66 159 136 121 190 90 81 165 45 172 165 0 126 61 114 136 83 75 65 172 112 58 129 177 73 145 149 80 157 120 170 45 33 197 156 112 45 63 83 139 82 126 0 136 18 16 57 173 120 91 156 102 98 77 82 92 13 56 72 37 39 153 159 65 142 44 94 152 62 125 143 61 136 0 132 140 80 37 80 178 128 43 114 179 61 153 145 76 161 111 163 63 27 195 169 113 38 81 74 151 98 114 18 132 0 34 56 167 54 166 97 72 143 173 85 138 152 84 152 128 175 29 45 198 145 111 55 47 92 128 67 136 16 140 34 0 60 177 58 123 109 48 101 123 43 102 92 24 105 70 115 77 83 140 128 57 24 82 38 109 84 83 57 80 56 60 0 117 157 106 192 133 110 86 112 117 30 93 91 59 10 190 194 50 169 80 129 189 94 154 180 75 173 37 167 177 117 0 
0 67 78 60 62 167 65 31 87 158 159 130 105 28 105 71 149 82 67 24 114 61 157 98 50 59 56 32 149 66 67 0 129 28 115 229 132 75 94 221 217 172 172 82 168 93 214 147 128 70 171 127 217 142 42 18 78 99 212 91 78 129 0 134 16 172 67 55 163 161 177 180 89 96 55 144 146 48 28 100 143 81 171 151 127 130 58 66 152 139 60 28 134 0 118 209 123 79 66 202 195 146 162 64 165 67 196 142 127 52 149 113 196 117 16 10 90 90 194 65 62 115 16 118 0 168 58 40 147 157 169 168 87 80 61 128 144 47 23 84 134 70 165 138 111 114 48 51 148 123 167 229 172 209 168 0 112 182 174 12 25 98 84 147 127 156 28 124 146 159 62 107 18 104 193 215 207 137 20 154 65 132 67 123 58 112 0 72 123 101 111 115 40 61 51 102 89 29 39 72 76 16 107 88 109 124 95 33 92 97 31 75 55 79 40 182 72 0 118 172 178 159 110 58 96 102 161 76 55 55 135 75 175 127 74 75 27 45 163 97 87 94 163 66 147 174 123 118 0 170 155 91 154 68 174 21 170 151 146 63 112 108 158 70 54 76 140 101 164 26 158 221 161 202 157 12 101 172 170 0 30 99 72 139 115 152 16 113 135 151 58 97 22 102 186 207 196 127 9 150 159 217 177 195 169 25 111 178 155 30 0 74 92 136 135 138 44 130 149 147 46 103 8 85 179 202 203 133 33 137 130 172 180 146 168 98 115 159 91 99 74 0 123 102 160 80 105 144 153 110 50 100 80 32 130 154 186 118 96 81 105 172 89 162 87 84 40 110 154 72 92 123 0 98 43 133 57 41 64 110 74 49 86 105 147 164 131 73 64 129 28 82 96 64 80 147 61 58 68 139 136 102 98 0 108 48 132 85 78 12 90 49 135 70 49 68 84 33 130 43 105 168 55 165 61 127 51 96 174 115 135 160 43 108 0 153 99 23 41 116 114 67 129 137 153 164 109 75 107 148 71 93 144 67 128 156 102 102 21 152 138 80 133 48 153 0 150 130 126 47 94 87 141 54 51 75 127 81 145 5 149 214 146 196 144 28 89 161 170 16 44 105 57 132 99 150 0 98 121 144 60 88 36 104 181 200 184 118 11 147 82 147 48 142 47 124 29 76 151 113 130 144 41 85 23 130 98 0 24 93 101 45 124 117 130 141 93 52 104 125 67 128 28 127 23 146 39 55 146 135 149 153 64 78 41 126 121 24 0 85 115 53 144 125 117 125 70 45 126 121 24 70 100 52 84 159 72 55 63 151 147 110 110 12 116 47 144 93 85 0 101 61 147 78 37 56 80 41 142 42 114 171 143 149 134 62 76 135 112 58 46 50 74 90 114 94 60 101 115 101 0 64 47 44 133 156 161 90 52 92 61 127 81 113 70 107 16 75 108 97 103 100 49 49 67 87 88 45 53 61 64 0 100 72 98 117 100 30 88 82 157 217 171 196 165 18 107 175 158 22 8 80 86 135 129 141 36 124 144 147 47 100 0 88 180 203 200 130 25 139 98 142 151 117 138 104 88 127 70 102 85 32 105 70 137 54 104 117 125 78 44 72 88 0 101 125 154 87 96 54 50 42 127 16 111 193 109 74 54 186 179 130 147 49 153 51 181 130 117 37 133 98 180 101 0 24 90 78 178 49 59 18 130 10 114 215 124 75 76 207 202 154 164 68 164 75 200 141 125 56 156 117 203 125 24 0 84 91 198 73 56 78 58 90 48 207 95 27 140 196 203 186 131 84 109 127 184 93 70 80 161 100 200 154 90 84 0 71 187 122 32 99 66 90 51 137 33 45 101 127 133 118 73 33 75 81 118 52 45 41 90 30 130 87 78 91 71 0 118 76 149 212 152 194 148 20 92 163 164 9 33 96 64 130 107 145 11 104 126 142 52 88 25 96 178 198 187 118 0 142 66 91 139 65 123 154 97 97 26 150 137 81 129 43 148 5 147 125 121 42 92 82 139 54 49 73 122 76 142 0 
0 120 71 69 64 106 37 95 45 81 54 67 120 51 19 37 109 21 85 77 98 6 125 79 46 121 79 105 75 69 120 0 80 146 57 210 154 71 136 97 68 75 235 121 101 152 216 114 199 90 142 123 150 194 92 175 148 221 98 158 71 80 0 131 37 134 108 24 109 110 59 8 164 106 62 88 142 80 129 12 64 77 77 149 25 97 68 154 107 134 69 146 131 0 107 157 57 152 24 57 83 125 156 26 70 93 157 52 130 141 167 63 194 74 110 189 147 138 52 17 64 57 37 107 0 154 100 47 91 77 26 29 178 81 47 95 160 64 142 49 99 69 114 142 37 132 98 164 74 116 106 210 134 157 154 0 100 154 137 185 156 136 40 152 124 69 11 125 30 129 95 107 118 104 118 85 71 44 179 147 37 154 108 57 100 100 0 132 37 94 86 104 102 54 53 39 100 40 73 113 124 31 152 42 83 141 100 84 88 48 95 71 24 152 47 154 132 0 131 124 73 28 186 126 84 112 162 102 151 25 73 101 79 173 49 106 85 176 121 156 45 136 109 24 91 137 37 131 0 59 69 103 139 19 47 70 137 29 110 118 143 39 170 65 87 165 123 121 53 25 81 97 110 57 77 185 94 124 59 0 51 102 195 40 66 116 188 60 163 122 165 78 187 124 98 194 153 177 6 73 54 68 59 83 26 156 86 73 69 51 0 51 174 57 35 90 161 46 138 71 116 57 136 126 49 147 110 159 48 94 67 75 8 125 29 136 104 28 103 102 51 0 165 99 56 86 144 74 129 20 71 73 85 145 22 104 73 154 99 128 120 235 164 156 178 40 102 186 139 195 174 165 0 156 139 84 29 136 36 161 133 120 158 90 144 125 107 19 189 143 51 121 106 26 81 152 54 126 19 40 57 99 156 0 46 83 152 30 126 116 147 47 173 84 86 172 130 138 34 37 19 101 62 70 47 124 53 84 47 66 35 56 139 46 0 56 127 18 104 71 102 22 127 95 40 129 87 124 61 72 37 152 88 93 95 69 39 112 70 116 90 86 84 83 56 0 72 56 48 89 88 38 117 68 64 102 62 70 110 86 109 216 142 157 160 11 100 162 137 188 161 144 29 152 127 72 0 128 27 137 105 110 129 100 124 96 80 35 182 145 21 114 80 52 64 125 40 102 29 60 46 74 136 30 18 56 128 0 103 89 117 18 143 80 58 142 100 119 54 54 85 199 129 130 142 30 73 151 110 163 138 129 36 126 104 48 27 103 0 126 105 86 132 74 108 103 77 25 157 118 77 90 12 141 49 129 113 25 118 122 71 20 161 116 71 89 137 89 126 0 52 83 65 153 31 85 60 151 119 143 98 142 64 167 99 95 124 73 143 165 116 71 133 147 102 88 105 117 105 52 0 104 29 156 67 33 28 130 160 167 6 123 77 63 69 107 31 101 39 78 57 73 120 47 22 38 110 18 86 83 104 0 131 73 52 126 84 104 72 63 125 150 77 194 114 118 152 79 170 187 136 85 158 173 127 117 129 143 132 65 29 131 0 185 89 38 56 157 182 194 79 194 149 74 142 104 42 173 65 124 126 145 90 84 95 68 100 80 74 153 156 73 185 0 124 166 129 71 118 57 46 92 25 110 37 118 83 49 87 98 49 22 144 86 40 64 124 58 108 31 67 52 89 124 0 98 61 132 93 112 121 175 97 189 132 85 141 106 165 194 147 104 125 172 129 102 96 142 103 85 33 126 38 166 98 0 42 126 189 187 79 148 68 147 98 71 100 85 123 153 110 73 107 130 87 62 80 100 77 60 28 84 56 129 61 42 0 102 148 145 105 221 154 138 164 44 84 176 121 177 159 154 19 138 124 70 35 119 25 151 130 104 157 71 132 126 102 0 171 124 75 98 107 52 74 179 88 121 53 6 48 99 189 34 61 110 182 54 157 119 160 72 182 118 93 189 148 171 0 68 69 158 134 17 116 147 48 156 25 73 94 128 143 37 72 86 145 54 118 143 167 63 194 57 112 187 145 124 68 0 
0 113 65 123 54 159 92 63 108 66 114 82 133 163 85 183 158 51 167 53 182 80 37 163 44 186 75 107 14 222 113 0 53 176 152 82 89 128 35 130 138 163 40 62 115 105 68 117 160 82 184 45 86 105 143 103 90 137 100 204 65 53 0 130 99 97 52 75 43 78 97 110 68 98 70 122 93 64 135 59 156 45 33 106 90 124 79 94 51 187 123 176 130 0 82 157 89 61 146 58 45 50 165 190 61 171 172 74 86 167 84 174 110 140 88 179 190 42 119 133 54 152 99 82 0 174 96 40 136 41 92 33 161 191 73 196 180 41 149 107 157 129 66 169 10 201 129 84 58 203 159 82 97 157 174 0 79 136 57 137 112 169 42 42 107 25 21 133 102 152 128 122 122 28 169 27 166 116 145 131 92 89 52 89 96 79 0 57 57 58 49 91 76 103 30 100 88 55 83 109 104 97 57 74 91 105 130 48 79 136 63 128 75 61 40 136 57 0 105 3 54 36 128 158 33 157 145 13 111 106 122 116 50 129 39 162 129 47 58 165 108 35 43 146 136 57 57 105 0 107 105 141 25 55 86 82 50 97 125 95 149 65 74 73 129 82 110 105 94 169 66 130 78 58 41 137 58 3 107 0 52 34 130 159 32 158 146 16 109 109 119 119 53 129 40 163 132 44 61 163 114 138 97 45 92 112 49 54 105 52 0 70 121 145 30 126 127 63 57 146 68 142 88 95 92 134 169 8 105 111 82 163 110 50 33 169 91 36 141 34 70 0 164 193 62 188 179 46 126 133 129 148 82 159 41 195 156 63 83 177 133 40 68 165 161 42 76 128 25 130 121 164 0 30 106 65 28 121 130 116 156 82 99 66 154 63 127 123 119 169 163 62 98 190 191 42 103 158 55 159 145 193 30 0 133 54 21 151 144 143 170 107 129 70 184 48 152 148 149 173 85 115 70 61 73 107 30 33 86 32 30 62 106 133 0 126 118 37 82 117 97 115 58 97 72 133 140 25 76 137 183 105 122 171 196 25 100 157 82 158 126 188 65 54 126 0 38 155 105 177 129 146 146 32 191 9 191 131 169 123 158 68 93 172 180 21 88 145 50 146 127 179 28 21 118 38 0 139 123 144 149 110 123 49 174 35 155 130 144 152 51 117 64 74 41 133 55 13 97 16 63 46 121 151 37 155 139 0 118 93 131 103 37 129 36 160 116 56 45 173 167 160 135 86 149 102 83 111 125 109 57 126 130 144 82 105 123 118 0 192 26 179 137 75 149 114 213 65 157 55 53 82 59 167 107 152 109 106 95 109 146 133 116 143 117 177 144 93 192 0 211 38 59 165 97 177 23 141 50 245 182 184 156 84 157 128 104 122 149 119 68 129 156 170 97 129 149 131 26 211 0 201 154 101 159 138 234 75 173 49 80 45 45 174 129 122 97 116 65 119 142 148 82 107 115 146 110 103 179 38 201 0 66 138 119 145 45 139 71 229 37 86 33 110 66 122 57 50 74 53 88 82 99 129 58 146 123 37 137 59 154 66 0 126 57 149 82 82 23 191 163 105 106 140 169 28 74 129 73 129 95 159 66 70 97 32 49 129 75 165 101 138 126 0 165 40 182 100 149 103 44 143 90 88 10 169 91 39 129 40 92 41 154 184 72 191 174 36 149 97 159 119 57 165 0 196 119 84 48 203 186 103 124 179 201 27 105 162 82 163 134 195 63 48 133 9 35 160 114 177 138 145 149 40 196 0 190 139 172 132 75 90 79 190 129 166 130 129 110 132 169 156 127 152 140 191 155 116 213 23 234 45 82 182 119 190 0 164 73 266 107 137 94 42 84 116 48 47 105 44 8 63 123 148 25 131 130 56 65 141 75 139 82 100 84 139 164 0 99 119 14 100 51 119 58 145 79 58 94 61 105 83 119 149 76 169 144 45 157 50 173 71 23 149 48 172 73 99 0 212 222 204 187 133 203 131 136 165 169 163 111 177 169 173 137 123 152 173 55 245 49 229 191 103 203 132 266 119 212 0 
0 74 44 36 85 64 21 111 52 83 77 110 81 54 62 25 119 131 80 68 89 71 46 46 99 80 64 61 89 93 74 0 118 42 98 50 69 142 50 83 151 135 22 106 123 65 47 143 148 141 130 64 111 75 170 141 97 49 136 166 44 118 0 78 99 97 59 123 92 104 34 108 125 49 42 64 163 151 55 25 98 109 28 68 56 69 72 101 92 58 36 42 78 0 73 34 41 131 46 63 112 106 55 66 81 39 89 143 115 100 112 68 69 39 128 112 61 52 115 129 85 98 99 73 0 48 104 196 119 17 129 38 119 51 67 105 142 213 153 104 174 141 72 39 118 161 27 125 174 157 64 50 97 34 48 0 74 165 77 34 131 85 71 67 85 73 95 175 143 114 146 98 79 34 137 144 50 82 149 154 21 69 59 41 104 74 0 93 33 99 87 130 70 75 83 5 108 110 79 84 73 51 67 65 115 73 84 42 75 97 111 142 123 131 196 165 93 0 93 192 125 221 129 161 162 92 158 35 88 143 25 80 145 157 169 63 175 93 33 110 52 50 92 46 119 77 33 93 0 109 120 151 42 103 114 28 79 98 108 117 80 22 98 83 148 95 105 9 87 127 83 83 104 63 17 34 99 192 109 0 136 55 105 60 77 100 125 206 157 113 172 131 79 38 130 162 36 115 172 162 77 151 34 112 129 131 87 125 120 136 0 132 157 78 65 92 195 158 40 27 101 133 57 101 44 63 102 129 92 30 110 135 108 106 38 85 130 221 151 55 132 0 156 60 67 133 180 240 163 105 197 173 80 68 108 176 46 158 194 161 81 22 125 55 119 71 70 129 42 105 157 156 0 121 136 65 38 126 149 149 119 49 123 93 180 137 115 37 127 166 54 106 49 66 51 67 75 161 103 60 78 60 121 0 18 79 153 184 104 53 138 124 21 33 71 116 24 111 134 106 62 123 42 81 67 85 83 162 114 77 65 67 136 18 0 87 170 187 96 39 138 133 17 51 53 111 41 123 133 94 25 65 64 39 105 73 5 92 28 100 92 133 65 79 87 0 103 108 84 89 73 46 71 67 120 76 87 37 76 101 119 47 163 89 142 95 108 158 79 125 195 180 38 153 170 103 0 149 187 187 153 80 158 122 216 174 144 73 162 204 131 143 151 143 213 175 110 35 98 206 158 240 126 184 187 108 149 0 123 173 57 79 170 175 201 98 194 95 68 145 80 148 55 115 153 143 79 88 108 157 40 163 149 104 96 84 187 123 0 63 66 114 83 119 84 25 126 115 55 22 68 141 25 100 104 114 84 143 117 113 27 105 149 53 39 89 187 173 63 0 118 134 35 81 31 84 77 126 110 57 89 130 98 112 174 146 73 25 80 172 101 197 119 138 138 73 153 57 66 118 0 73 121 135 145 41 153 82 12 88 71 64 109 68 141 98 51 80 22 131 133 173 49 124 133 46 80 79 114 134 73 0 117 105 165 97 127 16 82 135 46 111 28 69 72 79 67 145 98 79 57 80 123 21 17 71 158 170 83 35 121 117 0 46 59 96 45 107 116 85 46 75 68 39 39 34 65 157 83 38 101 68 93 33 51 67 122 175 119 81 135 105 46 0 103 124 22 90 135 126 99 170 56 128 118 137 115 169 148 130 44 108 180 71 53 120 216 201 84 31 145 165 59 103 0 107 94 157 136 70 80 141 69 112 161 144 73 63 95 162 63 176 137 116 111 76 174 98 25 84 41 97 96 124 107 0 136 101 30 47 64 97 72 61 27 50 84 175 105 36 102 46 115 24 41 87 144 194 126 77 153 127 45 22 94 136 0 112 151 130 61 49 101 52 125 82 42 93 9 115 129 158 37 111 123 37 73 95 115 126 82 16 107 90 157 101 112 0 90 135 89 136 92 115 174 149 75 33 87 172 92 194 127 134 133 76 162 68 55 110 12 82 116 135 136 30 151 90 0 77 93 166 58 129 157 154 97 110 127 162 30 161 166 106 94 101 204 145 22 57 88 135 85 126 70 47 130 135 77 0 
0 33 48 121 136 52 164 175 138 182 7 172 75 131 70 150 121 157 170 147 161 99 102 111 147 136 120 173 184 103 33 0 15 88 103 47 131 143 121 155 36 146 62 98 44 117 90 138 147 114 137 80 69 78 115 103 98 140 159 70 48 15 0 73 88 51 116 129 115 144 51 135 62 83 36 102 77 131 139 99 126 74 54 63 101 88 91 125 149 55 121 88 73 0 28 101 59 81 104 116 123 88 109 13 64 34 33 110 131 27 86 80 23 10 35 45 104 53 129 25 136 103 88 28 0 125 31 53 132 90 139 109 107 17 89 49 61 138 108 38 111 108 34 36 54 20 89 41 104 33 52 47 51 101 125 0 155 174 87 193 47 127 109 113 37 120 87 106 190 121 114 49 91 91 115 132 142 154 200 94 164 131 116 59 31 155 0 25 161 69 167 131 122 46 119 70 90 164 96 59 133 139 64 67 76 29 92 40 85 62 175 143 129 81 53 174 25 0 185 45 179 156 123 70 139 95 114 189 76 84 158 161 83 88 101 42 85 63 62 80 138 121 115 104 132 87 161 185 0 220 134 58 177 115 79 95 71 19 231 104 45 41 114 101 88 149 195 138 233 117 182 155 144 116 90 193 69 45 220 0 188 198 116 107 162 137 149 226 36 126 200 191 109 120 143 71 69 108 17 106 7 36 51 123 139 47 167 179 134 188 0 170 82 134 68 150 120 153 176 148 159 95 105 113 147 139 126 176 190 106 172 146 135 88 109 127 131 156 58 198 170 0 189 93 102 61 61 47 217 72 13 78 106 90 55 129 190 98 213 109 75 62 62 109 107 109 122 123 177 116 82 189 0 112 98 143 128 192 96 135 182 136 86 102 144 94 47 148 113 84 131 98 83 13 17 113 46 70 115 107 134 93 112 0 76 34 44 121 124 24 94 93 29 22 38 36 101 42 120 29 70 44 36 64 89 37 119 139 79 162 68 102 98 76 0 84 52 95 164 84 93 38 56 54 80 97 121 117 171 59 150 117 102 34 49 120 70 95 95 137 150 61 143 34 84 0 33 95 157 11 64 84 57 41 7 69 135 43 152 59 121 90 77 33 61 87 90 114 71 149 120 61 128 44 52 33 0 77 163 38 56 52 47 31 28 78 131 73 162 50 157 138 131 110 138 106 164 189 19 226 153 47 192 121 95 95 77 0 240 105 36 59 123 108 88 155 206 137 239 126 170 147 139 131 108 190 96 76 231 36 176 217 96 124 164 157 163 240 0 146 217 198 117 132 162 88 50 136 22 114 147 114 99 27 38 121 59 84 104 126 148 72 135 24 84 11 38 105 146 0 74 90 50 36 17 58 125 35 141 51 161 137 126 86 111 114 133 158 45 200 159 13 182 94 93 64 56 36 217 74 0 65 103 87 57 130 187 104 214 106 99 80 74 80 108 49 139 161 41 191 95 78 136 93 38 84 52 59 198 90 65 0 82 73 78 122 157 125 201 85 102 69 54 23 34 91 64 83 114 109 105 106 86 29 56 57 47 123 117 50 103 82 0 16 58 41 84 71 119 3 111 78 63 10 36 91 67 88 101 120 113 90 102 22 54 41 31 108 132 36 87 73 16 0 42 49 100 63 132 19 147 115 101 35 54 115 76 101 88 143 147 55 144 38 80 7 28 88 162 17 57 78 58 42 0 74 139 50 158 60 136 103 88 45 20 132 29 42 149 71 139 129 94 36 97 69 78 155 88 58 130 122 41 49 74 0 71 57 84 38 120 98 91 104 89 142 92 85 195 69 126 190 47 101 121 135 131 206 50 125 187 157 84 100 139 71 0 128 66 81 173 140 125 53 41 154 40 63 138 108 176 98 148 42 117 43 73 137 136 35 104 125 71 63 50 57 128 0 125 71 184 159 149 129 104 200 85 62 233 17 190 213 113 120 171 152 162 239 22 141 214 201 119 132 158 84 66 125 0 116 103 70 55 25 33 94 62 80 117 106 106 109 84 29 59 59 50 126 114 51 106 85 3 19 60 38 81 71 116 0 
0 34 67 54 63 47 69 30 67 7 39 7 98 47 102 27 119 54 127 94 132 93 106 17 118 26 105 54 56 116 34 0 58 69 33 55 63 19 67 27 73 31 118 55 95 61 137 84 161 114 141 127 118 26 152 48 139 20 86 130 67 58 0 120 41 110 121 76 124 63 89 60 165 34 37 90 100 83 163 84 89 133 76 50 156 55 142 62 83 90 54 69 120 0 102 15 38 50 29 57 69 61 49 101 156 50 167 93 143 141 185 112 157 70 133 78 124 83 96 165 63 33 41 102 0 88 92 52 97 56 98 57 151 58 76 90 138 101 182 119 130 149 115 47 174 65 160 24 102 129 47 55 110 15 88 0 28 36 22 48 70 53 63 93 147 50 165 92 151 139 179 119 152 61 141 72 130 68 95 162 69 63 121 38 92 28 0 46 10 68 98 74 76 112 158 78 188 119 179 163 199 147 175 78 169 95 158 68 122 185 30 19 76 50 52 36 46 0 48 25 68 31 99 67 113 51 146 84 156 121 154 122 130 33 147 52 134 34 86 141 67 67 124 29 97 22 10 48 0 66 92 72 66 111 161 72 186 114 171 160 198 140 173 78 161 93 151 74 117 183 7 27 63 57 56 48 68 25 66 0 46 6 103 45 99 34 121 59 134 96 132 100 107 13 125 27 112 47 61 117 39 73 89 69 98 70 98 68 92 46 0 43 97 57 115 20 99 24 88 74 124 54 94 51 79 35 66 93 27 100 7 31 60 61 57 53 74 31 72 6 43 0 105 40 95 33 115 53 131 90 126 97 101 10 122 21 109 51 56 111 98 118 165 49 151 63 76 99 66 103 97 105 0 143 200 83 196 121 144 171 221 121 191 115 135 119 130 131 124 197 47 55 34 101 58 93 112 67 111 45 57 40 143 0 59 60 82 49 130 61 87 99 63 34 123 24 109 69 49 75 102 95 37 156 76 147 158 113 161 99 115 95 200 59 0 119 87 101 174 82 62 147 62 86 169 83 155 98 100 76 27 61 90 50 90 50 78 51 72 34 20 33 83 60 119 0 117 43 105 91 138 72 109 43 96 36 84 81 46 116 119 137 100 167 138 165 188 146 186 121 99 115 196 82 87 117 0 75 107 26 42 94 25 114 106 94 96 151 72 12 54 84 83 93 101 92 119 84 114 59 24 53 121 49 101 43 75 0 82 50 101 50 71 58 74 36 60 103 3 76 127 161 163 143 182 151 179 156 171 134 88 131 144 130 174 105 107 82 0 96 148 34 122 138 10 117 22 181 81 116 94 114 84 141 119 139 163 121 160 96 74 90 171 61 82 91 26 50 96 0 56 76 27 89 92 69 80 130 47 26 132 141 89 185 130 179 199 154 198 132 124 126 221 87 62 138 42 101 148 56 0 132 30 121 147 107 136 150 99 32 93 127 133 112 149 119 147 122 140 100 54 97 121 99 147 72 94 50 34 76 132 0 103 104 25 84 12 147 50 101 106 118 76 157 115 152 175 130 173 107 94 101 191 63 62 109 25 71 122 27 30 103 0 97 119 80 107 131 69 14 17 26 50 70 47 61 78 33 78 13 51 10 115 34 86 43 114 58 138 89 121 104 97 0 129 22 116 45 60 108 118 152 156 133 174 141 169 147 161 125 79 122 135 123 169 96 106 74 10 92 147 25 119 129 0 109 14 172 74 115 26 48 55 78 65 72 95 52 93 27 35 21 119 24 83 36 94 36 117 69 107 84 80 22 109 0 95 67 38 90 105 139 142 124 160 130 158 134 151 112 66 109 130 109 155 84 96 60 22 80 136 12 107 116 14 95 0 159 60 104 54 20 62 83 24 68 68 34 74 47 93 51 131 69 98 81 151 103 181 130 150 147 131 45 172 67 159 0 105 144 56 86 83 96 102 95 122 86 117 61 27 56 124 49 100 46 72 3 81 47 99 50 69 60 74 38 60 105 0 73 116 130 90 165 129 162 185 141 183 117 100 111 197 75 76 116 12 76 116 26 32 101 14 108 115 90 104 144 73 0 
0 30 56 93 135 160 121 30 170 85 132 89 77 54 180 152 152 106 95 133 92 155 170 27 179 142 140 57 194 164 30 0 32 117 127 169 92 59 159 78 117 59 55 50 172 156 157 116 100 122 87 168 169 17 171 150 138 81 184 169 56 32 0 121 98 152 68 77 128 53 85 41 23 34 143 135 138 103 84 91 64 157 145 49 142 134 114 112 153 150 93 117 121 0 131 98 187 65 166 100 147 162 129 91 160 108 103 59 71 139 96 79 129 120 159 85 111 111 181 110 135 127 98 131 0 86 115 136 37 50 29 118 79 81 45 57 64 73 60 15 44 107 57 144 44 75 32 190 59 73 160 169 152 98 86 0 194 144 107 101 115 185 142 121 88 30 22 54 69 101 90 28 45 181 87 19 54 200 111 18 121 92 68 187 115 194 0 145 127 96 88 34 58 96 152 169 175 155 135 101 106 206 172 106 152 178 144 173 151 185 30 59 77 65 136 144 145 0 173 89 139 115 95 61 178 141 139 90 85 137 92 134 160 57 177 126 133 57 195 149 170 159 128 166 37 107 127 173 0 85 43 139 105 116 26 77 85 108 96 37 81 131 65 176 27 100 58 226 25 90 85 78 53 100 50 101 96 89 85 0 50 84 41 31 95 82 85 59 39 48 11 111 92 95 94 84 61 141 109 97 132 117 85 147 29 115 88 139 43 50 0 96 62 78 64 86 93 95 77 14 52 135 85 134 64 103 61 188 68 102 89 59 41 162 118 185 34 115 139 84 96 0 43 74 160 165 169 141 121 107 95 194 173 72 160 168 142 139 164 181 77 55 23 129 79 142 58 95 105 41 62 43 0 38 123 122 126 99 79 70 52 152 131 72 123 125 100 134 130 138 54 50 34 91 81 121 96 61 116 31 78 74 38 0 126 106 107 69 52 79 38 123 120 65 125 102 89 110 140 119 180 172 143 160 45 88 152 178 26 95 64 160 123 126 0 60 68 101 95 53 88 114 43 189 1 86 49 233 23 70 152 156 135 108 57 30 169 141 77 82 86 165 122 106 60 0 8 52 57 72 71 54 21 170 59 26 25 198 83 16 152 157 138 103 64 22 175 139 85 85 93 169 126 107 68 8 0 49 57 79 74 46 28 170 67 18 32 196 91 12 106 116 103 59 73 54 155 90 108 59 95 141 99 69 101 52 49 0 20 84 49 54 73 127 100 36 52 147 122 59 95 100 84 71 60 69 135 85 96 39 77 121 79 52 95 57 57 20 0 68 29 73 75 113 94 50 48 142 115 69 133 122 91 139 15 101 101 137 37 48 14 107 70 79 53 72 79 84 68 0 46 121 71 139 53 89 47 189 62 88 92 87 64 96 44 90 106 92 81 11 52 95 52 38 88 71 74 49 29 46 0 100 82 103 87 73 51 146 103 86 155 168 157 79 107 28 206 134 131 111 135 194 152 123 114 54 46 54 73 121 100 0 73 179 113 32 75 188 137 46 170 169 145 129 57 45 172 160 65 92 85 173 131 120 43 21 28 73 75 71 82 73 0 185 42 46 31 217 66 27 27 17 49 120 144 181 106 57 176 95 134 72 72 65 189 170 170 127 113 139 103 179 185 0 188 162 154 67 201 182 179 171 142 159 44 87 152 177 27 94 64 160 123 125 1 59 67 100 94 53 87 113 42 188 0 85 48 233 24 69 142 150 134 85 75 19 178 126 100 84 103 168 125 102 86 26 18 36 50 89 73 32 46 162 85 0 43 183 109 25 140 138 114 111 32 54 144 133 58 61 61 142 100 89 49 25 32 52 48 47 51 75 31 154 48 43 0 190 70 41 57 81 112 111 190 200 173 57 226 141 188 139 134 110 233 198 196 147 142 189 146 188 217 67 233 183 190 0 249 206 194 184 153 181 59 111 151 195 25 109 68 164 130 140 23 83 91 122 115 62 103 137 66 201 24 109 70 249 0 93 164 169 150 110 73 18 185 149 90 97 102 181 138 119 70 16 12 59 69 88 86 46 27 182 69 25 41 206 93 0 
0 3 157 88 164 187 44 106 204 135 81 93 172 125 169 42 21 159 68 66 135 37 54 100 114 112 173 149 188 89 3 0 154 89 163 187 41 105 204 134 78 96 171 126 167 39 20 156 65 67 133 40 52 102 115 112 170 149 185 86 157 154 0 126 52 118 125 66 118 52 114 170 43 106 19 144 165 45 89 132 35 177 104 158 127 100 16 80 37 83 88 89 126 0 105 103 101 60 122 80 128 45 118 41 127 115 109 153 75 22 91 80 63 32 26 33 135 76 163 111 164 163 52 105 0 66 145 58 66 29 146 148 15 72 37 164 178 97 104 119 36 175 112 132 97 73 48 36 81 115 187 187 118 103 66 0 183 94 21 75 195 135 78 62 103 200 206 162 143 124 93 182 143 117 82 75 114 45 146 166 44 41 125 101 145 183 0 90 195 117 37 123 149 126 140 19 42 118 41 83 111 80 40 123 125 112 141 139 151 47 106 105 66 60 58 94 90 0 105 29 101 104 67 51 69 109 120 95 49 66 33 117 54 92 66 40 77 49 103 73 204 204 118 122 66 21 195 105 0 83 205 156 75 81 100 214 222 163 154 143 98 201 157 138 102 93 111 56 143 176 135 134 52 80 29 75 117 29 83 0 123 125 38 54 48 136 149 92 76 92 19 146 83 109 77 50 58 31 89 93 81 78 114 128 146 195 37 101 205 123 0 156 146 145 131 44 74 95 55 114 110 117 65 155 150 131 130 150 131 31 93 96 170 45 148 135 123 104 156 125 156 0 161 79 172 131 114 196 108 44 136 67 93 18 54 75 180 117 207 145 172 171 43 118 15 78 149 67 75 38 146 161 0 86 25 168 184 88 108 130 38 184 119 145 111 86 36 51 68 115 125 126 106 41 72 62 126 51 81 54 145 79 86 0 102 143 145 143 90 62 72 120 86 61 25 14 112 38 143 122 169 167 19 127 37 103 140 69 100 48 131 172 25 102 0 159 178 63 102 135 36 185 115 157 125 98 11 70 44 101 42 39 144 115 164 200 19 109 214 136 44 131 168 143 159 0 30 134 60 95 130 79 57 134 140 129 160 158 168 63 21 20 165 109 178 206 42 120 222 149 74 114 184 145 178 30 0 160 76 87 146 55 66 121 135 131 181 166 192 89 159 156 45 153 97 162 118 95 163 92 95 196 88 143 63 134 160 0 95 153 73 186 112 185 161 135 55 123 39 71 68 65 89 75 104 143 41 49 154 76 55 108 108 90 102 60 76 95 0 64 70 91 17 104 95 76 105 98 120 37 66 67 132 22 119 124 83 66 143 92 114 44 130 62 135 95 87 153 64 0 99 58 49 41 48 51 143 94 168 101 135 133 35 91 36 93 111 33 98 19 110 136 38 72 36 130 146 73 70 99 0 149 81 123 92 65 44 50 72 79 37 40 177 80 175 182 80 117 201 146 117 67 184 120 185 79 55 186 91 58 149 0 74 79 104 109 191 152 210 120 54 52 104 63 112 143 40 54 157 83 65 93 119 86 115 57 66 112 17 49 81 74 0 90 86 72 119 101 136 52 100 102 158 32 132 117 123 92 138 109 155 18 145 61 157 134 121 185 104 41 123 79 90 0 36 59 167 99 195 141 114 115 127 26 97 82 125 66 102 77 150 54 111 25 125 140 135 161 95 48 92 104 86 36 0 27 135 63 164 130 112 112 100 33 73 75 112 40 93 50 131 75 86 14 98 129 131 135 76 51 65 109 72 59 27 0 108 43 137 108 173 170 16 135 48 114 141 77 111 58 130 180 36 112 11 160 181 55 105 143 44 191 119 167 135 108 0 81 33 99 149 149 80 76 36 45 139 49 56 31 150 117 51 38 70 158 166 123 98 94 50 152 101 99 63 43 81 0 114 121 188 185 37 163 81 146 151 103 143 89 131 207 68 143 44 168 192 39 120 168 72 210 136 195 164 137 33 114 0 105 89 86 83 111 115 166 47 73 176 93 31 145 115 122 101 63 89 71 37 101 79 120 52 141 130 108 99 121 105 0 
0 16 119 131 50 161 173 173 131 30 170 158 120 56 126 21 123 44 163 83 173 220 50 101 112 159 161 173 67 163 16 0 119 119 50 159 173 184 141 43 158 171 115 56 119 6 131 44 151 91 183 220 62 101 100 165 166 181 81 173 119 119 0 100 69 49 54 119 78 101 121 120 40 63 60 117 60 75 119 56 104 101 90 18 95 63 59 92 108 96 131 119 100 0 100 95 136 216 172 135 39 214 60 95 41 113 154 101 32 131 203 161 139 93 19 161 156 192 165 195 50 50 69 100 0 111 123 143 97 38 136 134 72 6 83 48 85 6 131 46 138 170 40 51 84 115 116 135 66 128 161 159 49 95 111 0 45 153 120 147 99 160 46 105 56 154 103 117 100 105 134 68 138 63 99 87 79 118 157 128 173 173 54 136 123 45 0 115 93 152 144 126 79 117 95 171 79 129 145 99 94 51 138 72 138 48 40 78 150 90 173 184 119 216 143 153 115 0 46 143 240 21 159 141 179 184 62 148 238 97 23 155 123 123 208 67 75 40 112 25 131 141 78 172 97 120 93 46 0 101 198 42 116 95 136 141 18 102 195 51 42 141 81 79 164 49 56 45 78 32 30 43 101 135 38 147 152 143 101 0 173 128 110 44 121 45 94 35 167 56 143 202 20 84 118 132 135 144 39 133 170 158 121 39 136 99 144 240 198 173 0 240 82 131 62 152 180 138 8 162 224 157 175 120 58 180 173 211 201 217 158 171 120 214 134 160 126 21 42 128 240 0 158 133 178 172 60 138 237 89 40 170 109 121 205 78 86 56 95 38 120 115 40 60 72 46 79 159 116 110 82 158 0 66 20 110 98 77 79 83 144 114 107 38 59 101 96 132 130 136 56 56 63 95 6 105 117 141 95 44 131 133 66 0 77 54 82 12 126 44 135 164 44 45 80 111 111 132 70 125 126 119 60 41 83 56 95 179 136 121 62 178 20 77 0 113 118 86 59 101 164 124 120 58 43 121 116 152 145 156 21 6 117 113 48 154 171 184 141 45 152 172 110 54 113 0 130 42 145 90 183 218 63 99 94 163 164 180 84 173 123 131 60 154 85 103 79 62 18 94 180 60 98 82 118 130 0 91 177 40 53 129 76 61 146 41 46 50 78 43 44 44 75 101 6 117 129 148 102 35 138 138 77 12 86 42 91 0 132 51 144 176 40 57 84 121 122 141 66 134 163 151 119 32 131 100 145 238 195 167 8 237 79 126 59 145 177 132 0 158 223 161 170 117 51 179 173 210 196 215 83 91 56 131 46 105 99 97 51 56 162 89 83 44 101 90 40 51 158 0 93 150 39 45 118 76 79 90 52 83 173 183 104 203 138 134 94 23 42 143 224 40 144 135 164 183 53 144 223 93 0 132 123 111 196 47 55 17 118 10 220 220 101 161 170 68 51 155 141 202 157 170 114 164 124 218 129 176 161 150 132 0 189 119 167 92 85 115 201 132 50 62 90 139 40 138 138 123 81 20 175 109 107 44 120 63 76 40 170 39 123 189 0 75 124 115 118 125 26 113 101 101 18 93 51 63 72 123 79 84 120 121 38 45 58 99 61 57 117 45 111 119 75 0 85 75 73 102 95 102 112 100 95 19 84 99 138 208 164 118 58 205 59 80 43 94 146 84 51 118 196 167 124 85 0 158 154 187 150 187 159 165 63 161 115 87 48 67 49 132 180 78 101 111 121 163 41 121 179 76 47 92 115 75 158 0 8 31 119 42 161 166 59 156 116 79 40 75 56 135 173 86 96 111 116 164 46 122 173 79 55 85 118 73 154 8 0 39 124 50 173 181 92 192 135 118 78 40 45 144 211 56 132 132 152 180 50 141 210 90 17 115 125 102 187 31 39 0 123 18 67 81 108 165 66 157 150 112 78 39 201 95 130 70 145 84 78 66 196 52 118 201 26 95 150 119 124 123 0 109 163 173 96 195 128 128 90 25 32 133 217 38 136 125 156 173 43 134 215 83 10 132 113 102 187 42 50 18 109 0 
0 43 72 99 87 135 148 107 42 160 134 89 143 134 99 90 26 96 136 48 138 123 177 143 175 176 15 194 180 83 43 0 100 117 71 123 107 65 78 148 96 68 152 139 88 125 69 75 137 48 100 122 146 143 143 160 43 157 180 63 72 100 0 33 85 111 177 145 33 129 158 92 82 82 86 33 56 95 88 59 161 82 178 97 179 150 61 207 128 154 99 117 33 0 80 89 175 150 65 103 155 88 49 51 74 55 88 88 58 70 156 55 164 67 166 124 85 197 95 177 87 71 85 80 0 52 95 74 89 78 75 8 94 77 17 118 99 10 72 40 77 56 96 76 95 92 74 122 112 132 135 123 111 89 52 0 115 111 128 26 95 55 72 53 36 141 143 48 44 87 94 35 80 41 82 42 121 116 68 183 148 107 177 175 95 115 0 43 171 131 20 87 182 163 103 210 171 87 155 120 21 141 67 155 62 128 142 56 183 135 107 65 145 150 74 111 43 0 134 133 36 66 168 149 87 176 131 69 143 86 41 127 95 146 91 137 102 97 179 95 42 78 33 65 89 128 171 134 0 150 154 94 114 110 96 48 23 99 114 52 157 105 185 123 184 170 35 209 156 125 160 148 129 103 78 26 131 133 150 0 113 80 74 57 62 158 167 73 48 112 111 48 83 41 88 21 146 121 53 208 134 96 158 155 75 95 20 36 154 113 0 67 162 143 83 191 155 67 135 102 5 121 59 135 55 112 126 61 163 131 89 68 92 88 8 55 87 66 94 80 67 0 102 84 22 125 103 7 78 43 69 62 91 81 90 92 76 116 117 128 143 152 82 49 94 72 182 168 114 74 162 102 0 19 81 100 136 99 28 104 161 41 152 34 154 95 128 188 48 214 134 139 82 51 77 53 163 149 110 57 143 84 19 0 62 106 131 80 9 92 142 22 133 17 135 78 119 169 46 202 99 88 86 74 17 36 103 87 96 62 83 22 81 62 0 119 110 18 56 51 84 40 92 59 93 77 85 123 95 149 90 125 33 55 118 141 210 176 48 158 191 125 100 106 119 0 66 128 113 90 194 110 211 122 212 179 83 240 148 173 26 69 56 88 99 143 171 131 23 167 155 103 136 131 110 66 0 109 135 60 159 124 194 143 192 185 29 214 177 107 96 75 95 88 10 48 87 69 99 73 67 7 99 80 18 128 109 0 74 49 68 58 86 77 85 85 83 112 112 135 136 137 88 58 72 44 155 143 114 48 135 78 28 9 56 113 135 74 0 91 134 16 124 9 126 69 121 160 44 200 48 48 59 70 40 87 120 86 52 112 102 43 104 92 51 90 60 49 91 0 105 77 134 98 133 128 34 157 135 110 138 100 161 156 77 94 21 41 157 111 5 69 161 142 84 194 159 68 134 105 0 120 55 134 50 109 130 57 162 136 123 122 82 55 56 35 141 127 105 48 121 62 41 22 40 110 124 58 16 77 120 0 115 21 117 69 108 151 58 185 177 146 178 164 96 80 67 95 185 83 59 91 152 133 92 211 194 86 124 134 55 115 0 119 5 72 166 38 136 190 143 143 97 67 76 41 155 146 123 41 135 81 34 17 59 122 143 77 9 98 134 21 119 0 123 62 128 157 37 206 175 143 179 166 95 82 62 91 184 88 55 90 154 135 93 212 192 85 126 133 50 117 5 123 0 77 164 34 141 186 176 160 150 124 92 42 128 137 170 21 112 92 95 78 77 179 185 85 69 128 109 69 72 62 77 0 162 110 67 220 15 43 61 85 74 121 142 102 35 146 126 76 128 119 85 83 29 83 121 34 130 108 166 128 164 162 0 185 165 93 194 157 207 197 122 116 56 97 209 121 61 116 188 169 123 240 214 112 160 157 57 151 38 157 34 110 185 0 174 191 180 180 128 95 112 68 183 179 156 53 163 117 48 46 95 148 177 112 44 135 162 58 136 37 141 67 165 174 0 243 83 63 154 177 132 183 135 95 125 208 131 128 214 202 149 173 107 135 200 110 136 185 190 206 186 220 93 191 243 0 
0 127 121 207 130 177 163 221 139 127 191 166 179 198 55 155 193 109 24 215 82 69 210 223 53 53 159 108 147 157 127 0 121 95 35 171 101 97 58 39 95 54 84 134 87 31 72 21 107 93 80 75 107 107 118 123 117 55 25 43 121 121 0 138 91 59 65 169 78 86 216 175 205 89 74 125 188 123 124 160 52 68 132 155 69 70 47 66 118 164 207 95 138 0 78 157 77 37 69 80 153 115 148 82 154 65 103 116 193 28 132 139 18 17 176 181 101 100 70 110 130 35 91 78 0 137 66 93 23 5 128 86 118 99 79 34 97 49 115 86 62 64 85 93 105 110 83 29 27 75 177 171 59 157 137 0 81 192 117 132 265 223 255 81 133 166 230 176 182 183 111 127 144 172 124 124 57 118 162 212 163 101 65 77 66 81 0 111 43 64 191 148 181 35 108 89 152 115 158 102 81 96 68 94 121 124 24 63 86 138 221 97 169 37 93 192 111 0 93 97 129 97 126 119 172 67 78 118 203 9 153 157 54 28 197 202 135 120 74 95 139 58 78 69 23 117 43 93 0 21 150 107 140 76 85 50 114 72 129 85 63 70 71 86 107 112 61 31 45 97 127 39 86 80 5 132 64 97 21 0 133 91 123 97 75 39 102 51 113 90 57 60 86 96 101 106 78 24 32 80 191 95 216 153 128 265 191 129 150 133 0 43 12 218 170 102 51 96 167 132 172 162 170 154 202 206 211 150 105 53 166 54 175 115 86 223 148 97 107 91 43 0 34 175 136 59 29 61 143 98 134 127 131 119 168 172 168 109 62 11 179 84 205 148 118 255 181 126 140 123 12 34 0 209 158 93 49 84 155 129 160 150 165 151 190 194 201 139 95 43 198 134 89 82 99 81 35 119 76 97 218 175 209 0 143 116 175 148 193 110 116 131 67 95 152 155 42 98 115 167 55 87 74 154 79 133 108 172 85 75 170 136 158 143 0 108 159 75 50 165 27 15 156 171 32 36 105 54 100 125 155 31 125 65 34 166 89 67 50 39 102 59 93 116 108 0 64 52 137 62 96 95 79 76 137 142 110 63 8 51 193 72 188 103 97 230 152 78 114 102 51 29 49 175 159 64 0 85 170 81 152 147 121 103 190 195 174 124 70 36 109 21 123 116 49 176 115 118 72 51 96 61 84 148 75 52 85 0 88 114 76 66 128 128 107 111 127 58 46 50 24 107 124 193 115 182 158 203 129 113 167 143 155 193 50 137 170 88 0 198 77 62 199 208 62 64 155 98 129 134 215 93 160 28 86 183 102 9 85 90 132 98 129 110 165 62 81 114 198 0 145 150 46 22 189 194 126 112 69 95 82 80 52 132 62 111 81 153 63 57 172 134 160 116 27 96 152 76 77 145 0 17 134 149 44 49 78 33 88 123 69 75 68 139 64 127 96 157 70 60 162 127 150 131 15 95 147 66 62 150 17 0 141 156 43 48 95 39 87 116 210 107 132 18 85 144 68 54 71 86 170 131 165 67 156 79 121 128 199 46 134 141 0 28 178 182 92 102 82 126 223 107 155 17 93 172 94 28 86 96 154 119 151 95 171 76 103 128 208 22 149 156 28 0 193 198 118 117 82 115 53 118 69 176 105 124 121 197 107 101 202 168 190 152 32 137 190 107 62 189 44 43 178 193 0 5 111 77 129 157 53 123 70 181 110 124 124 202 112 106 206 172 194 155 36 142 195 111 64 194 49 48 182 198 5 0 113 82 134 161 159 117 47 101 83 57 24 135 61 78 211 168 201 42 105 110 174 127 155 126 78 95 92 118 111 113 0 70 106 158 108 55 66 100 29 118 63 120 31 24 150 109 139 98 54 63 124 58 98 112 33 39 102 117 77 82 70 0 55 98 147 25 118 70 27 162 86 74 45 32 105 62 95 115 100 8 70 46 129 69 88 87 82 82 129 134 106 55 0 52 157 43 164 110 75 212 138 95 97 80 53 11 43 167 125 51 36 50 134 95 123 116 126 115 157 161 158 98 52 0 
