0 117 28 59 159 69 162 65 123 199 61 155 103 24 185 200 41 164 198 63 82 54 160 43 104 17 200 4 154 166 117 0 106 58 105 57 101 70 6 127 61 39 15 107 114 136 118 157 127 113 41 108 102 83 31 116 123 118 44 49 28 106 0 53 133 51 137 44 112 175 45 145 95 4 161 174 65 136 173 35 66 75 134 53 86 42 176 32 148 152 59 58 53 0 123 25 123 35 64 157 19 96 44 51 143 162 65 150 156 72 28 62 122 30 49 59 156 60 96 107 159 105 133 123 0 98 9 95 108 44 106 124 112 136 31 41 184 66 42 108 96 183 5 151 81 169 47 163 137 109 69 57 51 25 98 0 99 13 63 135 8 96 48 52 121 138 86 125 134 57 16 85 98 53 35 74 135 71 100 102 162 101 137 123 9 99 0 98 103 38 107 117 109 140 24 39 185 75 36 114 96 184 5 152 79 172 40 166 130 100 65 70 44 35 95 13 98 0 76 134 16 109 61 46 120 136 89 116 133 44 29 91 96 59 44 74 135 68 113 112 123 6 112 64 108 63 103 76 0 127 67 33 20 113 115 137 123 161 127 119 47 112 105 88 37 121 123 124 38 44 199 127 175 157 44 135 38 134 127 0 143 132 137 178 14 16 221 96 2 152 130 219 41 187 110 208 7 202 146 112 61 61 45 19 106 8 107 16 67 143 0 100 50 46 129 146 78 132 142 56 21 77 106 45 43 66 143 63 103 107 155 39 145 96 124 96 117 109 33 132 100 0 52 146 122 144 151 184 133 152 80 139 120 117 67 152 127 156 14 23 103 15 95 44 112 48 109 61 20 137 50 52 0 95 124 145 103 159 137 105 32 93 110 68 32 101 134 104 53 64 24 107 4 51 136 52 140 46 113 178 46 146 95 0 164 177 61 140 176 39 67 71 138 50 87 38 179 28 147 153 185 114 161 143 31 121 24 120 115 14 129 122 124 164 0 22 207 90 13 138 116 205 28 173 96 194 16 188 136 103 200 136 174 162 41 138 39 136 137 16 146 144 145 177 22 0 224 83 14 148 135 223 40 191 117 210 23 204 158 125 41 118 65 65 184 86 185 89 123 221 78 151 103 61 207 224 0 200 220 100 93 17 184 36 114 24 221 37 146 167 164 157 136 150 66 125 75 116 161 96 132 184 159 140 90 83 200 0 94 101 132 205 71 174 127 178 103 168 195 172 198 127 173 156 42 134 36 133 127 2 142 133 137 176 13 14 220 94 0 150 129 218 39 186 109 207 9 201 147 112 63 113 35 72 108 57 114 44 119 152 56 152 105 39 138 148 100 101 150 0 73 110 111 84 86 77 154 67 157 154 82 41 66 28 96 16 96 29 47 130 21 80 32 67 116 135 93 132 129 73 0 89 95 58 22 85 128 84 84 86 54 108 75 62 183 85 184 91 112 219 77 139 93 71 205 223 17 205 218 110 89 0 183 32 110 38 217 50 133 156 160 102 134 122 5 98 5 96 105 41 106 120 110 138 28 40 184 71 39 111 95 183 0 151 79 170 44 164 133 104 43 83 53 30 151 53 152 59 88 187 45 117 68 50 173 191 36 174 186 84 58 32 151 0 79 35 186 42 114 132 104 31 86 49 81 35 79 44 37 110 43 67 32 87 96 117 114 127 109 86 22 110 79 79 0 107 108 106 74 68 17 116 42 59 169 74 172 74 121 208 66 152 101 38 194 210 24 178 207 77 85 38 170 35 107 0 209 13 149 165 200 123 176 156 47 135 40 135 123 7 143 127 134 179 16 23 221 103 9 154 128 217 44 186 108 209 0 203 141 106 4 118 32 60 163 71 166 68 124 202 63 156 104 28 188 204 37 168 201 67 84 50 164 42 106 13 203 0 155 167 154 44 148 96 137 100 130 113 38 146 103 14 53 147 136 158 146 195 147 157 84 133 133 114 74 149 141 155 0 37 166 49 152 107 109 102 100 112 44 112 107 23 64 153 103 125 167 172 112 154 86 156 104 132 68 165 106 167 37 0 
0 98 129 163 111 145 48 64 153 31 67 158 56 58 155 69 66 95 153 126 37 182 42 129 162 70 25 87 106 58 98 0 129 100 25 52 144 134 143 74 154 103 78 87 77 96 66 43 68 132 120 95 139 106 77 168 100 139 150 146 129 129 0 88 114 133 136 93 25 138 123 77 76 71 110 60 74 86 118 7 110 137 159 32 121 167 152 68 59 124 163 100 88 0 75 68 192 159 83 153 188 12 111 114 32 111 97 70 44 95 163 51 203 57 41 223 178 144 142 186 111 25 114 75 0 34 153 136 124 92 161 79 78 86 52 93 64 30 45 118 128 73 153 87 54 181 118 136 145 154 145 52 133 68 34 0 187 169 138 125 195 77 111 118 36 124 96 60 24 138 162 44 187 102 31 215 151 166 172 188 48 144 136 192 153 187 0 46 161 79 26 185 82 78 192 83 97 132 191 132 29 219 31 147 199 31 64 75 93 18 64 134 93 159 136 169 46 0 117 91 30 151 58 51 165 48 73 109 167 87 28 194 74 108 174 75 89 29 48 31 153 143 25 83 124 138 161 117 0 161 147 71 99 95 110 84 95 100 119 30 135 134 184 37 120 192 176 91 80 148 31 74 138 153 92 125 79 91 161 0 98 152 62 68 141 81 66 83 136 137 66 165 67 130 145 98 26 110 128 89 67 154 123 188 161 195 26 30 147 98 0 181 84 77 192 77 99 135 194 117 34 221 57 138 201 48 87 56 73 9 158 103 77 12 79 77 185 151 71 152 181 0 105 107 42 104 92 70 54 84 156 63 198 47 52 216 176 135 132 179 56 78 76 111 78 111 82 58 99 62 84 105 0 9 110 21 15 51 110 75 53 138 93 73 118 112 77 61 75 79 58 87 71 114 86 118 78 51 95 68 77 107 9 0 115 13 22 59 117 70 49 144 92 72 124 109 81 52 66 73 155 77 110 32 52 36 192 165 110 141 192 42 110 115 0 117 95 60 12 116 163 29 197 78 11 221 167 155 158 188 69 96 60 111 93 124 83 48 84 81 77 104 21 13 117 0 30 64 119 57 54 146 100 64 126 114 93 43 54 75 66 66 74 97 64 96 97 73 95 66 99 92 15 22 95 30 0 37 95 74 68 123 106 64 103 127 86 73 84 94 95 43 86 70 30 60 132 109 100 83 135 70 51 59 60 64 37 0 59 89 104 87 137 63 67 161 108 107 115 130 153 68 118 44 45 24 191 167 119 136 194 54 110 117 12 119 95 59 0 124 163 29 195 86 9 220 162 159 163 189 126 132 7 95 118 138 132 87 30 137 117 84 75 70 116 57 74 89 124 0 106 143 155 38 127 162 150 61 52 118 37 120 110 163 128 162 29 28 135 66 34 156 53 49 163 54 68 104 163 106 0 191 49 118 171 60 61 55 74 26 182 95 137 51 73 44 219 194 134 165 221 63 138 144 29 146 123 87 29 143 191 0 224 105 20 248 191 184 187 217 42 139 159 203 153 187 31 74 184 67 57 198 93 92 197 100 106 137 195 155 49 224 0 164 204 32 44 103 122 49 129 106 32 57 87 102 147 108 37 130 138 47 73 72 78 64 64 63 86 38 118 105 164 0 89 178 150 89 85 138 162 77 121 41 54 31 199 174 120 145 201 52 118 124 11 126 103 67 9 127 171 20 204 89 0 228 171 165 168 197 70 168 167 223 181 215 31 75 192 98 48 216 112 109 221 114 127 161 220 162 60 248 32 178 228 0 76 104 121 44 25 100 152 178 118 151 64 89 176 26 87 176 77 81 167 93 86 108 162 150 61 191 44 150 171 76 0 112 131 78 87 139 68 144 136 166 75 29 91 110 56 135 61 52 155 43 73 107 159 61 55 184 103 89 165 104 112 0 19 60 106 150 59 142 145 172 93 48 80 128 73 132 75 66 158 54 84 115 163 52 74 187 122 85 168 121 131 19 0 77 58 146 124 186 154 188 18 31 148 89 9 179 79 73 188 75 94 130 189 118 26 217 49 138 197 44 78 60 77 0 
0 120 197 185 92 26 118 179 182 112 80 65 181 66 113 199 162 150 54 31 105 126 114 49 145 83 91 150 112 121 120 0 109 99 30 99 157 60 76 144 63 55 93 85 135 139 66 94 72 89 15 191 95 71 70 55 95 44 97 127 197 109 0 13 118 171 160 79 39 148 117 148 16 136 137 51 43 57 145 174 119 202 98 158 52 116 120 65 101 121 185 99 13 0 107 159 148 77 37 136 105 137 6 123 125 49 33 44 133 162 109 190 86 147 40 104 107 56 89 109 92 30 118 107 0 69 130 87 93 117 35 30 102 56 110 138 76 88 42 62 19 163 76 44 70 27 69 60 77 106 26 99 171 159 69 0 102 156 156 95 54 48 155 40 94 173 136 124 28 21 85 119 88 32 119 57 66 125 87 99 118 157 160 148 130 102 0 191 168 13 95 134 148 79 24 131 146 104 104 122 149 42 68 125 122 103 62 152 66 39 179 60 79 77 87 156 191 0 40 178 110 115 71 133 167 126 52 99 128 148 75 232 123 130 73 104 133 39 126 155 182 76 39 37 93 156 168 40 0 155 103 123 31 125 144 86 22 67 128 154 89 210 100 136 46 99 115 33 103 130 112 144 148 136 117 95 13 178 155 0 82 123 136 68 11 121 133 92 93 114 136 55 55 115 109 90 49 139 53 27 80 63 117 105 35 54 95 110 103 82 0 46 101 23 75 122 82 72 28 58 54 128 46 47 65 8 34 75 45 71 65 55 148 137 30 48 134 115 123 123 46 0 132 55 117 163 106 113 30 34 40 159 92 16 99 41 78 90 91 116 181 93 16 6 102 155 148 71 31 136 101 132 0 120 125 55 27 44 129 158 103 190 85 142 36 100 105 50 88 109 66 85 136 123 56 40 79 133 125 68 23 55 120 0 62 133 103 85 25 52 75 108 48 47 84 30 27 97 47 63 113 135 137 125 110 94 24 167 144 11 75 117 125 62 0 111 122 81 87 112 129 66 44 109 98 83 41 128 42 16 199 139 51 49 138 173 131 126 86 121 122 163 55 133 111 0 77 50 150 180 145 172 86 168 69 124 109 100 88 95 162 66 43 33 76 136 146 52 22 133 82 106 27 103 122 77 0 47 108 135 76 188 78 118 24 79 93 23 81 108 150 94 57 44 88 124 104 99 67 92 72 113 44 85 81 50 47 0 100 130 98 146 42 118 27 74 65 64 45 65 54 72 145 133 42 28 104 128 128 93 28 30 129 25 87 150 108 100 0 30 60 129 70 22 93 29 51 97 69 88 31 89 174 162 62 21 122 148 154 114 58 34 158 52 112 180 135 130 30 0 74 140 100 18 122 58 79 122 98 115 105 15 119 109 19 85 149 75 89 136 54 40 103 75 129 145 76 98 60 74 0 182 93 56 76 46 88 56 94 123 126 191 202 190 163 119 42 232 210 55 128 159 190 108 66 172 188 146 129 140 182 0 110 148 164 136 99 193 107 81 114 95 98 86 76 88 68 123 100 55 46 92 85 48 44 86 78 42 70 100 93 110 0 92 54 52 24 84 3 32 49 71 158 147 44 32 125 130 136 115 47 16 142 47 109 168 118 118 22 18 56 148 92 0 107 44 73 104 91 110 145 70 52 40 70 119 122 73 46 109 65 99 36 84 98 69 24 27 93 122 76 164 54 107 0 64 71 37 57 84 83 55 116 104 27 57 103 104 99 90 8 41 100 30 83 124 79 74 29 58 46 136 52 44 64 0 42 69 52 79 91 95 120 107 69 66 62 133 115 49 34 78 105 27 41 109 93 65 51 79 88 99 24 73 71 42 0 95 21 38 150 44 65 56 60 125 152 39 33 139 75 90 50 97 128 100 23 64 97 122 56 193 84 104 37 69 95 0 87 116 112 97 101 89 77 87 66 126 103 53 45 91 88 47 42 88 81 45 69 98 94 107 3 91 57 52 21 87 0 30 121 127 121 109 106 99 39 155 130 27 71 116 109 63 16 95 108 65 88 115 123 81 32 110 84 79 38 116 30 0 
0 77 109 27 72 81 98 60 63 32 95 92 93 111 23 76 113 136 30 81 104 173 148 75 40 122 81 39 156 141 77 0 145 103 34 89 149 61 33 103 114 19 159 96 63 85 100 170 49 151 160 187 145 74 116 70 33 116 90 159 109 145 0 116 115 190 27 164 155 86 37 148 65 81 98 63 79 27 126 74 37 72 73 181 95 132 170 102 172 44 27 103 116 0 99 86 100 73 84 30 111 119 83 134 49 97 136 142 54 69 103 185 166 85 26 149 102 21 183 154 72 34 115 99 0 112 121 82 58 89 81 33 137 63 50 52 67 137 54 132 133 153 112 98 105 51 65 106 85 125 81 89 190 86 112 0 179 30 57 111 171 108 169 172 93 146 176 217 67 155 185 250 219 16 112 159 62 107 179 218 98 149 27 100 121 179 0 157 152 70 56 154 38 100 93 74 99 46 121 47 12 97 100 173 75 148 169 82 189 71 60 61 164 73 82 30 157 0 28 91 142 80 152 142 66 117 146 191 38 140 164 221 189 17 97 129 39 93 151 189 63 33 155 84 58 57 152 28 0 94 128 52 154 121 59 100 125 181 33 143 161 205 169 41 103 102 18 102 123 175 32 103 86 30 89 111 70 91 94 0 83 116 61 110 41 73 112 112 61 49 75 155 138 106 16 135 112 21 173 124 95 114 37 111 81 171 56 142 128 83 0 113 89 44 78 29 43 57 104 92 68 79 55 159 96 95 142 103 135 47 92 19 148 119 33 108 154 80 52 116 113 0 168 89 75 85 93 170 66 161 166 182 138 92 130 54 49 131 71 155 93 159 65 83 137 169 38 152 154 61 89 168 0 132 97 99 131 81 121 15 30 134 138 166 57 173 172 63 214 109 111 96 81 134 63 172 100 142 121 110 44 89 132 0 89 37 4 94 107 133 112 94 49 159 126 54 128 131 92 71 23 63 98 49 50 93 93 66 59 41 78 75 97 89 0 55 91 125 28 88 102 157 128 83 55 100 77 56 135 125 76 85 63 97 52 146 74 117 100 73 29 85 99 37 55 0 39 85 79 98 86 105 73 134 89 74 113 94 115 75 113 100 79 136 67 176 99 146 125 112 43 93 131 4 91 39 0 91 111 133 111 90 45 163 128 58 132 133 96 67 136 170 27 142 137 217 46 191 181 112 57 170 81 94 125 85 91 0 153 93 51 53 71 208 120 148 196 127 186 34 30 49 126 54 54 67 121 38 33 61 104 66 121 107 28 79 111 153 0 110 129 183 152 55 70 105 51 69 135 151 81 151 74 69 132 155 47 140 143 49 92 161 15 133 88 98 133 93 110 0 43 144 144 153 43 171 161 49 211 118 104 160 37 103 133 185 12 164 161 75 68 166 30 112 102 86 111 51 129 43 0 104 110 179 77 160 179 84 201 79 173 187 72 185 153 250 97 221 205 155 79 182 134 94 157 105 90 53 183 144 104 0 48 238 166 146 218 173 179 32 148 145 73 166 112 219 100 189 169 138 55 138 138 49 128 73 45 71 152 144 110 48 0 206 151 98 177 158 131 37 75 74 181 85 98 16 173 17 41 106 159 92 166 159 83 134 163 208 55 153 179 238 206 0 110 143 46 106 163 206 40 116 95 26 105 112 75 97 103 16 96 130 57 126 55 89 128 120 70 43 77 166 151 110 0 151 121 7 189 135 122 70 132 149 51 159 148 129 102 135 95 54 173 54 100 74 58 148 105 171 160 146 98 143 151 0 102 155 41 125 81 33 170 102 65 62 169 39 18 112 142 49 172 128 77 113 132 196 51 161 179 218 177 46 121 102 0 120 117 188 39 116 102 21 106 107 82 93 102 21 103 131 63 131 56 94 133 127 69 49 84 173 158 106 7 155 120 0 191 142 156 90 172 183 85 179 189 151 123 173 135 71 214 92 135 115 96 186 135 211 201 179 131 163 189 41 117 191 0 161 141 159 44 154 125 218 71 189 175 124 47 155 109 71 125 75 67 34 151 118 79 32 37 206 135 125 188 142 161 0 
0 110 85 62 156 70 163 104 188 56 87 129 153 95 133 81 84 32 111 14 130 66 54 110 37 145 88 31 95 47 110 0 189 160 161 177 245 164 166 131 158 217 143 199 122 30 194 83 196 97 220 52 164 149 98 200 76 80 15 139 85 189 0 32 164 17 94 86 209 68 69 59 176 10 162 159 36 106 52 99 58 151 41 110 93 111 141 111 177 95 62 160 32 0 138 28 102 64 182 37 45 67 147 40 132 130 56 77 50 76 68 126 41 84 62 99 109 82 148 87 156 161 164 138 0 166 144 79 47 109 95 141 25 167 39 145 194 134 126 158 145 173 176 54 119 79 89 141 162 202 70 177 17 28 166 0 110 91 210 64 73 75 175 27 160 147 28 94 65 84 74 136 24 112 84 121 134 97 163 78 163 245 94 102 144 110 0 83 190 115 87 36 166 88 164 216 129 169 52 176 36 221 134 107 149 65 174 176 235 187 104 164 86 64 79 91 83 0 126 48 19 67 94 88 86 137 119 98 48 113 71 149 105 27 78 41 91 106 156 144 188 166 209 182 47 210 190 126 0 149 140 188 35 212 55 158 238 161 173 187 192 190 217 99 151 125 108 168 171 235 56 131 68 37 109 64 115 48 149 0 32 86 114 76 97 102 91 54 65 65 89 106 68 57 34 89 73 61 121 97 87 158 69 45 95 73 87 19 140 32 0 62 107 72 96 129 101 85 41 97 65 137 86 41 65 58 90 93 148 125 129 217 59 67 141 75 36 67 188 86 62 0 159 53 153 188 94 139 21 142 4 190 98 94 120 68 152 145 207 151 153 143 176 147 25 175 166 94 35 114 107 159 0 179 22 131 203 128 142 154 163 160 182 67 116 101 76 135 145 200 95 199 10 40 167 27 88 88 212 76 72 53 179 0 167 169 41 116 49 109 52 161 50 113 102 110 149 120 186 104 133 122 162 132 39 160 164 86 55 97 96 153 22 167 0 109 188 106 134 132 157 138 165 59 96 102 54 113 124 180 81 30 159 130 145 147 216 137 158 102 129 188 131 169 109 0 165 53 167 68 191 35 135 125 68 175 56 50 19 115 84 194 36 56 194 28 129 119 238 91 101 94 203 41 188 165 0 113 88 98 93 149 30 140 106 147 158 115 179 75 32 83 106 77 134 94 169 98 161 54 85 139 128 116 106 53 113 0 118 26 141 52 83 95 20 139 57 8 71 77 111 196 52 50 126 65 52 48 173 65 41 21 142 49 134 167 88 118 0 124 24 170 87 75 99 61 131 125 186 137 14 97 99 76 158 84 176 113 187 65 97 142 154 109 132 68 98 26 124 0 144 52 68 116 39 154 83 22 82 51 130 220 58 68 145 74 36 71 192 89 65 4 163 52 157 191 93 141 24 144 0 193 98 98 123 72 155 148 210 151 66 52 151 126 173 136 221 149 190 106 137 190 160 161 138 35 149 52 170 52 193 0 120 143 72 190 84 45 37 88 54 164 41 41 176 24 134 105 217 68 86 98 182 50 165 135 30 83 87 68 98 120 0 123 77 139 130 85 149 54 110 149 110 84 54 112 107 27 99 57 41 94 67 113 59 125 140 95 75 116 98 143 123 0 77 51 73 103 144 154 37 98 93 62 119 84 149 78 151 34 65 120 116 102 96 68 106 20 99 39 123 72 77 77 0 119 53 28 87 84 145 200 111 99 79 121 65 41 125 89 58 68 101 110 102 175 147 139 61 154 72 190 139 51 119 0 124 147 194 183 88 76 141 109 89 134 174 91 108 73 90 152 76 149 54 56 158 57 131 83 155 84 130 73 53 124 0 62 74 134 31 80 111 82 141 97 176 106 168 61 93 145 135 120 113 50 115 8 125 22 148 45 85 103 28 147 62 0 66 73 95 15 177 148 162 163 235 156 171 121 148 207 145 186 124 19 179 71 186 82 210 37 149 144 87 194 74 66 0 124 47 139 95 87 202 78 187 144 235 97 125 151 200 104 180 115 75 77 137 51 151 88 54 154 84 183 134 73 124 0 
0 45 137 103 76 36 15 83 109 35 94 105 57 71 176 62 65 104 173 80 132 77 78 90 109 38 71 39 101 85 45 0 105 93 48 64 41 66 76 51 86 65 94 40 139 58 40 59 128 73 100 65 44 75 100 19 29 41 64 57 137 105 0 188 139 126 123 60 149 156 185 45 150 131 181 161 136 86 129 73 167 164 129 169 196 100 78 101 42 145 103 93 188 0 50 139 114 159 54 70 10 143 160 57 108 41 54 109 143 166 60 28 60 19 8 110 112 130 146 44 76 48 139 50 0 106 81 113 33 55 48 94 133 8 101 34 11 61 112 121 56 28 10 31 58 67 63 89 97 9 36 64 126 139 106 0 25 66 138 71 129 105 30 100 203 98 95 118 189 57 162 112 106 124 144 46 79 28 99 115 15 41 123 114 81 25 0 68 113 48 105 94 53 75 179 73 70 99 169 65 137 87 81 99 120 28 62 24 89 90 83 66 60 159 113 66 68 0 135 109 152 54 90 105 187 124 106 87 153 15 158 131 107 141 166 52 52 44 45 122 109 76 149 54 33 138 113 135 0 86 58 104 165 38 68 61 44 63 89 145 24 48 32 41 61 95 83 117 109 25 35 51 156 70 55 71 48 109 86 0 60 116 90 53 154 30 44 103 164 110 107 46 61 59 75 57 80 69 115 61 94 86 185 10 48 129 105 152 58 60 0 140 150 54 116 32 49 109 147 159 67 21 58 18 15 103 108 122 143 44 105 65 45 143 94 105 94 54 104 116 140 0 134 86 142 118 92 43 100 69 124 119 84 124 151 67 36 77 9 100 57 94 150 160 133 30 53 90 165 90 150 134 0 127 232 119 122 148 219 78 189 134 134 147 165 76 109 58 127 142 71 40 131 57 8 100 75 105 38 53 54 86 127 0 105 37 9 57 111 113 62 33 8 38 65 59 55 81 89 17 176 139 181 108 101 203 179 187 68 154 116 142 232 105 0 128 112 100 66 200 49 113 98 102 111 158 136 180 150 93 62 58 161 41 34 98 73 124 61 30 32 118 119 37 128 0 28 93 146 128 79 16 44 29 47 72 83 90 119 37 65 40 136 54 11 95 70 106 44 44 49 92 122 9 112 28 0 65 120 113 67 28 17 35 62 58 59 80 94 20 104 59 86 109 61 118 99 87 63 103 109 43 148 57 100 93 65 0 71 101 81 89 51 91 117 72 40 91 50 65 173 128 129 143 112 189 169 153 89 164 147 100 219 111 66 146 120 71 0 168 88 135 103 130 149 143 111 162 109 109 80 73 73 166 121 57 65 15 145 110 159 69 78 113 200 128 113 101 168 0 169 138 115 148 173 56 64 41 60 130 132 100 167 60 56 162 137 158 24 107 67 124 189 62 49 79 67 81 88 169 0 64 56 53 64 119 106 141 130 47 77 65 164 28 28 112 87 131 48 46 21 119 134 33 113 16 28 89 135 138 64 0 38 13 35 82 87 102 122 26 78 44 129 60 10 106 81 107 32 61 58 84 134 8 98 44 17 51 103 115 56 38 0 41 68 63 55 85 87 16 90 75 169 19 31 124 99 141 41 59 18 124 147 38 102 29 35 91 130 148 53 13 41 0 27 93 93 113 127 26 109 100 196 8 58 144 120 166 61 75 15 151 165 65 111 47 62 117 149 173 64 35 68 27 0 117 120 137 154 52 38 19 100 110 67 46 28 52 95 57 103 67 76 59 158 72 58 72 143 56 119 82 63 93 117 0 34 22 63 76 71 29 78 112 63 79 62 52 83 80 108 36 109 55 136 83 59 40 111 64 106 87 55 93 120 34 0 51 36 71 39 41 101 130 89 28 24 44 117 69 122 77 58 81 180 90 80 91 162 41 141 102 85 113 137 22 51 0 71 98 101 64 42 146 97 99 89 45 109 115 143 9 127 89 150 119 94 50 109 60 130 122 87 127 154 63 36 71 0 103 85 57 145 44 9 115 90 122 25 61 44 100 142 17 93 37 20 65 109 130 47 26 16 26 52 76 71 98 103 0 
0 69 38 83 98 118 90 23 77 61 64 29 55 117 104 124 105 111 110 56 94 30 78 106 136 48 18 115 67 90 69 0 68 27 167 186 153 48 41 50 78 96 123 171 37 184 167 154 156 31 27 92 120 116 154 86 83 181 136 22 38 68 0 92 118 128 88 28 95 33 26 61 71 153 105 117 101 148 148 74 95 67 52 68 101 18 35 119 86 83 83 27 92 0 176 201 172 68 21 77 105 106 138 168 26 205 187 148 150 28 20 99 144 143 181 110 100 198 147 35 98 167 118 176 0 42 63 120 164 151 139 71 47 82 201 89 72 100 96 148 191 77 112 163 176 112 86 53 32 188 118 186 128 201 42 0 45 138 193 161 141 97 63 124 222 54 44 142 138 174 212 107 102 155 158 115 103 16 56 206 90 153 88 172 63 45 0 105 167 120 98 78 44 138 190 37 16 149 147 146 180 90 57 110 115 73 72 32 50 171 23 48 28 68 120 138 105 0 67 40 51 52 75 139 85 137 119 130 130 46 75 53 80 94 129 46 35 133 89 68 77 41 95 21 164 193 167 67 0 87 112 96 130 149 47 201 182 128 130 21 41 87 147 153 191 113 95 191 137 55 61 50 33 77 151 161 120 40 87 0 29 90 104 178 83 146 131 170 170 69 74 91 76 66 104 47 66 152 119 57 64 78 26 105 139 141 98 51 112 29 0 87 92 179 112 120 108 174 174 92 103 93 48 43 79 27 60 130 108 86 29 96 61 106 71 97 78 52 96 90 87 0 35 92 130 115 94 90 89 78 120 12 86 124 151 65 27 96 41 118 55 123 71 138 47 63 44 75 130 104 92 35 0 102 159 81 60 109 106 111 149 47 71 119 137 65 40 61 16 143 117 171 153 168 82 124 138 139 149 178 179 92 102 0 194 170 151 27 23 142 187 87 172 216 238 157 119 135 90 193 104 37 105 26 201 222 190 85 47 83 112 130 159 194 0 221 204 174 176 54 10 124 157 147 186 123 120 218 171 27 124 184 117 205 89 54 37 137 201 146 120 115 81 170 221 0 21 184 180 180 211 127 72 119 112 99 106 38 85 200 105 167 101 187 72 44 16 119 182 131 108 94 60 151 204 21 0 163 161 161 194 106 63 114 114 84 87 28 64 184 111 154 148 148 100 142 149 130 128 170 174 90 109 27 174 184 163 0 4 124 168 81 175 213 241 154 116 152 99 176 110 156 148 150 96 138 147 130 130 170 174 89 106 23 176 180 161 4 0 126 170 81 174 213 239 154 116 148 97 178 56 31 74 28 148 174 146 46 21 69 92 78 111 142 54 180 161 124 126 0 45 71 126 134 171 92 74 171 119 52 94 27 95 20 191 212 180 75 41 74 103 120 149 187 10 211 194 168 170 45 0 115 147 139 178 113 110 208 161 20 30 92 67 99 77 107 90 53 87 91 93 12 47 87 124 127 106 81 81 71 115 0 97 132 160 73 35 108 51 114 78 120 52 144 112 102 57 80 147 76 48 86 71 172 157 72 63 175 174 126 147 97 0 53 66 34 63 89 86 133 106 116 68 143 163 155 110 94 153 66 43 124 119 216 147 119 114 213 213 134 139 132 53 0 39 59 97 141 135 120 136 154 101 181 176 158 115 129 191 104 79 151 137 238 186 112 114 241 239 171 178 160 66 39 0 88 125 142 152 159 48 86 18 110 112 115 73 46 113 47 27 65 65 157 123 99 84 154 154 92 113 73 34 59 88 0 38 105 81 101 18 83 35 100 86 103 72 35 95 66 60 27 40 119 120 106 87 116 116 74 110 35 63 97 125 38 0 98 54 103 115 181 119 198 53 16 32 133 191 152 130 96 61 135 218 38 28 152 148 171 208 108 89 141 142 105 98 0 58 200 67 136 86 147 32 56 50 89 137 119 108 41 16 90 171 85 64 99 97 119 161 51 86 135 152 81 54 58 0 157 90 22 83 35 188 206 171 68 55 57 86 118 143 193 27 200 184 176 178 52 20 114 133 120 159 101 103 200 157 0 
0 130 111 46 119 144 189 23 166 152 39 110 156 72 167 62 138 28 111 171 32 13 58 40 60 132 148 79 62 83 130 0 50 154 86 31 74 118 113 78 98 97 36 105 104 68 127 113 108 62 147 140 94 163 78 45 73 136 68 47 111 50 0 121 119 39 124 109 74 46 72 47 52 117 69 57 159 105 58 112 118 124 59 134 80 89 117 145 65 52 46 154 121 0 162 159 221 69 157 153 57 102 172 117 161 90 183 73 97 204 14 51 62 20 99 167 187 125 95 112 119 86 119 162 0 117 94 97 192 161 112 157 122 51 186 83 41 91 167 77 150 122 125 159 64 46 37 73 74 70 144 31 39 159 117 0 93 138 84 49 107 81 13 132 75 84 158 133 93 85 155 156 97 171 100 76 104 163 88 68 189 74 124 221 94 93 0 172 177 142 164 171 86 139 167 131 122 166 182 18 213 197 166 227 129 57 58 166 128 109 23 118 109 69 97 138 172 0 172 154 44 118 149 50 171 54 116 6 120 154 55 25 65 63 43 115 128 58 50 71 166 113 74 157 192 84 177 172 0 35 128 56 91 188 10 127 233 170 60 169 160 179 108 176 151 158 186 216 136 126 152 78 46 153 161 49 142 154 35 0 113 54 56 163 26 103 202 150 64 134 154 165 96 170 126 123 151 191 111 98 39 98 72 57 112 107 164 44 128 113 0 74 119 78 128 33 142 43 76 147 49 52 21 65 48 110 132 98 39 55 110 97 47 102 157 81 171 118 56 54 74 0 93 142 59 81 196 117 12 159 104 123 53 120 105 135 163 168 90 87 156 36 52 172 122 13 86 149 91 56 119 93 0 140 81 95 162 144 105 80 168 168 110 184 110 78 104 171 99 78 72 105 117 117 51 132 139 50 188 163 78 142 140 0 185 61 66 44 149 121 104 73 97 112 37 82 87 31 52 65 167 104 69 161 186 75 167 171 10 26 128 59 81 185 0 124 227 169 64 160 163 180 109 179 148 149 177 213 133 121 62 68 57 90 83 84 131 54 127 103 33 81 95 61 124 0 116 49 88 114 82 73 42 97 24 77 99 89 9 22 138 127 159 183 41 158 122 116 233 202 142 196 162 66 227 116 0 110 204 107 170 139 158 178 95 84 66 71 107 109 28 113 105 73 91 133 166 6 170 150 43 117 144 44 169 49 110 0 119 148 60 31 64 68 37 109 122 56 45 66 111 108 58 97 167 93 182 120 60 64 76 12 105 149 64 88 204 119 0 170 102 124 55 116 112 146 174 173 97 97 171 62 112 204 77 85 18 154 169 134 147 159 80 121 160 114 107 148 170 0 196 179 150 210 111 39 41 148 111 92 32 147 118 14 150 155 213 55 160 154 49 104 168 104 163 82 170 60 102 196 0 37 59 16 87 157 175 111 85 104 13 140 124 51 122 156 197 25 179 165 52 123 168 73 180 73 139 31 124 179 37 0 71 40 68 140 153 75 72 93 58 94 59 62 125 97 166 65 108 96 21 53 110 97 109 42 158 64 55 150 59 71 0 75 63 116 140 118 51 60 40 163 134 20 159 171 227 63 176 170 65 120 184 112 179 97 178 68 116 210 16 40 75 0 100 171 188 115 99 119 60 78 80 99 64 100 129 43 151 126 48 105 110 37 148 24 95 37 112 111 87 68 63 100 0 72 88 65 15 32 132 45 89 167 46 76 57 115 158 123 110 135 78 82 149 77 84 109 146 39 157 140 116 171 72 0 28 111 72 56 148 73 117 187 37 104 58 128 186 151 132 163 104 87 177 99 66 122 174 41 175 153 140 188 88 28 0 110 93 80 79 136 145 125 73 163 166 58 216 191 98 168 171 31 213 89 71 56 173 148 111 75 118 115 65 111 110 0 80 96 62 68 65 95 74 88 128 50 136 111 39 90 99 52 133 9 107 45 97 111 85 72 51 99 15 72 93 80 0 21 83 47 52 112 70 68 109 71 126 98 55 87 78 65 121 22 109 66 97 92 104 93 60 119 32 56 80 96 21 0 
0 29 67 100 52 123 93 98 123 20 57 50 158 71 94 77 49 102 123 85 24 93 51 140 148 124 111 36 79 91 29 0 63 117 42 144 120 103 145 32 28 25 160 52 101 59 25 120 112 114 53 111 35 167 152 138 134 7 106 83 67 63 0 74 22 103 109 42 110 85 70 51 97 36 44 34 49 79 59 115 73 72 98 151 89 86 103 61 137 25 100 117 74 0 90 29 62 45 37 120 137 118 87 110 38 108 116 5 109 79 85 9 150 86 74 27 34 120 128 85 52 42 22 90 0 119 115 64 124 68 48 29 119 24 64 27 27 94 72 117 65 86 77 160 111 106 115 39 128 41 123 144 103 29 119 0 59 72 13 143 164 146 100 139 66 137 144 25 136 79 105 33 174 67 87 34 21 147 135 114 93 120 109 62 115 59 0 100 50 107 147 133 149 139 92 140 132 57 161 20 69 55 142 47 136 86 38 126 77 130 98 103 42 45 64 72 100 0 82 118 112 93 61 77 8 73 91 50 64 114 94 48 138 131 50 46 79 102 151 43 123 145 110 37 124 13 50 82 0 141 167 150 113 145 75 144 148 32 146 70 102 38 174 54 100 47 13 149 127 122 20 32 85 120 68 143 107 118 141 0 57 57 178 83 114 89 57 121 140 97 39 112 35 154 168 144 128 39 76 108 57 28 70 137 48 164 147 112 167 57 0 19 166 45 112 52 21 140 106 142 81 131 41 194 159 154 157 21 133 84 50 25 51 118 29 146 133 93 150 57 19 0 147 29 93 36 2 122 90 131 71 113 53 180 140 135 140 18 129 66 158 160 97 87 119 100 149 61 113 178 166 147 0 122 66 116 145 92 76 166 154 95 195 167 13 66 118 158 210 82 71 52 36 110 24 139 139 77 145 83 45 29 122 0 79 7 28 114 61 141 87 107 82 183 117 121 137 46 150 40 94 101 44 38 64 66 92 8 75 114 112 93 66 79 0 76 91 43 72 106 88 40 136 124 55 42 72 101 144 48 77 59 34 108 27 137 140 73 144 89 52 36 116 7 76 0 35 113 54 144 92 106 89 184 111 118 137 53 155 34 49 25 49 116 27 144 132 91 148 57 21 2 145 28 91 35 0 120 89 130 70 111 54 178 138 133 138 18 128 64 102 120 79 5 94 25 57 50 32 121 140 122 92 114 43 113 120 0 114 75 85 9 151 81 79 29 29 123 125 90 123 112 59 109 72 136 161 64 146 140 106 90 76 61 72 54 89 114 0 170 132 112 143 195 77 107 143 107 196 34 85 114 115 79 117 79 20 114 70 97 142 131 166 141 106 144 130 75 170 0 61 71 132 59 153 104 58 121 57 138 24 53 73 85 65 105 69 94 102 39 81 71 154 87 88 92 70 85 132 61 0 77 73 116 143 111 90 60 64 98 93 111 72 9 86 33 55 48 38 112 131 113 95 107 40 106 111 9 112 71 77 0 142 84 82 36 32 114 119 85 51 35 98 150 77 174 142 138 174 35 41 53 195 82 136 89 54 151 143 132 73 142 0 189 187 172 162 38 107 118 140 167 151 86 160 67 47 131 54 154 194 180 167 183 124 184 178 81 195 59 116 84 189 0 154 101 52 173 111 168 148 152 89 74 111 87 136 50 100 168 159 140 13 117 55 111 138 79 77 153 143 82 187 154 0 53 105 150 198 77 124 138 86 27 106 34 86 46 47 144 154 135 66 121 42 118 133 29 107 104 111 36 172 101 53 0 52 139 154 89 111 134 103 34 115 21 38 79 13 128 157 140 118 137 72 137 138 29 143 58 90 32 162 52 105 52 0 138 114 117 36 7 61 120 39 147 126 102 149 39 21 18 158 46 101 53 18 123 107 121 60 114 38 173 150 139 138 0 113 80 79 106 137 128 128 135 77 151 127 76 133 129 210 150 144 155 128 125 196 57 64 119 107 111 198 154 114 113 0 162 91 83 25 85 41 114 130 43 122 108 84 66 82 40 48 34 64 90 34 138 98 85 118 168 77 89 117 80 162 0 
0 36 128 34 138 137 52 39 94 101 59 119 115 167 43 198 144 82 92 148 20 164 35 97 111 65 53 134 164 62 36 0 164 70 162 165 83 39 124 134 63 151 144 203 43 231 180 110 124 177 24 198 66 129 146 101 89 168 192 94 128 164 0 101 83 65 112 139 112 39 135 107 56 39 139 77 80 120 49 69 147 39 99 46 19 72 75 94 79 72 34 70 101 0 127 122 29 65 66 79 78 88 100 138 68 174 110 58 72 132 49 137 33 77 84 32 27 101 148 46 138 162 83 127 0 18 153 125 172 58 106 177 32 105 123 91 161 174 59 24 158 79 103 55 75 117 102 172 34 81 137 165 65 122 18 0 145 129 161 46 113 164 22 87 127 76 145 164 50 12 157 61 102 45 59 107 95 156 28 76 52 83 112 29 153 145 0 90 42 101 105 68 123 147 93 189 100 30 95 155 59 151 62 100 99 41 51 86 171 73 39 39 139 65 125 129 90 0 131 105 24 153 110 178 4 200 172 120 95 141 48 169 43 99 120 91 72 166 157 67 94 124 112 66 172 161 42 131 0 115 144 28 141 137 134 188 69 16 113 170 100 150 98 117 105 56 77 50 184 99 101 134 39 79 58 46 101 105 115 0 96 119 26 77 104 97 107 118 10 55 121 64 68 7 22 61 52 115 70 40 59 63 135 78 106 113 105 24 144 96 0 165 96 173 20 186 178 135 86 125 71 160 48 90 116 98 76 174 140 64 119 151 107 88 177 164 68 153 28 119 165 0 145 125 156 180 46 44 120 171 127 142 118 123 105 70 92 24 184 113 115 144 56 100 32 22 123 110 141 26 96 145 0 87 109 90 130 143 28 34 135 67 80 24 44 86 73 140 50 54 167 203 39 138 105 87 147 178 137 77 173 125 87 0 178 57 86 148 87 85 186 28 138 84 58 108 114 106 88 111 43 43 139 68 123 127 93 4 134 104 20 156 109 178 0 199 174 123 94 139 52 168 44 98 120 93 73 169 155 67 198 231 77 174 91 76 189 200 188 97 186 180 90 57 199 0 143 197 107 67 218 38 165 102 90 148 147 162 59 137 144 180 80 110 161 145 100 172 69 107 178 46 130 86 174 143 0 85 111 149 157 108 131 112 86 81 102 23 159 116 82 110 120 58 174 164 30 120 16 118 135 44 143 148 123 197 85 0 115 173 86 159 91 119 111 57 74 66 188 96 92 124 49 72 59 50 95 95 113 10 86 120 28 87 94 107 111 115 0 60 112 74 58 5 30 58 45 117 76 30 148 177 69 132 24 12 155 141 170 55 125 171 34 85 139 67 149 173 60 0 168 58 113 56 66 116 105 162 16 88 20 24 147 49 158 157 59 48 100 121 71 127 135 186 52 218 157 86 112 168 0 183 55 117 130 81 72 144 184 82 164 198 39 137 79 61 151 169 150 64 160 142 67 28 168 38 108 159 74 58 183 0 132 70 53 111 111 127 60 104 35 66 99 33 103 102 62 43 98 68 48 118 80 138 44 165 131 91 58 113 55 132 0 63 80 50 29 126 129 28 97 129 46 77 55 45 100 99 117 7 90 123 24 84 98 102 112 119 5 56 117 70 63 0 29 62 50 119 71 35 111 146 19 84 75 59 99 120 105 22 116 105 44 58 120 90 86 111 30 66 130 53 80 29 0 58 58 97 79 53 65 101 72 32 117 107 41 91 56 61 98 70 86 108 93 148 81 57 58 116 81 111 50 62 58 0 22 76 131 43 53 89 75 27 102 95 51 72 77 52 76 92 73 114 73 147 102 74 45 105 72 111 29 50 58 22 0 98 121 22 134 168 94 101 172 156 86 166 50 115 174 24 140 106 169 162 23 66 117 162 144 127 126 119 97 76 98 0 173 117 164 192 79 148 34 28 171 157 184 70 140 184 50 88 155 59 159 188 76 16 184 60 129 71 79 131 121 173 0 104 62 94 72 46 81 76 73 67 99 40 64 113 54 111 67 137 116 96 30 88 82 104 28 35 53 43 22 117 104 0 
0 75 137 131 170 108 108 129 44 131 47 35 91 80 76 115 124 136 28 62 74 104 162 176 119 146 112 125 156 158 75 0 94 56 129 165 40 54 61 152 89 61 79 107 70 126 57 91 99 102 61 44 95 159 72 82 145 106 142 131 137 94 0 97 35 169 64 99 149 112 172 103 53 100 65 84 57 5 165 188 64 52 63 72 22 49 124 37 62 40 131 56 97 0 125 216 39 2 111 187 139 114 111 152 108 159 40 92 154 150 100 53 60 169 79 57 188 125 158 136 170 129 35 125 0 188 97 127 184 120 207 135 81 122 95 98 86 38 197 223 96 86 78 55 57 70 138 52 55 27 108 165 169 216 188 0 181 215 152 78 148 104 118 69 112 91 191 171 111 158 119 169 222 161 164 204 53 136 143 163 108 40 64 39 97 181 0 39 101 148 128 84 72 114 70 120 17 60 134 142 62 15 56 135 43 42 150 87 121 103 129 54 99 2 127 215 39 0 109 187 137 113 111 152 108 159 42 94 153 148 100 54 62 171 80 59 188 126 159 138 44 61 149 111 184 152 101 109 0 169 28 64 114 118 100 149 118 146 51 41 94 104 156 200 127 143 154 147 181 178 131 152 112 187 120 78 148 187 169 0 178 105 76 51 82 28 153 115 149 193 91 134 174 84 116 157 26 75 68 94 47 89 172 139 207 148 128 137 28 178 0 78 133 127 118 162 145 170 37 16 114 130 184 219 152 170 159 167 200 199 35 61 103 114 135 104 84 113 64 105 78 0 56 54 41 85 98 102 62 94 39 76 134 142 87 118 92 90 122 123 91 79 53 111 81 118 72 111 114 76 133 56 0 49 15 48 78 54 118 149 20 58 104 86 46 87 79 34 67 67 80 107 100 152 122 69 114 152 118 51 127 54 49 0 44 38 123 102 100 142 52 101 153 108 95 135 38 70 88 102 76 70 65 108 95 112 70 108 100 82 118 41 15 44 0 56 79 65 103 134 9 57 110 101 53 92 80 49 82 82 115 126 84 159 98 91 120 159 149 28 162 85 48 38 56 0 125 88 137 177 65 106 146 72 88 129 40 48 53 72 124 57 57 40 86 191 17 42 118 153 145 98 78 123 79 125 0 52 151 159 72 22 39 129 39 25 157 85 118 96 136 91 5 92 38 171 60 94 146 115 170 102 54 102 65 88 52 0 164 186 64 48 59 77 19 44 127 41 67 44 28 99 165 154 197 111 134 153 51 149 37 62 118 100 103 137 151 164 0 47 101 132 190 202 147 174 128 152 182 185 62 102 188 150 223 158 142 148 41 193 16 94 149 142 134 177 159 186 47 0 130 145 197 235 168 184 173 183 216 215 74 61 64 100 96 119 62 100 94 91 114 39 20 52 9 65 72 64 101 130 0 50 104 106 50 86 88 53 87 85 104 44 52 53 86 169 15 54 104 134 130 76 58 101 57 106 22 48 132 145 50 0 58 121 30 42 137 72 107 90 162 95 63 60 78 222 56 62 156 174 184 134 104 153 110 146 39 59 190 197 104 58 0 131 58 18 182 100 125 98 176 159 72 169 55 161 135 171 200 84 219 142 86 108 101 72 129 77 202 235 106 121 131 0 92 120 108 54 20 33 119 72 22 79 57 164 43 80 127 116 152 87 46 95 53 88 39 19 147 168 50 30 58 92 0 41 124 46 79 60 146 82 49 57 70 204 42 59 143 157 170 118 87 135 92 129 25 44 174 184 86 42 18 120 41 0 165 84 111 87 112 145 124 188 138 53 150 188 154 26 159 92 79 38 80 40 157 127 128 173 88 137 182 108 124 165 0 88 91 112 125 106 37 125 52 136 87 126 147 75 167 90 34 70 49 48 85 41 152 183 53 72 100 54 46 84 88 0 36 33 156 142 62 158 55 143 121 159 181 68 200 122 67 88 82 53 118 67 182 216 87 107 125 20 79 111 91 36 0 28 158 131 40 136 27 163 103 138 178 94 199 123 67 102 82 72 96 44 185 215 85 90 98 33 60 87 112 33 28 0 
0 53 86 48 182 49 25 52 39 58 75 134 149 73 36 158 64 57 112 149 7 158 96 125 67 90 42 112 45 128 53 0 60 101 185 28 74 95 92 75 27 175 171 88 46 165 30 58 65 154 47 172 134 157 86 127 94 160 34 95 86 60 0 124 128 40 111 137 117 55 41 158 131 58 51 112 30 36 44 101 79 123 116 131 63 109 125 154 41 42 48 101 124 0 191 93 35 47 9 77 122 104 141 88 73 165 108 88 156 158 54 158 78 107 79 74 20 75 87 166 182 185 128 191 0 158 202 228 190 124 169 140 70 109 151 26 156 131 161 33 179 42 124 107 116 124 205 164 154 124 49 28 40 93 158 0 74 99 85 49 30 151 144 61 22 137 15 30 63 127 42 144 109 132 60 102 91 139 7 80 25 74 111 35 202 74 0 27 26 79 99 135 162 94 61 178 89 81 137 169 32 174 103 132 86 98 20 108 70 153 52 95 137 47 228 99 27 0 42 106 121 151 185 120 88 204 113 108 159 195 58 199 123 152 112 118 27 121 96 179 39 92 117 9 190 85 26 42 0 73 113 110 143 85 66 164 100 82 148 157 45 158 81 110 76 76 15 82 79 159 58 75 55 77 124 49 79 106 73 0 75 104 97 15 31 100 57 21 98 91 55 101 62 83 11 55 86 99 42 94 75 27 41 122 169 30 99 121 113 75 0 179 167 85 52 153 18 54 38 142 68 162 137 158 86 130 117 169 37 68 134 175 158 104 140 151 135 151 110 104 179 0 70 100 130 117 161 125 202 118 136 98 42 35 95 49 124 34 144 189 149 171 131 141 70 144 162 185 143 97 167 70 0 83 128 49 149 114 174 53 148 28 64 39 86 67 158 96 137 149 73 88 58 88 109 61 94 120 85 15 85 100 83 0 45 85 67 31 102 76 70 86 58 74 9 51 99 99 54 92 36 46 51 73 151 22 61 88 66 31 52 130 128 45 0 128 36 21 84 118 30 131 88 111 42 81 74 117 15 93 158 165 112 165 26 137 178 204 164 100 153 117 49 85 128 0 137 109 149 11 155 22 98 83 92 98 179 139 133 115 64 30 30 108 156 15 89 113 100 57 18 161 149 67 36 137 0 36 48 126 57 146 119 140 68 112 106 153 21 67 57 58 36 88 131 30 81 108 82 21 54 125 114 31 21 109 36 0 77 99 51 114 83 104 32 76 92 120 24 78 112 65 44 156 161 63 137 159 148 98 38 202 174 102 84 149 48 77 0 138 105 163 160 175 107 153 154 197 69 40 149 154 101 158 33 127 169 195 157 91 142 118 53 76 118 11 126 99 138 0 146 29 95 83 83 94 172 137 122 105 7 47 79 54 179 42 32 58 45 55 68 136 148 70 30 155 57 51 105 146 0 155 97 125 64 91 49 116 38 121 158 172 123 158 42 144 174 199 158 101 162 98 28 86 131 22 146 114 163 29 155 0 85 65 91 86 173 122 138 133 96 134 116 78 124 109 103 123 81 62 137 42 64 58 88 98 119 83 160 95 97 85 0 29 53 7 96 44 102 149 125 157 131 107 107 132 132 152 110 83 158 35 39 74 111 83 140 104 175 83 125 65 29 0 72 35 125 57 125 158 67 86 63 79 116 60 86 112 76 11 86 95 86 9 42 92 68 32 107 83 64 91 53 72 0 46 90 91 53 100 90 127 109 74 124 102 98 118 76 55 130 49 67 51 81 98 112 76 153 94 91 86 7 35 46 0 91 48 95 143 42 94 125 20 205 91 20 27 15 86 117 124 158 99 74 179 106 92 154 172 49 173 96 125 90 91 0 95 86 167 112 160 154 75 164 139 108 121 82 99 169 34 96 99 117 139 153 120 197 137 116 122 44 57 91 48 95 0 132 191 45 34 41 87 154 7 70 96 79 42 37 144 137 54 15 133 21 24 69 122 38 138 102 125 53 95 86 132 0 83 128 95 42 166 124 80 153 179 159 94 68 189 149 92 93 115 67 78 40 105 121 133 149 158 100 143 167 191 83 0 
