0 91 100 50 43 90 85 104 80 161 37 98 89 135 146 101 65 64 93 89 168 153 130 156 87 25 127 142 67 132 91 0 191 47 60 41 166 130 169 212 124 121 75 155 207 128 26 123 160 144 141 112 194 175 16 99 184 164 45 111 100 191 0 149 139 184 69 157 40 162 70 157 174 180 137 154 165 109 98 120 242 238 123 195 187 100 132 182 161 209 50 47 149 0 13 67 119 92 123 169 87 84 51 121 162 90 24 76 113 98 131 110 147 142 39 52 139 130 50 96 43 60 139 13 0 80 106 81 111 156 80 73 47 111 149 78 37 63 100 85 128 110 134 132 51 40 126 119 62 92 90 41 184 67 80 0 175 158 169 236 114 150 110 186 227 156 44 141 177 164 182 153 212 207 56 107 205 195 23 150 85 166 69 119 106 175 0 93 29 97 83 95 124 113 74 90 141 51 29 54 180 182 58 126 157 68 64 114 152 151 104 130 157 92 81 158 93 0 117 85 131 9 57 31 88 3 114 49 67 39 87 94 80 52 114 80 65 39 142 61 80 169 40 123 111 169 29 117 0 126 64 118 140 140 102 114 143 70 58 80 203 201 87 155 162 71 93 142 146 170 161 212 162 169 156 236 97 85 126 0 173 93 141 73 26 85 193 97 72 72 150 169 39 68 197 136 34 66 216 137 37 124 70 87 80 114 83 131 64 173 0 127 125 161 153 128 99 85 101 108 203 190 137 181 122 52 139 167 91 167 98 121 157 84 73 150 95 9 118 93 127 0 48 38 95 8 106 48 71 43 85 89 87 59 105 75 72 46 134 56 89 75 174 51 47 110 124 57 140 141 125 48 0 80 143 56 66 73 109 83 81 65 132 100 59 75 120 89 99 45 135 155 180 121 111 186 113 31 140 73 161 38 80 0 86 34 142 77 84 60 78 96 83 21 139 111 67 9 171 64 146 207 137 162 149 227 74 88 102 26 153 95 143 86 0 87 186 86 53 64 164 180 16 86 193 123 23 81 206 147 101 128 154 90 78 156 90 3 114 85 128 8 56 34 87 0 112 46 65 37 90 96 79 55 113 77 64 41 140 63 65 26 165 24 37 44 141 114 143 193 99 106 66 142 186 112 0 100 137 122 142 116 171 163 24 73 163 151 34 109 64 123 109 76 63 141 51 49 70 97 85 48 73 77 86 46 100 0 37 25 133 131 71 96 112 39 64 82 120 100 93 160 98 113 100 177 29 67 58 72 101 71 109 84 53 65 137 37 0 28 154 160 37 97 149 70 38 85 155 127 89 144 120 98 85 164 54 39 80 72 108 43 83 60 64 37 122 25 28 0 126 132 50 76 130 64 41 63 144 99 168 141 242 131 128 182 180 87 203 150 203 85 81 78 164 90 142 133 154 126 0 34 161 83 126 151 145 84 176 36 153 112 238 110 110 153 182 94 201 169 190 89 65 96 180 96 116 131 160 132 34 0 173 106 97 140 158 104 150 33 130 194 123 147 134 212 58 80 87 39 137 87 132 83 16 79 171 71 37 50 161 173 0 88 180 107 16 80 191 140 156 175 195 142 132 207 126 52 155 68 181 59 100 21 86 55 163 96 97 76 83 106 88 0 159 132 72 14 192 78 87 16 187 39 51 56 157 114 162 197 122 105 59 139 193 113 24 112 149 130 126 97 180 159 0 91 170 148 54 95 25 99 100 52 40 107 68 80 71 136 52 75 75 111 123 77 73 39 70 64 151 140 107 132 91 0 103 118 85 115 127 184 132 139 126 205 64 65 93 34 139 72 120 67 23 64 163 64 38 41 145 158 16 72 170 103 0 64 184 125 142 164 182 130 119 195 114 39 142 66 167 46 89 9 81 41 151 82 85 63 84 104 80 14 148 118 64 0 180 73 67 45 161 50 62 23 152 142 146 216 91 134 99 171 206 140 34 120 155 144 176 150 191 192 54 85 184 180 0 143 132 111 209 96 92 150 151 61 170 137 167 56 45 64 147 63 109 100 127 99 36 33 140 78 95 115 125 73 143 0 
0 63 146 112 82 93 104 58 82 151 120 135 13 129 37 137 40 117 120 164 167 29 54 116 70 119 33 36 105 34 63 0 125 152 84 74 149 7 129 137 83 96 66 150 29 100 39 141 148 135 167 87 45 149 100 66 35 73 127 95 146 125 0 131 66 54 139 121 136 16 48 46 158 91 140 40 155 98 106 26 60 141 94 113 101 83 145 116 88 150 112 152 131 0 85 113 13 145 32 123 144 156 122 47 139 153 149 35 27 157 103 84 108 19 52 169 139 81 43 85 82 84 66 85 0 28 88 77 77 69 60 74 95 68 86 72 100 62 70 89 87 75 39 74 39 84 90 50 48 84 93 74 54 113 28 0 116 68 104 63 33 47 105 91 86 47 101 88 96 71 94 94 40 101 66 57 91 68 74 104 104 149 139 13 88 116 0 142 22 132 148 162 113 60 134 159 143 46 40 165 116 75 108 32 52 172 134 76 51 75 58 7 121 145 77 68 142 0 122 131 80 93 63 143 26 97 38 134 141 131 161 81 38 142 93 66 32 66 120 89 82 129 136 32 77 104 22 122 0 132 137 151 91 70 112 149 121 55 52 162 123 53 90 45 38 157 112 56 53 53 151 137 16 123 69 63 132 131 132 0 63 62 164 80 149 56 164 88 97 39 44 144 102 104 99 99 154 119 81 152 120 83 48 144 60 33 148 80 137 63 0 15 130 116 103 17 118 117 126 52 104 125 66 131 99 36 109 99 104 135 135 96 46 156 74 47 162 93 151 62 15 0 145 125 117 6 131 128 137 42 106 140 81 142 113 39 123 114 115 150 13 66 158 122 95 105 113 63 91 164 130 145 0 142 37 147 36 129 132 176 180 38 65 128 82 126 32 49 118 41 129 150 91 47 68 91 60 143 70 80 116 125 142 0 147 121 159 15 20 117 56 108 105 28 60 148 149 93 24 113 37 29 140 139 86 86 134 26 112 149 103 117 37 147 0 120 15 137 141 154 173 64 47 139 90 92 6 58 123 70 137 100 40 153 72 47 159 97 149 56 17 6 147 121 120 0 135 124 133 36 100 141 83 138 111 45 126 115 111 151 40 39 155 149 100 101 143 38 121 164 118 131 36 159 15 135 0 148 152 168 187 69 62 150 101 104 10 68 135 74 117 141 98 35 62 88 46 134 55 88 117 128 129 15 137 124 148 0 9 124 70 94 96 16 47 145 138 81 14 98 120 148 106 27 70 96 40 141 52 97 126 137 132 20 141 133 152 9 0 132 76 95 103 8 51 153 142 85 22 99 164 135 26 157 89 71 165 131 162 39 52 42 176 117 154 36 168 124 132 0 81 164 111 139 126 81 159 138 114 173 167 167 60 103 87 94 116 161 123 44 104 106 180 56 173 100 187 70 76 81 0 152 126 84 102 140 177 131 70 158 29 87 141 84 75 94 75 81 53 144 125 140 38 108 64 141 69 94 95 164 152 0 61 91 50 132 62 26 85 10 54 45 94 108 39 40 108 38 90 102 66 81 65 105 47 83 62 96 103 111 126 61 0 104 56 71 52 38 82 71 116 149 113 19 74 101 32 142 45 104 131 142 128 28 139 138 150 16 8 139 84 91 104 0 49 158 140 82 27 93 70 100 101 52 39 66 52 93 38 99 99 113 82 60 90 111 101 47 51 126 102 50 56 49 0 120 91 34 36 56 119 66 83 169 84 57 172 66 157 99 36 39 126 148 92 45 104 145 153 81 140 132 71 158 120 0 98 109 131 142 33 35 145 139 90 91 134 32 112 154 109 123 32 149 6 126 10 138 142 159 177 62 52 140 91 98 0 58 125 67 36 73 116 81 50 68 76 66 56 119 99 114 49 93 58 115 68 81 85 138 131 26 38 82 34 109 58 0 69 36 105 127 88 43 48 74 51 120 53 81 104 115 118 24 123 111 135 14 22 114 70 85 82 27 36 131 125 69 0 91 34 95 150 85 84 104 75 89 53 152 135 150 41 113 70 151 74 98 99 173 158 10 71 93 56 142 67 36 91 0 
0 124 117 102 124 87 29 53 56 156 195 131 40 112 140 82 131 7 10 137 145 68 114 71 48 38 58 27 71 46 124 0 186 192 105 37 95 71 149 39 183 52 127 70 112 112 164 129 114 27 21 178 62 138 80 96 130 107 57 97 117 186 0 31 104 159 126 139 170 198 121 155 157 127 114 74 48 111 122 180 204 68 135 53 148 106 65 141 136 100 102 192 31 0 123 160 117 135 150 208 151 167 141 139 136 84 76 95 109 190 211 41 146 54 141 102 63 128 137 98 124 105 104 123 0 95 107 101 176 101 82 58 153 35 16 47 66 123 119 88 116 134 43 78 117 88 80 129 81 78 87 37 159 160 95 0 58 34 115 72 177 61 92 63 107 87 144 92 77 53 58 143 57 108 45 61 97 72 23 63 29 95 126 117 107 58 0 24 69 127 184 104 46 89 123 71 128 34 19 108 116 91 89 74 24 21 61 22 43 31 53 71 139 135 101 34 24 0 84 105 182 85 61 76 115 75 134 58 43 86 92 113 74 86 16 33 74 39 23 39 56 149 170 150 176 115 69 84 0 186 250 169 23 158 192 137 187 61 57 168 169 111 157 126 70 88 114 47 107 98 156 39 198 208 101 72 127 105 186 0 167 43 164 71 101 124 166 160 146 19 28 202 63 155 117 123 149 144 85 120 195 183 121 151 82 177 184 182 250 167 0 131 230 115 71 113 75 192 193 161 190 179 122 130 197 163 140 206 163 153 131 52 155 167 58 61 104 85 169 43 131 0 146 28 61 83 123 133 122 30 59 166 21 115 100 94 111 123 62 88 40 127 157 141 153 92 46 61 23 164 230 146 0 135 169 117 169 46 37 145 147 104 134 110 47 67 97 24 84 77 112 70 127 139 35 63 89 76 158 71 115 28 135 0 44 55 96 113 105 55 82 139 8 87 92 74 84 111 53 67 140 112 114 136 16 107 123 115 192 101 71 61 169 44 0 63 71 139 135 91 120 149 51 93 131 104 96 145 95 94 82 112 74 84 47 87 71 75 137 124 113 83 117 55 63 0 59 79 80 106 130 87 62 32 89 50 33 93 65 40 131 164 48 76 66 144 128 134 187 166 75 123 169 96 71 59 0 126 132 151 178 105 104 61 148 107 73 149 124 98 7 129 111 95 123 92 34 58 61 160 192 133 46 113 139 79 126 0 17 141 150 61 115 65 55 39 53 34 75 46 10 114 122 109 119 77 19 43 57 146 193 122 37 105 135 80 132 17 0 127 135 77 106 73 38 32 60 19 62 41 137 27 180 190 88 53 108 86 168 19 161 30 145 55 91 106 151 141 127 0 29 183 47 136 98 104 130 125 66 101 145 21 204 211 116 58 116 92 169 28 190 59 147 82 120 130 178 150 135 29 0 199 74 157 101 117 149 128 78 118 68 178 68 41 134 143 91 113 111 202 179 166 104 139 149 87 105 61 77 183 199 0 145 56 114 82 55 95 121 82 114 62 135 146 43 57 89 74 157 63 122 21 134 8 51 62 104 115 106 47 74 145 0 94 90 76 90 110 51 70 71 138 53 54 78 108 74 86 126 155 130 115 110 87 93 32 61 65 73 136 157 56 94 0 96 54 13 91 85 47 48 80 148 141 117 45 24 16 70 117 197 100 47 92 131 89 148 55 38 98 101 114 90 96 0 42 83 27 39 50 38 96 106 102 88 61 21 33 88 123 163 94 67 74 104 50 107 39 32 104 117 82 76 54 42 0 41 43 39 10 58 130 65 63 80 97 61 74 114 149 140 111 97 84 96 33 73 53 60 130 149 55 90 13 83 41 0 78 74 35 27 107 141 128 129 72 22 39 47 144 206 123 24 111 145 93 149 34 19 125 128 95 110 91 27 43 78 0 61 53 71 57 136 137 81 23 43 23 107 85 163 62 84 53 95 65 124 75 62 66 78 121 51 85 39 39 74 61 0 40 46 97 100 98 78 63 31 39 98 120 153 88 77 67 94 40 98 46 41 101 118 82 70 47 50 10 35 53 40 0 
0 79 96 104 85 156 39 116 138 97 136 182 107 88 120 127 153 158 150 197 82 182 110 156 196 166 158 113 167 46 79 0 37 108 68 96 47 115 84 46 79 120 49 66 68 118 98 81 74 122 38 160 35 132 122 118 137 77 117 97 96 37 0 83 44 123 75 87 48 81 44 88 13 40 31 88 63 67 86 102 16 124 25 96 100 81 101 41 81 96 104 108 83 0 40 203 115 12 85 152 88 125 83 43 75 25 92 139 169 161 71 82 107 59 155 92 59 52 95 67 85 68 44 40 0 163 83 47 61 114 62 106 46 5 46 51 73 106 130 135 31 101 69 73 129 82 77 29 84 65 156 96 123 203 163 0 117 209 155 59 148 169 129 160 146 211 165 109 51 142 132 243 102 217 148 187 223 164 184 189 39 47 75 115 83 117 0 125 123 58 119 163 88 84 105 133 138 128 113 169 67 183 82 155 169 155 160 105 155 75 116 115 87 12 47 209 125 0 82 161 87 120 85 49 76 13 89 140 173 159 77 70 112 47 153 86 47 53 89 79 138 84 48 85 61 155 123 82 0 124 7 45 35 56 18 75 15 61 108 77 56 89 56 66 71 34 72 33 33 126 97 46 81 152 114 59 58 161 124 0 118 153 91 112 110 164 137 102 63 143 84 205 69 177 146 158 182 122 156 130 136 79 44 88 62 148 119 87 7 118 0 46 31 58 17 81 19 54 101 73 54 96 49 73 67 40 79 36 38 127 182 120 88 125 106 169 163 120 45 153 46 0 75 101 63 110 33 60 118 47 100 101 86 87 38 38 93 77 34 171 107 49 13 83 46 129 88 85 35 91 31 75 0 41 19 84 50 60 88 92 25 115 27 88 89 69 94 35 68 105 88 66 40 43 5 160 84 49 56 112 58 101 41 0 41 52 69 101 126 130 28 99 65 71 125 78 76 25 80 70 120 68 31 75 46 146 105 76 18 110 17 63 19 41 0 71 33 64 103 89 38 97 44 71 84 50 77 23 50 110 127 118 88 25 51 211 133 13 75 164 81 110 84 52 71 0 79 135 172 151 80 57 111 34 143 74 34 49 77 92 153 98 63 92 73 165 138 89 15 137 19 33 50 69 33 79 0 64 117 72 71 83 68 63 64 22 69 44 19 138 158 81 67 139 106 109 128 140 61 102 54 60 60 101 64 135 64 0 58 41 83 147 48 126 44 84 132 87 81 163 150 74 86 169 130 51 113 173 108 63 101 118 88 126 103 172 117 58 0 91 100 197 62 173 97 138 179 123 135 171 197 122 102 161 135 142 169 159 77 143 73 47 92 130 89 151 72 41 91 0 117 148 88 134 9 85 140 109 81 197 82 38 16 71 31 132 67 77 56 84 54 100 25 28 38 80 71 83 100 117 0 122 39 94 114 88 99 39 88 80 182 160 124 82 101 243 183 70 89 205 96 101 115 99 97 57 83 147 197 148 122 0 141 28 139 65 24 83 68 149 110 35 25 107 69 102 82 112 56 69 49 86 27 65 44 111 68 48 62 88 39 141 0 115 87 89 121 62 87 118 156 132 96 59 73 217 155 47 66 177 73 87 88 71 71 34 63 126 173 134 94 28 115 0 125 49 6 55 53 124 196 122 100 155 129 148 169 153 71 146 67 38 89 125 84 143 64 44 97 9 114 139 87 125 0 76 131 103 72 193 166 118 81 92 82 187 155 86 34 158 40 38 69 78 50 74 22 84 138 85 88 65 89 49 76 0 55 53 4 147 158 137 101 59 77 223 160 47 72 182 79 93 94 76 77 34 69 132 179 140 99 24 121 6 131 55 0 60 59 126 113 77 41 52 29 164 105 53 33 122 36 77 35 25 23 49 44 87 123 109 39 83 62 55 103 53 60 0 55 94 167 117 81 95 84 184 155 89 33 156 38 34 68 80 50 77 19 81 135 81 88 68 87 53 72 4 59 55 0 149 46 97 96 67 65 189 75 79 126 130 127 171 105 70 110 92 138 163 171 197 80 149 118 124 193 147 126 94 149 0 
0 176 9 142 174 192 145 86 53 110 139 176 147 100 141 131 116 27 137 177 25 237 141 186 240 173 64 138 52 48 176 0 175 83 64 107 146 115 136 170 46 53 159 79 37 150 62 168 129 71 183 148 210 85 151 113 117 185 178 130 9 175 0 137 169 186 137 80 47 101 139 172 138 100 139 123 116 18 129 172 17 231 132 181 234 167 66 129 43 49 142 83 137 0 36 52 63 57 90 92 90 44 76 87 59 67 81 122 46 36 137 100 128 44 103 41 110 102 121 110 174 64 169 36 0 43 92 92 123 127 90 12 105 101 57 99 90 156 77 7 171 88 160 22 91 49 132 134 157 137 192 107 186 52 43 0 75 106 139 119 132 54 87 137 99 86 128 171 66 36 185 48 145 22 51 23 162 118 164 162 145 146 137 63 92 75 0 70 97 47 148 103 13 133 119 14 133 119 18 89 129 104 70 86 107 52 141 43 103 133 86 115 80 57 92 106 70 0 33 62 97 97 77 70 79 60 76 65 56 93 80 151 104 101 154 87 71 86 65 64 53 136 47 90 123 139 97 33 0 73 106 126 101 71 99 85 83 33 86 125 48 184 112 134 187 120 54 101 44 40 110 170 101 92 127 119 47 62 73 0 158 136 42 132 136 33 138 83 53 126 90 151 42 127 154 96 126 29 61 113 139 46 139 90 90 132 148 97 106 158 0 82 161 39 33 147 23 135 130 97 149 178 200 112 181 129 76 179 150 91 176 53 172 44 12 54 103 97 126 136 82 0 116 98 51 109 84 159 87 18 174 97 170 32 100 61 130 144 162 137 147 159 138 76 105 87 13 77 101 42 161 116 0 144 132 17 145 120 31 102 130 112 58 99 115 64 148 31 102 140 100 79 100 87 101 137 133 70 71 132 39 98 144 0 49 128 17 97 116 107 111 185 174 122 188 128 38 156 115 52 141 37 139 59 57 99 119 79 99 136 33 51 132 49 0 120 34 131 101 64 146 145 177 79 148 96 85 154 141 96 131 150 123 67 99 86 14 60 85 33 147 109 17 128 120 0 130 105 22 96 115 118 61 96 121 63 131 35 89 123 116 62 116 81 90 128 133 76 83 138 23 84 145 17 34 130 0 112 115 96 126 176 180 111 179 122 55 161 127 68 27 168 18 122 156 171 119 65 33 83 135 159 120 97 131 105 112 0 112 158 15 214 114 166 217 150 68 111 26 51 137 129 129 46 77 66 18 56 86 53 130 87 31 116 101 22 115 112 0 74 124 103 83 74 106 43 126 57 100 120 177 71 172 36 7 36 89 93 125 126 97 18 102 107 64 96 96 158 74 0 173 81 157 15 84 43 137 131 157 141 25 183 17 137 171 185 129 80 48 90 149 174 130 111 146 115 126 15 124 173 0 227 118 181 230 164 79 118 29 62 237 148 231 100 88 48 104 151 184 151 178 97 112 185 145 118 176 214 103 81 227 0 166 66 3 64 210 141 203 210 141 210 132 128 160 145 70 104 112 42 200 170 58 174 177 61 180 114 83 157 118 166 0 156 169 122 166 27 89 152 186 85 181 44 22 22 86 101 134 127 112 32 99 122 79 96 111 166 74 15 181 66 156 0 69 36 150 129 164 153 240 151 234 103 91 51 107 154 187 154 181 100 115 188 148 121 179 217 106 84 230 3 169 69 0 67 213 144 206 213 173 113 167 41 49 23 52 87 120 96 129 61 64 128 96 63 122 150 43 43 164 64 122 36 67 0 149 95 142 148 64 117 66 110 132 162 141 71 54 126 76 130 148 38 85 131 55 68 126 137 79 210 166 150 213 149 0 154 91 17 138 185 129 102 134 118 43 86 101 29 179 144 31 156 154 35 161 111 57 131 118 141 27 129 144 95 154 0 89 141 52 178 43 121 157 164 103 65 44 61 150 162 102 115 141 89 127 26 100 157 29 203 89 164 206 142 91 89 0 74 48 130 49 110 137 162 133 64 40 113 91 137 140 52 96 123 68 51 120 141 62 210 152 153 213 148 17 141 74 0 
0 53 118 144 169 126 187 133 59 21 19 139 75 59 147 48 146 166 133 78 128 167 139 129 108 113 45 78 170 179 53 0 86 173 184 153 168 139 112 32 42 150 87 105 128 7 141 189 142 113 121 133 146 152 140 94 98 88 192 150 118 86 0 157 141 138 83 94 167 99 99 109 81 141 46 84 79 160 100 126 62 49 101 131 138 26 151 77 161 64 144 173 157 0 51 20 161 70 133 149 137 56 87 95 141 166 99 28 63 66 102 188 65 26 36 131 125 89 33 177 169 184 141 51 0 53 122 47 171 167 157 34 97 131 111 177 67 29 43 99 79 160 40 44 74 115 161 96 27 143 126 153 138 20 53 0 148 56 120 130 118 45 67 81 125 146 86 40 49 49 86 172 53 12 21 113 111 69 45 162 187 168 83 161 122 148 0 92 226 172 168 105 125 190 40 164 62 150 99 164 70 59 96 136 160 74 210 120 149 30 133 139 94 70 47 56 92 0 151 127 118 15 58 111 71 133 30 66 7 79 33 119 7 44 68 68 137 55 67 107 59 112 167 133 171 120 226 151 0 80 74 149 101 40 188 107 173 160 147 72 158 216 153 128 99 156 16 106 165 223 21 32 99 149 167 130 172 127 80 0 12 135 70 74 132 27 136 168 127 86 117 148 133 131 115 98 66 72 172 163 19 42 99 137 157 118 168 118 74 12 0 125 60 63 128 36 129 156 118 74 110 148 124 119 103 94 58 63 160 160 139 150 109 56 34 45 105 15 149 135 125 0 65 109 85 143 43 51 9 77 48 134 9 33 61 83 138 63 52 121 75 87 81 87 97 67 125 58 101 70 60 65 0 65 88 80 73 102 58 45 57 124 64 65 60 61 85 5 105 126 59 105 141 95 131 81 190 111 40 74 63 109 65 0 153 99 134 121 107 32 121 188 113 88 60 125 30 70 126 191 147 128 46 141 111 125 40 71 188 132 128 85 88 153 0 124 44 135 78 131 39 49 76 115 132 34 172 83 136 38 48 7 84 166 177 146 164 133 107 27 36 143 80 99 124 0 136 182 135 106 116 131 140 145 133 90 93 81 185 148 146 141 79 99 67 86 62 30 173 136 129 43 73 134 44 136 0 92 37 105 20 93 34 74 98 54 158 69 92 78 166 189 160 28 29 40 150 66 160 168 156 51 102 121 135 182 92 0 60 89 99 184 59 37 61 134 151 102 5 169 133 142 100 63 43 49 99 7 147 127 118 9 58 107 78 135 37 60 0 75 40 126 6 38 63 74 134 55 61 114 78 113 126 66 99 49 164 79 72 86 74 77 45 32 131 106 105 89 75 0 94 169 81 56 30 106 62 50 94 169 128 121 62 102 79 86 70 33 158 117 110 48 57 121 39 116 20 99 40 94 0 86 40 76 93 36 142 52 100 77 167 133 49 188 160 172 59 119 216 148 148 134 124 188 49 131 93 184 126 169 86 0 125 162 176 63 200 119 185 29 139 146 101 65 40 53 96 7 153 133 124 9 64 113 76 140 34 59 6 81 40 125 0 41 68 75 140 61 60 112 129 152 131 26 44 12 136 44 128 131 119 33 65 88 115 145 74 37 38 56 76 162 41 0 31 105 118 65 41 151 108 140 138 36 74 21 160 68 99 115 103 61 60 60 132 133 98 61 63 30 93 176 68 31 0 115 90 63 66 170 113 94 26 131 115 113 74 68 156 98 94 83 61 125 34 90 54 134 74 106 36 63 75 105 115 0 140 56 135 67 45 98 151 125 161 111 210 137 16 66 58 138 85 30 172 93 158 151 134 62 142 200 140 118 90 140 0 90 156 207 78 88 77 89 96 69 120 55 106 72 63 63 5 70 83 81 69 102 55 50 52 119 61 65 63 56 90 0 105 121 170 192 161 33 27 45 149 67 165 172 160 52 105 126 136 185 92 5 61 94 100 185 60 41 66 135 156 105 0 169 179 150 64 177 143 162 30 107 223 163 160 121 126 191 38 148 78 169 114 169 77 29 112 151 170 67 207 121 169 0 
0 137 33 45 132 132 50 46 71 70 202 164 148 181 123 150 30 43 137 90 96 83 157 153 89 88 177 170 118 54 137 0 116 95 67 82 141 148 73 78 86 153 67 44 42 96 107 116 103 113 93 124 35 21 109 147 46 63 30 131 33 116 0 43 100 131 31 36 44 66 173 131 141 160 95 117 24 10 141 57 100 51 132 129 99 62 159 141 93 28 45 95 43 0 107 89 74 76 45 25 169 162 103 139 91 132 19 52 98 89 57 89 120 113 57 104 132 138 82 71 132 67 100 107 0 141 111 121 63 105 76 86 132 93 27 30 106 94 161 65 137 78 52 61 149 99 108 45 41 99 132 82 131 89 141 0 162 165 107 65 167 221 26 105 114 171 108 138 21 160 38 166 117 102 53 186 84 145 100 157 50 141 31 74 111 162 0 10 68 97 187 120 172 184 114 120 55 26 172 52 131 41 152 151 130 39 186 156 115 12 46 148 36 76 121 165 10 0 75 101 197 130 177 192 123 130 57 32 174 62 133 51 161 159 131 47 193 166 123 22 71 73 44 45 63 107 68 75 0 51 131 120 111 117 52 87 43 43 123 53 88 59 88 85 95 80 118 99 49 58 70 78 66 25 105 65 97 101 51 0 158 171 78 120 84 133 44 73 76 102 38 105 107 98 44 123 110 129 72 92 202 86 173 169 76 167 187 197 131 158 0 135 147 69 79 80 174 169 188 141 179 154 51 65 194 174 94 32 87 175 164 153 131 162 86 221 120 130 120 171 135 0 216 176 112 60 151 121 240 75 208 81 135 146 215 84 193 115 125 112 148 67 141 103 132 26 172 177 111 78 147 216 0 82 105 162 122 147 44 162 61 169 100 85 77 191 59 129 91 165 181 44 160 139 93 105 184 192 117 120 69 176 82 0 75 116 151 160 126 151 128 162 41 34 145 185 25 65 69 173 123 42 95 91 27 114 114 123 52 84 79 112 105 75 0 57 95 92 134 76 113 88 38 41 126 110 85 47 14 102 150 96 117 132 30 171 120 130 87 133 80 60 162 116 57 0 128 109 191 69 166 81 75 87 177 98 134 56 71 109 30 107 24 19 106 108 55 57 43 44 174 151 122 151 95 128 0 34 117 76 76 74 128 123 75 86 147 142 89 52 43 116 10 52 94 138 26 32 43 73 169 121 147 160 92 109 34 0 149 47 109 41 129 127 109 52 161 137 91 19 137 103 141 98 161 21 172 174 123 76 188 240 44 126 134 191 117 149 0 176 41 180 138 123 50 199 103 166 120 168 90 113 57 89 65 160 52 62 53 102 141 75 162 151 76 69 76 47 176 0 140 13 113 117 145 34 159 110 83 41 96 93 100 57 137 38 131 133 88 38 179 208 61 128 113 166 76 109 41 140 0 143 128 114 17 160 111 154 99 128 83 124 51 89 78 166 41 51 59 105 154 81 169 162 88 81 74 41 180 13 143 0 125 128 146 23 170 123 94 31 157 35 132 120 52 117 152 161 88 107 51 135 100 41 38 75 128 129 138 113 128 125 0 15 143 147 60 29 39 140 153 21 129 113 61 102 151 159 85 98 65 146 85 34 41 87 123 127 123 117 114 128 15 0 130 151 47 44 36 140 89 109 99 57 149 53 130 131 95 44 194 215 77 145 126 177 75 109 50 145 17 146 143 130 0 161 128 168 113 127 88 147 62 104 99 186 39 47 80 123 174 84 191 185 110 98 86 52 199 34 160 23 147 151 161 0 193 144 117 34 177 46 159 132 108 84 186 193 118 110 94 193 59 25 85 134 147 161 103 159 111 170 60 47 128 193 0 87 76 176 170 63 141 138 45 145 156 166 99 129 32 115 129 65 47 56 142 137 166 110 154 123 29 44 168 144 87 0 57 144 118 30 93 82 41 100 115 123 49 72 87 125 91 69 14 71 89 91 120 83 99 94 39 36 113 117 76 57 0 104 54 131 28 71 99 157 12 22 58 92 175 112 165 173 102 109 52 19 168 41 128 31 140 140 127 34 176 144 104 0 
0 148 157 162 148 118 23 35 156 145 111 171 119 150 170 103 41 142 90 76 91 99 79 168 65 88 156 75 38 192 148 0 42 25 56 38 138 121 12 25 172 29 116 109 104 81 122 17 113 111 112 74 85 85 123 60 63 139 140 132 157 42 0 65 18 41 153 138 34 20 152 63 89 72 62 65 123 59 147 140 96 108 81 43 115 80 105 168 139 90 162 25 65 0 80 63 150 133 31 49 197 10 141 133 127 106 141 20 115 115 137 77 107 108 145 74 45 143 159 155 148 56 18 80 0 39 147 132 49 31 135 79 71 55 48 50 111 72 148 139 80 111 69 31 101 78 118 166 127 77 118 38 41 63 39 0 112 97 42 27 134 67 80 81 83 43 86 46 109 100 74 72 47 69 85 39 89 127 104 112 23 138 153 150 147 112 0 17 147 138 130 159 130 158 174 106 52 130 67 53 102 80 82 170 78 78 137 52 57 200 35 121 138 133 132 97 17 0 130 122 132 142 122 147 162 94 49 113 57 42 95 64 70 157 74 61 121 50 59 188 156 12 34 31 49 42 147 130 0 20 173 30 115 104 96 82 128 29 125 123 114 86 89 77 127 69 73 151 146 124 145 25 20 49 31 27 138 122 20 0 154 50 95 84 79 63 113 41 127 121 95 88 73 60 110 62 87 149 131 107 111 172 152 197 135 134 130 132 173 154 0 201 64 96 121 91 83 180 185 170 60 172 93 132 60 138 216 182 73 128 171 29 63 10 79 67 159 142 30 50 201 0 145 134 125 110 149 29 125 125 141 87 114 105 152 83 54 153 167 152 119 116 89 141 71 80 130 122 115 95 64 145 0 35 60 39 78 126 163 150 28 138 56 68 55 100 169 170 84 75 150 109 72 133 55 81 158 147 104 84 96 134 35 0 25 53 109 124 181 169 60 149 77 38 88 111 169 192 117 42 170 104 62 127 48 83 174 162 96 79 121 125 60 25 0 68 129 120 189 180 83 155 92 20 111 119 166 205 140 29 103 81 65 106 50 43 106 94 82 63 91 110 39 53 68 0 63 89 128 116 32 99 24 65 51 61 130 139 77 94 41 122 123 141 111 86 52 49 128 113 83 149 78 109 129 63 0 121 102 87 50 94 42 128 26 69 146 99 18 151 142 17 59 20 72 46 130 113 29 41 180 29 126 124 120 89 121 0 99 98 120 60 89 101 127 54 46 126 139 148 90 113 147 115 148 109 67 57 125 127 185 125 163 181 189 128 102 99 0 15 140 39 107 178 126 70 86 30 115 218 76 111 140 115 139 100 53 42 123 121 170 125 150 169 180 116 87 98 15 0 126 38 94 169 111 61 91 28 100 208 91 112 96 137 80 74 102 95 114 95 60 141 28 60 83 32 50 120 140 126 0 118 35 87 28 81 157 144 57 102 99 74 108 77 111 72 80 64 86 88 172 87 138 149 155 99 94 60 39 38 118 0 83 141 112 38 57 66 111 184 79 85 81 107 69 47 82 70 89 73 93 114 56 77 92 24 42 89 107 94 35 83 0 89 38 46 123 115 58 118 168 85 43 108 31 69 170 157 77 60 132 105 68 38 20 65 128 101 178 169 87 141 89 0 113 108 147 195 141 47 65 123 115 145 101 85 78 74 127 110 60 152 55 88 111 51 26 127 126 111 28 112 38 113 0 80 158 124 29 130 88 60 80 74 78 39 78 61 69 62 138 83 100 111 119 61 69 54 70 61 81 38 46 108 80 0 78 88 87 148 156 63 105 45 118 89 137 121 73 87 216 54 169 169 166 130 146 46 86 91 157 57 123 147 158 78 0 116 164 194 75 139 168 143 166 127 52 50 151 149 182 153 170 192 205 139 99 126 30 28 144 66 115 195 124 88 116 0 109 233 38 140 139 159 127 104 57 59 146 131 73 167 84 117 140 77 18 139 115 100 57 111 58 141 29 87 164 109 0 159 192 132 90 155 77 112 200 188 124 107 128 152 75 42 29 94 151 148 218 208 102 184 118 47 130 148 194 233 159 0 
0 121 94 76 163 64 172 76 188 166 96 158 69 190 33 116 173 169 64 156 87 199 55 74 58 131 55 141 200 59 121 0 45 50 107 129 51 78 69 63 117 37 132 69 128 81 112 81 117 73 76 84 97 66 128 99 86 60 85 127 94 45 0 52 83 124 87 84 97 72 126 72 128 110 112 43 92 76 114 114 31 129 55 24 86 62 46 99 130 85 76 50 52 0 135 79 100 32 119 110 74 87 82 116 78 95 144 122 67 83 75 123 74 56 102 114 63 67 124 102 163 107 83 135 0 206 114 167 102 63 209 104 210 135 189 47 10 42 197 179 76 162 110 92 127 36 108 166 163 125 64 129 124 79 206 0 175 52 197 189 41 165 5 187 32 160 216 199 13 130 133 189 110 114 121 177 104 119 190 122 172 51 87 100 114 175 0 123 25 51 157 15 178 23 178 109 115 74 163 81 116 48 142 111 173 122 133 76 49 172 76 78 84 32 167 52 123 0 145 140 42 113 55 135 63 126 176 154 40 83 103 137 95 84 118 145 85 69 138 118 188 69 97 119 102 197 25 145 0 39 181 32 199 37 197 108 101 60 184 106 122 65 152 121 182 118 143 101 66 181 166 63 72 110 63 189 51 140 39 0 180 44 192 72 182 71 64 23 177 125 89 99 124 94 150 79 117 115 100 148 96 117 126 74 209 41 157 42 181 180 0 149 38 165 69 168 218 195 33 98 144 160 131 125 149 187 122 89 160 150 158 37 72 87 104 165 15 113 32 44 149 0 167 38 165 95 106 67 152 81 101 61 127 96 158 109 118 73 62 157 69 132 128 82 210 5 178 55 199 192 38 167 0 190 36 165 220 203 15 131 137 190 115 119 126 182 109 120 191 127 190 69 110 116 135 187 23 135 37 72 165 38 190 0 194 132 136 95 175 77 139 28 165 134 196 145 155 78 29 195 33 128 112 78 189 32 178 63 197 182 69 165 36 194 0 142 199 188 36 146 113 198 85 97 91 158 82 132 199 92 116 81 43 95 47 160 109 126 108 71 168 95 165 132 142 0 57 62 152 154 29 156 64 46 85 19 61 139 157 83 173 112 92 144 10 216 115 176 101 64 218 106 220 136 199 57 0 41 206 183 86 163 120 102 137 46 118 171 164 135 169 81 76 122 42 199 74 154 60 23 195 67 203 95 188 62 41 0 188 146 86 122 121 95 147 64 117 136 123 145 64 117 114 67 197 13 163 40 184 177 33 152 15 175 36 152 206 188 0 118 125 176 105 106 120 169 98 106 177 121 156 73 114 83 179 130 81 83 106 125 98 81 131 77 146 154 183 146 118 0 145 65 155 130 185 172 144 16 65 184 87 76 31 75 76 133 116 103 122 89 144 101 137 139 113 29 86 86 125 145 0 159 35 19 61 45 32 129 160 59 199 84 129 123 162 189 48 137 65 99 160 61 190 28 198 156 163 122 176 65 159 0 181 150 212 170 170 71 1 211 55 97 55 74 110 110 142 95 152 124 131 127 115 165 85 64 120 121 105 155 35 181 0 31 31 76 11 139 182 30 74 66 24 56 92 114 111 84 121 94 125 96 119 134 97 46 102 95 106 130 19 150 31 0 62 63 23 114 151 61 58 128 86 102 127 121 173 118 182 150 149 158 126 196 91 85 137 147 120 185 61 212 31 62 0 91 42 169 213 2 131 99 62 114 36 177 122 145 118 79 187 109 182 145 158 19 46 64 169 172 45 170 76 63 91 0 76 158 171 89 55 86 46 63 108 104 133 85 143 117 122 118 109 155 82 61 118 117 98 144 32 170 11 23 42 76 0 128 171 41 141 60 99 67 166 119 76 69 101 115 89 73 120 78 132 139 171 136 106 16 129 71 139 114 169 158 128 0 71 168 200 85 130 124 163 190 49 138 66 100 160 62 191 29 199 157 164 123 177 65 160 1 182 151 213 171 171 71 0 212 59 127 85 102 125 122 172 118 181 148 150 157 127 195 92 83 135 145 121 184 59 211 30 61 2 89 41 168 212 0 
0 159 82 84 100 121 105 131 13 102 118 34 87 109 50 79 39 26 12 86 96 115 44 3 86 190 86 79 48 157 159 0 91 80 201 61 80 65 154 111 45 189 134 133 149 90 153 157 148 118 76 143 179 160 136 79 189 140 131 61 82 91 0 58 111 40 84 49 72 36 65 116 48 57 58 6 64 93 74 99 16 68 90 84 112 108 98 111 82 118 84 80 58 0 156 72 27 85 83 94 35 111 103 115 96 52 94 77 72 45 58 126 116 84 62 137 142 64 51 74 100 201 111 156 0 142 183 143 89 93 175 119 68 79 60 114 66 126 107 178 125 73 57 103 182 192 14 177 143 227 121 61 40 72 142 0 91 13 111 50 57 155 74 72 97 42 103 129 113 117 25 82 129 123 134 70 131 135 113 106 105 80 84 27 183 91 0 104 106 120 38 126 130 141 123 79 119 92 93 38 81 152 141 105 56 148 169 60 63 53 131 65 49 85 143 13 104 0 121 50 69 165 76 69 103 52 111 140 123 130 35 79 136 133 147 59 134 148 125 116 13 154 72 83 89 111 106 121 0 89 114 47 74 96 37 69 26 39 18 92 86 102 36 16 94 180 75 88 55 157 102 111 36 94 93 50 120 50 89 0 96 136 26 23 59 42 70 119 98 135 40 34 92 104 147 101 84 145 114 149 118 45 65 35 175 57 38 69 114 96 0 146 113 119 118 61 119 112 106 74 56 130 143 118 92 110 162 95 86 53 34 189 116 111 119 155 126 165 47 136 146 0 120 142 81 113 69 34 42 99 130 147 62 33 91 224 107 84 63 179 87 134 48 103 68 74 130 76 74 26 113 120 0 22 39 53 51 109 87 138 59 28 70 90 148 127 58 145 112 166 109 133 57 115 79 72 141 69 96 23 119 142 22 0 61 63 73 131 109 154 63 11 91 112 166 113 72 163 131 172 50 149 58 96 60 97 123 103 37 59 118 81 39 61 0 59 12 76 54 119 74 66 33 53 125 159 46 120 86 168 79 90 6 52 114 42 79 52 69 42 61 113 53 63 59 0 64 89 71 93 17 74 90 81 106 111 101 105 77 114 39 153 64 94 66 103 119 111 26 70 119 69 51 73 12 64 0 65 43 112 80 78 26 42 116 168 52 111 77 167 26 157 93 77 126 129 92 140 39 119 112 34 109 131 76 89 65 0 22 66 105 137 70 24 62 199 112 55 29 145 12 148 74 72 107 113 93 123 18 98 106 42 87 109 54 71 43 22 0 75 88 115 53 12 76 182 93 70 37 145 86 118 99 45 178 117 38 130 92 135 74 99 138 154 119 93 112 66 75 0 102 165 128 84 18 181 164 22 38 86 96 76 16 58 125 25 81 35 86 40 56 130 59 63 74 17 80 105 88 102 0 74 106 98 117 94 113 116 91 109 115 143 68 126 73 82 152 79 102 34 130 147 28 11 66 74 78 137 115 165 74 0 94 118 176 119 68 173 140 183 44 179 90 116 57 129 141 136 36 92 143 62 70 91 33 90 26 70 53 128 106 94 0 47 129 192 45 123 90 190 3 160 84 84 103 123 105 133 16 104 118 33 90 112 53 81 42 24 12 84 98 118 47 0 84 192 89 77 46 157 86 136 112 62 182 134 56 147 94 147 92 91 148 166 125 106 116 62 76 18 117 176 129 84 0 199 168 7 39 102 190 79 108 137 192 70 148 59 180 101 110 224 127 113 159 111 168 199 182 181 94 119 192 192 199 0 184 201 182 140 86 189 98 142 14 131 169 134 75 84 162 107 58 72 46 101 52 112 93 164 113 68 45 89 168 184 0 163 129 214 79 140 111 64 177 135 60 148 88 145 95 84 145 163 120 105 111 55 70 22 116 173 123 77 7 201 163 0 34 108 48 131 82 51 143 113 63 125 55 114 86 63 112 131 86 77 77 29 37 38 91 140 90 46 39 182 129 34 0 116 157 61 118 74 227 106 53 116 157 149 53 179 166 172 168 114 167 145 145 86 109 183 190 157 102 140 214 108 116 0 
0 179 48 46 29 63 72 37 24 119 84 108 123 46 110 90 150 159 161 191 157 139 87 156 91 155 83 148 102 141 179 0 207 171 156 176 112 149 155 69 196 195 120 165 75 110 79 79 59 95 117 40 200 24 117 33 197 33 103 47 48 207 0 94 54 110 95 83 64 141 128 153 169 94 133 134 192 201 199 199 157 168 131 185 100 189 48 174 114 164 46 171 94 0 62 17 86 31 45 126 41 62 86 6 117 65 123 132 138 207 181 133 45 147 116 142 129 144 122 143 29 156 54 62 0 78 45 37 17 93 103 122 119 58 84 82 138 147 145 162 128 116 107 133 62 135 71 123 73 115 63 176 110 17 78 0 99 45 61 136 25 45 79 20 127 66 121 129 138 218 194 139 29 152 130 144 146 151 135 151 72 112 95 86 45 99 0 55 49 48 124 139 106 80 39 67 109 118 111 122 95 73 128 90 33 95 92 79 36 70 37 149 83 31 37 45 55 0 20 97 70 88 86 25 88 53 113 122 124 177 150 109 74 125 85 121 107 119 91 115 24 155 64 45 17 61 49 20 0 96 86 105 106 41 87 70 129 138 138 171 140 115 90 132 74 131 87 124 83 117 119 69 141 126 93 136 48 97 96 0 161 169 115 120 9 83 97 104 90 82 72 36 165 52 48 62 128 37 35 23 84 196 128 41 103 25 124 70 86 161 0 26 89 45 152 86 135 142 153 243 219 161 4 173 155 164 167 173 160 175 108 195 153 62 122 45 139 88 105 169 26 0 79 64 161 89 126 132 147 251 233 164 25 174 171 162 191 176 174 180 123 120 169 86 119 79 106 86 106 115 89 79 0 82 109 39 47 53 68 192 185 96 92 101 138 87 189 108 134 117 46 165 94 6 58 20 80 25 41 120 45 64 82 0 111 59 118 127 132 201 175 127 49 141 110 136 127 138 116 137 110 75 133 117 84 127 39 88 87 9 152 161 109 111 0 76 95 103 90 91 76 40 156 57 43 66 122 42 32 31 90 110 134 65 82 66 67 53 70 83 86 89 39 59 76 0 60 69 73 165 152 75 90 87 99 78 150 87 97 91 150 79 192 123 138 121 109 113 129 97 135 126 47 118 95 60 0 9 21 162 168 66 138 64 134 47 201 76 126 90 159 79 201 132 147 129 118 122 138 104 142 132 53 127 103 69 9 0 20 166 174 72 145 67 143 50 210 81 134 96 161 59 199 138 145 138 111 124 138 90 153 147 68 132 90 73 21 20 0 147 157 55 157 48 132 31 203 63 122 79 191 95 199 207 162 218 122 177 171 82 243 251 192 201 91 165 162 166 147 0 47 97 247 99 101 116 168 86 89 75 157 117 157 181 128 194 95 150 140 72 219 233 185 175 76 152 168 174 157 47 0 102 223 111 66 127 122 95 59 78 139 40 168 133 116 139 73 109 115 36 161 164 96 127 40 75 66 72 55 97 102 0 165 17 83 26 162 12 71 24 87 200 131 45 107 29 128 74 90 165 4 25 92 49 156 90 138 145 157 247 223 165 0 177 159 168 170 177 164 179 156 24 185 147 133 152 90 125 132 52 173 174 101 141 57 87 64 67 48 99 111 17 177 0 100 17 179 16 87 33 91 117 100 116 62 130 33 85 74 48 155 171 138 110 43 99 134 143 132 101 66 83 159 100 0 109 80 85 14 70 155 33 189 142 135 144 95 121 131 62 164 162 87 136 66 78 47 50 31 116 127 26 168 17 109 0 186 32 97 49 83 197 48 129 71 146 92 107 87 128 167 191 189 127 122 150 201 210 203 168 122 162 170 179 80 186 0 164 94 150 148 33 174 144 123 151 79 119 124 37 173 176 108 138 42 87 76 81 63 86 95 12 177 16 85 32 164 0 72 17 102 103 114 122 73 135 36 91 83 35 160 174 134 116 32 97 126 134 122 89 59 71 164 87 14 97 94 72 0 56 141 47 164 143 115 151 70 115 117 23 175 180 117 137 31 91 90 96 79 75 78 24 179 33 70 49 150 17 56 0 
0 152 100 153 160 140 105 139 95 78 110 39 56 49 30 74 226 89 212 152 163 163 150 15 16 216 66 111 128 138 152 0 96 2 39 101 115 76 137 135 45 129 111 134 159 117 74 65 60 89 66 92 40 138 147 65 138 139 127 107 100 96 0 98 79 40 19 41 152 139 56 108 44 59 125 123 156 79 145 52 70 63 69 85 108 144 134 43 166 38 153 2 98 0 41 103 117 78 137 135 47 130 113 136 160 116 73 66 59 91 68 94 42 139 148 64 138 141 126 109 160 39 79 41 0 71 96 47 167 162 52 147 110 132 174 143 77 87 66 55 28 56 10 145 160 65 162 119 162 78 140 101 40 103 71 0 41 25 188 176 76 147 84 96 165 159 146 109 137 20 49 29 63 125 148 134 172 54 196 7 105 115 19 117 96 41 0 53 166 152 75 117 50 57 131 137 173 97 162 58 82 69 86 91 114 161 146 24 182 35 139 76 41 78 47 25 53 0 173 163 55 138 83 100 160 144 123 91 113 16 29 27 38 124 143 111 160 73 177 31 95 137 152 137 167 188 166 173 0 17 119 57 119 130 74 29 203 82 189 189 185 199 161 95 79 197 29 184 37 188 78 135 139 135 162 176 152 163 17 0 112 40 104 114 57 19 204 75 190 179 178 190 154 78 62 198 12 169 53 176 110 45 56 47 52 76 75 55 119 112 0 95 66 89 122 93 117 37 103 71 66 81 43 95 108 107 111 99 122 79 39 129 108 130 147 147 117 138 57 40 95 0 67 74 30 35 203 64 189 154 158 165 138 38 25 194 30 132 89 146 56 111 44 113 110 84 50 83 119 104 66 67 0 23 81 90 183 66 169 96 110 107 100 41 64 172 96 65 141 82 49 134 59 136 132 96 57 100 130 114 89 74 23 0 78 103 206 88 192 111 128 122 122 38 62 195 104 62 156 92 30 159 125 160 174 165 131 160 74 57 122 30 81 78 0 60 233 94 219 174 182 185 165 40 17 224 45 140 110 163 74 117 123 116 143 159 137 144 29 19 93 35 90 103 60 0 187 56 173 160 159 171 135 72 60 180 22 155 54 159 226 74 156 73 77 146 173 123 203 204 117 203 183 206 233 187 0 139 14 127 97 123 87 212 221 12 209 196 184 153 89 65 79 66 87 109 97 91 82 75 37 64 66 88 94 56 139 0 125 107 103 117 79 77 83 130 75 120 87 110 212 60 145 59 66 137 162 113 189 190 103 189 169 192 219 173 14 125 0 118 88 116 76 198 207 10 195 185 171 144 152 89 52 91 55 20 58 16 189 179 71 154 96 111 174 160 127 107 118 0 30 11 49 137 158 115 176 74 193 27 163 66 70 68 28 49 82 29 185 178 66 158 110 128 182 159 97 103 88 30 0 28 27 148 166 85 176 102 184 56 163 92 63 94 56 29 69 27 199 190 81 165 107 122 185 171 123 117 116 11 28 0 52 148 169 111 187 83 203 36 150 40 69 42 10 63 86 38 161 154 43 138 100 122 165 135 87 79 76 49 27 52 0 135 150 75 154 109 158 69 15 138 85 139 145 125 91 124 95 78 95 38 41 38 40 72 212 77 198 137 148 148 135 0 24 202 68 100 126 123 16 147 108 148 160 148 114 143 79 62 108 25 64 62 17 60 221 83 207 158 166 169 150 24 0 212 50 124 113 146 216 65 144 64 65 134 161 111 197 198 107 194 172 195 224 180 12 130 10 115 85 111 75 202 212 0 202 184 180 141 66 138 134 138 162 172 146 160 29 12 111 30 96 104 45 22 209 75 195 176 176 187 154 68 50 202 0 161 65 171 111 139 43 141 119 54 24 73 184 169 99 132 65 62 140 155 196 120 185 74 102 83 109 100 124 184 161 0 203 47 128 127 166 126 162 196 182 177 37 53 122 89 141 156 110 54 184 87 171 193 184 203 158 126 113 180 65 203 0 197 138 107 38 109 78 7 35 31 188 176 79 146 82 92 163 159 153 110 144 27 56 36 69 123 146 141 171 47 197 0 
