0 127 135 127 122 66 98 79 28 81 75 99 73 35 140 75 105 34 72 104 75 120 112 92 69 95 64 6 98 96 127 0 142 110 115 77 62 48 100 49 53 91 114 148 138 52 51 100 193 115 91 141 141 40 119 131 161 122 110 128 135 142 0 34 27 156 173 125 118 110 114 194 189 120 10 127 169 108 150 34 175 17 26 111 66 213 199 136 204 212 127 110 34 0 10 135 147 99 105 83 89 170 171 122 28 102 141 95 158 27 154 39 44 82 64 195 188 127 183 193 122 115 27 10 0 134 149 101 101 85 90 171 169 114 24 103 144 91 149 19 153 29 34 85 56 193 184 122 182 192 66 77 156 135 134 0 32 39 52 54 47 39 39 99 158 34 40 60 138 122 19 147 142 60 102 62 84 60 48 59 98 62 173 147 149 32 0 48 82 64 59 29 55 131 173 46 12 89 170 140 34 166 163 65 127 70 110 92 48 66 79 48 125 99 101 39 48 0 52 16 11 71 78 102 125 5 45 54 147 92 58 118 115 22 83 101 117 74 86 98 28 100 118 105 101 52 82 52 0 53 47 90 74 51 121 49 86 10 95 84 66 104 98 64 55 98 84 25 94 97 81 49 110 83 85 54 64 16 53 0 8 87 93 100 109 20 59 52 145 77 73 103 101 11 72 116 128 78 102 113 75 53 114 89 90 47 59 11 47 8 0 81 85 95 114 13 56 47 140 81 66 107 104 18 72 109 120 71 95 106 99 91 194 170 171 39 29 71 90 87 81 0 36 134 195 68 40 99 170 160 24 185 181 91 141 42 92 93 20 38 73 114 189 171 169 39 55 78 74 93 85 36 0 108 192 73 67 84 140 155 23 178 172 99 129 24 56 68 25 23 35 148 120 122 114 99 131 102 51 100 95 134 108 0 128 99 136 48 45 95 110 104 95 111 58 129 89 41 133 130 140 138 10 28 24 158 173 125 121 109 114 195 192 128 0 127 168 111 159 37 177 26 35 109 72 216 204 141 206 215 75 52 127 102 103 34 46 5 49 20 13 68 73 99 127 0 44 51 144 94 53 120 117 26 83 96 112 70 82 93 105 51 169 141 144 40 12 45 86 59 56 40 67 136 168 44 0 91 177 136 45 162 160 59 127 82 121 99 60 78 34 100 108 95 91 60 89 54 10 52 47 99 84 48 111 51 91 0 93 74 76 94 88 63 45 108 93 32 104 107 72 193 150 158 149 138 170 147 95 145 140 170 140 45 159 144 177 93 0 131 147 133 124 156 96 157 103 78 165 159 104 115 34 27 19 122 140 92 84 77 81 160 155 95 37 94 136 74 131 0 141 26 26 80 37 179 167 104 170 178 75 91 175 154 153 19 34 58 66 73 66 24 23 110 177 53 45 76 147 141 0 166 161 79 120 43 76 69 29 40 120 141 17 39 29 147 166 118 104 103 107 185 178 104 26 120 162 94 133 26 166 0 9 106 51 202 184 122 195 201 112 141 26 44 34 142 163 115 98 101 104 181 172 95 35 117 160 88 124 26 161 9 0 105 43 196 176 114 190 195 92 40 111 82 85 60 65 22 64 11 18 91 99 111 109 26 59 63 156 80 79 106 105 0 79 122 138 89 107 119 69 119 66 64 56 102 127 83 55 72 72 141 129 58 72 83 127 45 96 37 120 51 43 79 0 153 133 71 148 152 95 131 213 195 193 62 70 101 98 116 109 42 24 129 216 96 82 108 157 179 43 202 196 122 153 0 61 90 22 4 64 161 199 188 184 84 110 117 84 128 120 92 56 89 204 112 121 93 103 167 76 184 176 138 133 61 0 63 78 64 6 122 136 127 122 60 92 74 25 78 71 93 68 41 141 70 99 32 78 104 69 122 114 89 71 90 63 0 92 91 98 110 204 183 182 48 48 86 94 102 95 20 25 133 206 82 60 104 165 170 29 195 190 107 148 22 78 92 0 18 96 128 212 193 192 59 66 98 97 113 106 38 23 130 215 93 78 107 159 178 40 201 195 119 152 4 64 91 18 0 
0 10 129 119 161 101 82 70 55 45 78 64 41 119 156 124 65 168 175 54 92 14 73 159 114 157 129 124 76 80 10 0 131 116 160 96 92 65 64 39 80 63 32 114 151 133 73 164 170 52 102 23 72 164 123 161 132 126 86 72 129 131 0 54 46 92 137 88 98 169 51 70 125 99 119 103 85 91 129 82 142 119 61 54 108 36 10 6 107 193 119 116 54 0 51 43 157 54 111 148 54 56 97 45 67 144 102 53 80 65 164 113 48 108 144 89 63 48 129 164 161 160 46 51 0 93 181 104 139 196 86 97 147 90 95 148 127 56 99 109 186 153 88 86 153 63 55 46 151 214 101 96 92 43 93 0 161 32 115 120 69 56 69 18 55 165 111 72 74 55 170 100 53 146 162 128 101 86 138 129 82 92 137 157 181 161 0 130 47 119 103 106 120 179 215 66 55 210 232 106 10 71 112 137 53 147 130 135 30 156 70 65 88 54 104 32 130 0 84 94 48 29 43 50 87 140 83 99 106 24 139 68 31 136 136 124 93 82 108 110 55 64 98 111 139 115 47 84 0 100 57 59 84 132 168 69 14 164 185 60 55 41 65 112 60 115 93 95 25 135 45 39 169 148 196 120 119 94 100 0 118 100 51 137 171 169 110 191 190 88 129 59 109 203 158 200 170 164 120 37 78 80 51 54 86 69 103 48 57 118 0 21 77 83 116 96 48 107 132 33 110 68 17 90 94 82 52 46 75 145 64 63 70 56 97 56 106 29 59 100 21 0 56 73 109 111 55 108 126 12 114 57 9 111 107 103 72 64 82 124 41 32 125 97 147 69 120 43 84 51 77 56 0 86 122 152 90 140 141 44 130 49 64 167 144 159 128 119 109 68 119 114 99 45 90 18 179 50 132 137 83 73 86 0 37 179 128 58 56 73 187 118 69 153 177 134 108 93 155 143 156 151 119 67 95 55 215 87 168 171 116 109 122 37 0 210 162 44 19 110 223 155 103 172 210 152 129 114 189 172 124 133 103 144 148 165 66 140 69 169 96 111 152 179 210 0 62 192 224 118 63 110 112 80 13 97 93 104 50 204 65 73 85 102 127 111 55 83 14 110 48 55 90 128 162 62 0 155 179 59 62 51 59 98 54 101 79 82 27 145 168 164 91 53 56 72 210 99 164 191 107 108 140 58 44 192 155 0 43 115 217 164 100 140 194 118 101 88 182 200 175 170 129 80 99 74 232 106 185 190 132 126 141 56 19 224 179 43 0 129 240 174 120 181 224 159 139 124 206 191 54 52 82 65 109 55 106 24 60 88 33 12 44 73 110 118 59 115 129 0 115 49 21 123 113 115 84 76 84 112 92 102 142 164 186 170 10 139 55 129 110 114 130 187 223 63 62 217 240 115 0 81 120 138 50 150 135 140 35 166 14 23 119 113 153 100 71 68 41 59 68 57 49 118 155 110 51 164 174 49 81 0 66 146 100 145 117 114 63 94 73 72 61 48 88 53 112 31 65 109 17 9 64 69 103 112 59 100 120 21 120 66 0 106 109 96 65 55 86 132 159 164 54 108 86 146 137 136 112 203 90 111 167 153 172 80 98 140 181 123 138 146 106 0 91 23 45 60 109 234 114 123 108 144 153 162 53 136 60 158 94 107 144 177 210 13 54 194 224 113 50 100 109 91 0 105 98 108 38 194 157 161 36 89 63 128 147 124 115 200 82 103 159 134 152 97 101 118 159 115 150 145 96 23 105 0 31 42 118 227 129 132 10 63 55 101 130 93 93 170 52 72 128 108 129 93 79 101 139 84 135 117 65 45 98 31 0 15 100 196 124 126 6 48 46 86 135 82 95 164 46 64 119 93 114 104 82 88 124 76 140 114 55 60 108 42 15 0 105 187 76 86 107 129 151 138 30 108 25 120 75 82 109 155 189 50 27 182 206 84 35 63 86 109 38 118 100 105 0 156 80 72 193 164 214 129 156 110 135 37 145 124 68 143 172 204 145 200 191 112 166 94 132 234 194 227 196 187 156 0 
0 87 116 94 82 61 85 113 135 127 80 40 89 147 25 158 116 92 96 112 168 84 72 36 55 95 52 117 116 138 87 0 91 50 80 38 41 116 162 186 112 108 148 163 83 126 177 22 126 34 201 18 100 89 47 35 122 43 66 86 116 91 0 41 34 69 50 35 85 136 66 102 108 80 92 42 132 113 67 76 123 73 59 86 68 59 111 69 36 42 94 50 41 0 39 35 10 69 118 155 79 96 120 116 77 76 148 72 88 39 157 32 67 76 39 18 109 35 22 44 82 80 34 39 0 46 40 39 82 116 40 68 83 84 58 76 109 100 49 77 121 62 30 52 41 54 78 74 52 68 61 38 69 35 46 0 25 85 126 148 74 73 110 130 50 109 139 56 89 53 165 26 62 53 9 34 87 56 57 79 85 41 50 10 40 25 0 75 122 154 78 90 119 122 70 86 147 63 89 37 161 23 66 70 30 14 104 37 32 54 113 116 35 69 39 85 75 0 50 103 43 88 79 47 88 60 100 138 36 108 89 98 43 79 80 87 93 102 71 77 135 162 85 118 82 126 122 50 0 66 56 99 63 18 111 100 68 182 40 157 39 144 67 100 119 135 95 152 121 126 127 186 136 155 116 148 154 103 66 0 76 87 38 84 110 161 11 201 69 191 67 172 88 100 139 168 75 190 166 178 80 112 66 79 40 74 78 43 56 76 0 47 43 67 55 101 69 130 16 115 93 97 12 44 66 92 50 114 92 106 40 108 102 96 68 73 90 88 99 87 47 0 49 112 25 142 76 119 61 126 129 99 45 20 64 104 14 127 116 135 89 148 108 120 83 110 119 79 63 38 43 49 0 80 72 139 29 163 43 156 85 135 53 62 101 133 39 155 135 149 147 163 80 116 84 130 122 47 18 84 67 112 80 0 122 87 86 184 51 155 44 145 75 111 124 134 111 149 116 119 25 83 92 77 58 50 70 88 111 110 55 25 72 122 0 134 100 94 71 103 145 76 47 11 41 82 39 105 99 120 158 126 42 76 76 109 86 60 100 161 101 142 139 87 134 0 159 148 96 101 130 108 98 128 109 91 150 91 60 46 116 177 132 148 109 139 147 100 68 11 69 76 29 86 100 159 0 192 65 184 75 164 81 90 130 161 64 183 161 174 92 22 113 72 100 56 63 138 182 201 130 119 163 184 94 148 192 0 145 51 221 40 118 102 64 57 133 61 88 107 96 126 67 88 49 89 89 36 40 69 16 61 43 51 71 96 65 145 0 126 77 109 27 60 81 103 62 123 97 109 112 34 76 39 77 53 37 108 157 191 115 126 156 155 103 101 184 51 126 0 196 28 103 106 62 23 140 10 42 57 168 201 123 157 121 165 161 89 39 67 93 129 85 44 145 130 75 221 77 196 0 183 104 134 158 174 123 191 159 163 84 18 73 32 62 26 23 98 144 172 97 99 135 145 76 108 164 40 109 28 183 0 85 79 35 17 113 33 48 69 72 100 59 67 30 62 66 43 67 88 12 45 53 75 47 98 81 118 27 103 104 85 0 36 54 80 52 102 82 97 36 89 86 76 52 53 70 79 100 100 44 20 62 111 11 128 90 102 60 106 134 79 36 0 44 84 34 107 97 117 55 47 68 39 41 9 30 80 119 139 66 64 101 124 41 109 130 64 81 62 158 35 54 44 0 41 78 64 61 83 95 35 59 18 54 34 14 87 135 168 92 104 133 134 82 91 161 57 103 23 174 17 80 84 41 0 118 23 31 52 52 122 111 109 78 87 104 93 95 75 50 14 39 111 39 150 64 133 62 140 123 113 52 34 78 118 0 141 128 146 117 43 69 35 74 56 37 102 152 190 114 127 155 149 105 91 183 61 123 10 191 33 102 107 64 23 141 0 33 47 116 66 36 22 52 57 32 71 121 166 92 116 135 116 99 60 161 88 97 42 159 48 82 97 61 31 128 33 0 22 138 86 42 44 68 79 54 77 126 178 106 135 149 119 120 46 174 107 109 57 163 69 97 117 83 52 146 47 22 0 
0 46 145 171 45 62 160 156 105 129 36 100 28 35 147 39 165 121 35 108 153 168 56 87 129 120 5 130 90 58 46 0 162 216 83 108 205 174 150 175 82 116 26 56 192 79 211 167 81 142 198 214 94 94 147 164 45 176 126 104 145 162 0 174 107 157 164 13 137 157 132 46 166 180 157 168 188 149 141 224 149 177 101 69 16 117 140 158 77 140 171 216 174 0 139 117 11 174 66 42 135 168 197 182 24 152 21 50 136 147 25 5 130 186 166 63 171 41 115 113 45 83 107 139 0 57 128 117 74 100 25 67 73 76 115 61 137 91 34 121 118 137 11 66 91 81 42 101 45 42 62 108 157 117 57 0 108 165 57 75 34 122 84 65 95 35 108 68 28 67 105 114 59 123 142 82 64 76 82 17 160 205 164 11 128 108 0 164 55 33 124 157 187 173 13 143 26 40 126 143 15 13 119 175 156 52 160 32 104 103 156 174 13 174 117 165 164 0 141 159 141 58 178 191 157 177 188 151 150 232 149 177 110 82 27 118 151 159 84 148 105 150 137 66 74 57 55 141 0 26 69 116 132 120 42 91 63 17 71 108 49 64 66 129 125 29 105 27 63 48 129 175 157 42 100 75 33 159 26 0 93 140 155 140 22 110 37 9 94 112 33 39 92 155 147 41 130 1 86 71 36 82 132 135 25 34 124 141 69 93 0 92 64 58 111 36 130 85 9 96 117 132 31 90 116 85 37 94 63 23 100 116 46 168 67 122 157 58 116 140 92 0 120 135 146 127 176 131 101 188 143 169 63 27 31 105 95 141 54 105 28 26 166 197 73 84 187 178 132 155 64 120 0 30 174 53 191 147 61 116 181 194 84 103 151 148 31 156 118 84 35 56 180 182 76 65 173 191 120 140 58 135 30 0 160 30 173 133 51 87 169 179 86 122 164 141 40 141 120 72 147 192 157 24 115 95 13 157 42 22 111 146 174 160 0 130 31 27 113 133 13 23 106 164 148 41 147 21 93 90 39 79 168 152 61 35 143 177 91 110 36 127 53 30 130 0 143 103 27 69 140 149 67 120 152 114 44 111 99 44 165 211 188 21 137 108 26 188 63 37 130 176 191 173 31 143 0 46 130 130 40 16 129 192 178 72 167 36 122 107 121 167 149 50 91 68 40 151 17 9 85 131 147 133 27 103 46 0 86 111 37 47 83 146 138 34 122 10 77 63 35 81 141 136 34 28 126 150 71 94 9 101 61 51 113 27 130 86 0 87 120 133 40 99 125 90 37 95 72 23 108 142 224 147 121 67 143 232 108 112 96 188 116 87 133 69 130 111 87 0 145 142 125 186 209 137 113 113 149 84 153 198 149 25 118 105 15 149 49 33 117 143 181 169 13 140 40 37 120 145 0 28 109 162 141 39 153 33 91 97 168 214 177 5 137 114 13 177 64 39 132 169 194 179 23 149 16 47 133 142 28 0 129 187 169 64 169 38 116 110 56 94 101 130 11 59 119 110 66 92 31 63 84 86 106 67 129 83 40 125 109 129 0 67 85 71 53 93 34 42 87 94 69 186 66 123 175 82 129 155 90 27 103 122 164 120 192 146 99 186 162 187 67 0 56 123 82 156 71 108 129 147 16 166 91 142 156 27 125 147 116 31 151 164 148 152 178 138 125 209 141 169 85 56 0 107 124 148 63 125 120 164 117 63 81 82 52 118 29 41 85 105 148 141 41 114 72 34 90 137 39 64 71 123 107 0 119 41 52 70 5 45 140 171 42 64 160 151 105 130 37 95 31 40 147 44 167 122 37 113 153 169 53 82 124 119 0 131 87 60 130 176 158 41 101 76 32 159 27 1 94 141 156 141 21 111 36 10 95 113 33 38 93 156 148 41 131 0 87 72 90 126 77 115 45 82 104 84 63 86 63 54 118 120 93 99 122 77 72 149 91 116 34 71 63 52 87 87 0 65 58 104 140 113 42 17 103 148 48 71 23 105 84 72 90 44 107 63 23 84 97 110 42 108 125 70 60 72 65 0 
0 11 138 144 126 110 33 106 70 12 35 172 54 146 57 157 46 52 80 107 37 82 90 72 23 100 141 62 44 105 11 0 149 155 137 121 43 112 81 22 24 182 56 156 59 168 51 50 86 117 44 77 95 74 19 109 151 72 44 116 138 149 0 7 34 31 108 122 68 128 172 69 138 53 150 31 130 157 108 56 117 200 128 156 154 89 84 85 149 40 144 155 7 0 34 36 114 129 74 134 178 64 143 57 157 25 137 162 111 63 122 207 135 163 160 96 89 92 154 47 126 137 34 34 0 21 94 139 64 119 158 51 116 84 150 33 130 135 80 75 98 199 140 160 146 106 111 87 128 54 110 121 31 36 21 0 79 118 44 102 143 72 107 72 130 47 110 126 77 56 86 179 119 139 129 85 95 66 118 35 33 43 108 114 94 79 0 107 45 30 64 139 44 125 78 126 60 55 52 88 15 114 96 92 55 91 128 48 46 80 106 112 122 129 139 118 107 0 85 94 132 188 151 89 64 153 61 156 153 66 122 111 18 58 101 33 61 64 147 85 70 81 68 74 64 44 45 85 0 60 105 115 86 80 86 91 66 99 73 44 57 135 81 96 86 58 86 23 90 35 12 22 128 134 119 102 30 94 60 0 46 167 60 134 51 149 36 62 81 95 38 84 79 66 27 88 129 50 53 94 35 24 172 178 158 143 64 132 105 46 0 202 62 180 73 190 71 48 99 141 61 75 114 88 31 132 174 96 46 140 172 182 69 64 51 72 139 188 115 167 202 0 151 121 201 39 181 171 110 122 141 249 190 211 194 155 153 138 166 103 54 56 138 143 116 107 44 151 86 60 62 151 0 165 111 149 96 20 41 130 29 132 138 126 75 134 171 91 16 119 146 156 53 57 84 72 125 89 80 134 180 121 165 0 137 82 121 179 144 39 137 189 101 137 156 60 34 84 170 46 57 59 150 157 150 130 78 64 86 51 73 201 111 137 0 177 20 109 130 101 89 52 46 15 42 77 119 65 101 110 157 168 31 25 33 47 126 153 91 149 190 39 149 82 177 0 157 168 112 87 131 226 159 185 176 120 114 112 161 70 46 51 130 137 130 110 60 61 66 36 71 181 96 121 20 157 0 98 112 84 72 70 44 32 40 65 107 45 89 91 52 50 157 162 135 126 55 156 99 62 48 171 20 179 109 168 98 0 61 143 42 122 141 124 69 145 182 102 9 134 80 86 108 111 80 77 52 153 73 81 99 110 41 144 130 112 112 61 0 115 43 162 145 144 103 131 158 89 57 99 107 117 56 63 75 56 88 66 44 95 141 122 130 39 101 87 84 143 115 0 101 153 72 104 117 33 43 45 134 21 37 44 117 122 98 86 15 122 57 38 61 141 29 137 89 131 72 42 43 101 0 119 110 104 60 105 142 62 33 92 82 77 200 207 199 179 114 111 135 84 75 249 132 189 52 226 70 122 162 153 119 0 93 53 59 129 169 115 118 161 90 95 128 135 140 119 96 18 81 79 114 190 138 101 46 159 44 141 145 72 110 93 0 40 83 41 77 58 132 89 72 74 156 163 160 139 92 58 96 66 88 211 126 137 15 185 32 124 144 104 104 53 40 0 57 77 116 73 116 116 23 19 154 160 146 129 55 101 86 27 31 194 75 156 42 176 40 69 103 117 60 59 83 57 0 103 145 72 63 118 100 109 89 96 106 85 91 33 58 88 132 155 134 60 77 120 65 145 131 33 105 129 41 77 103 0 42 43 136 52 141 151 84 89 111 95 128 61 86 129 174 153 171 34 119 114 107 182 158 43 142 169 77 116 145 42 0 81 173 62 62 72 85 92 87 66 48 64 23 50 96 138 91 84 65 112 45 102 89 45 62 115 58 73 72 43 81 0 93 47 44 44 149 154 128 118 46 147 90 53 46 166 16 170 101 161 89 9 57 134 33 118 132 116 63 136 173 93 0 125 105 116 40 47 54 35 80 85 35 94 140 103 119 46 110 70 91 134 99 21 92 161 89 116 118 52 62 47 125 0 
0 117 133 53 118 154 54 137 142 53 54 55 137 125 97 116 71 64 48 126 139 63 152 137 19 122 134 49 82 77 117 0 94 68 146 122 97 194 193 66 131 162 96 82 114 221 155 137 140 149 122 104 167 192 123 110 57 86 173 70 133 94 0 87 72 28 151 125 121 92 105 147 4 13 52 189 119 103 176 70 30 162 78 122 124 26 43 138 137 57 53 68 87 0 100 113 65 139 141 6 64 94 90 77 70 153 89 72 91 106 101 76 130 138 56 84 81 52 106 30 118 146 72 100 0 69 160 53 50 106 68 103 74 78 32 128 67 59 166 8 49 171 34 50 101 46 110 148 81 79 154 122 28 113 69 0 177 119 114 118 119 161 26 41 63 195 129 115 200 64 20 188 63 116 144 33 67 164 145 83 54 97 151 65 160 177 0 186 191 59 103 109 154 140 132 168 125 113 46 167 166 11 192 186 73 149 136 13 136 94 137 194 125 139 53 119 186 0 9 145 83 100 127 131 81 96 66 73 180 55 99 197 63 4 118 99 163 178 67 124 142 193 121 141 50 114 191 9 0 147 88 106 123 128 79 105 72 78 186 51 95 202 55 5 123 95 160 182 74 124 53 66 92 6 106 118 59 145 147 0 69 96 95 81 76 156 94 77 88 112 107 70 136 144 57 90 83 46 110 35 54 131 105 64 68 119 103 83 88 69 0 42 109 102 56 92 25 10 100 76 99 114 102 83 35 86 123 95 42 65 55 162 147 94 103 161 109 100 106 96 42 0 151 144 98 61 36 46 87 111 141 116 136 101 40 128 163 104 33 104 137 96 4 90 74 26 154 127 123 95 109 151 0 15 56 193 123 106 180 72 31 165 79 124 128 29 43 141 141 61 125 82 13 77 78 41 140 131 128 81 102 144 15 0 54 189 119 101 167 77 42 151 89 128 119 33 32 127 137 48 97 114 52 70 32 63 132 81 79 76 56 98 56 54 0 137 67 52 145 36 43 143 60 78 84 30 83 120 85 47 116 221 189 153 128 195 168 96 105 156 92 61 193 189 137 0 70 89 139 135 175 175 154 100 101 166 213 165 52 157 71 155 119 89 67 129 125 66 72 94 25 36 123 119 67 70 0 19 114 75 109 134 100 67 52 97 143 118 18 88 64 137 103 72 59 115 113 73 78 77 10 46 106 101 52 89 19 0 110 67 95 124 93 73 45 82 125 105 37 69 48 140 176 91 166 200 46 180 186 88 100 87 180 167 145 139 114 110 0 174 186 46 200 181 65 169 171 54 119 119 126 149 70 106 8 64 167 55 51 112 76 111 72 77 36 135 75 67 174 0 44 178 26 52 109 44 109 156 89 83 139 122 30 101 49 20 166 99 95 107 99 141 31 42 43 175 109 95 186 44 0 177 48 96 126 17 73 153 125 72 63 104 162 76 171 188 11 197 202 70 114 116 165 151 143 175 134 124 46 178 177 0 203 197 82 160 145 24 145 105 152 167 78 130 34 63 192 63 55 136 102 136 79 89 60 154 100 93 200 26 48 203 0 59 135 57 121 180 111 105 137 192 122 138 50 116 186 4 5 144 83 101 124 128 78 100 67 73 181 52 96 197 59 0 118 96 160 178 69 122 19 123 124 56 101 144 73 118 123 57 35 40 128 119 84 101 52 45 65 109 126 82 135 118 0 111 131 66 63 72 122 110 26 84 46 33 149 99 95 90 86 128 29 33 30 166 97 82 169 44 17 160 57 96 111 0 65 136 114 55 134 57 43 81 110 67 136 163 160 83 123 163 43 32 83 213 143 125 171 109 73 145 121 160 131 65 0 123 161 59 49 86 138 52 148 164 13 178 182 46 95 104 141 127 120 165 118 105 54 156 153 24 180 178 66 136 123 0 129 81 82 173 137 106 81 145 136 67 74 110 42 33 141 137 85 52 18 37 119 89 125 145 111 69 63 114 161 129 0 106 77 70 57 30 79 83 94 124 124 35 65 104 61 48 47 157 88 69 119 83 72 105 105 122 72 55 59 81 106 0 
0 51 66 175 175 117 125 156 188 127 161 168 69 108 197 92 24 184 179 25 72 84 8 94 158 134 108 10 135 21 51 0 19 163 157 66 74 171 159 87 113 128 27 111 165 94 75 158 151 66 102 33 50 105 124 109 60 50 156 31 66 19 0 149 143 51 59 168 141 69 95 110 10 106 147 89 88 142 134 78 106 20 64 102 106 94 42 63 154 45 175 163 149 0 17 156 158 92 60 103 149 102 139 75 71 85 179 47 54 160 130 159 167 92 75 59 142 165 106 162 175 157 143 17 0 145 146 107 43 91 133 85 133 81 55 88 181 30 37 162 136 149 167 98 59 49 131 165 118 160 117 66 51 156 145 0 8 199 128 54 49 82 51 136 131 122 139 133 123 129 152 33 115 138 92 97 15 114 190 96 125 74 59 158 146 8 0 205 128 55 43 80 59 142 130 128 147 133 123 137 159 41 123 144 92 100 21 122 196 104 156 171 168 92 107 199 205 0 150 159 213 178 160 63 162 79 146 137 142 132 85 185 148 66 150 119 184 146 24 154 188 159 141 60 43 128 128 150 0 76 103 52 132 112 12 114 198 13 9 179 165 142 181 128 36 54 118 179 158 169 127 87 69 103 91 54 55 159 76 0 54 41 60 100 81 89 144 80 71 127 133 66 121 107 40 45 42 120 155 106 161 113 95 149 133 49 43 213 103 54 0 51 92 154 102 143 183 113 103 169 184 81 158 161 74 95 53 158 209 140 168 128 110 102 85 82 80 178 52 41 51 0 101 126 51 120 185 62 52 168 168 104 162 137 28 59 75 161 179 147 69 27 10 139 133 51 59 160 132 60 92 101 0 98 138 81 91 132 125 78 103 25 66 95 97 84 39 66 147 48 108 111 106 75 81 136 142 63 112 100 154 126 98 0 124 17 107 103 103 88 55 123 100 17 100 67 121 98 55 100 197 165 147 71 55 131 130 162 12 81 102 51 138 124 0 126 209 25 21 190 177 147 190 140 41 65 122 189 170 178 92 94 89 85 88 122 128 79 114 89 143 120 81 17 126 0 94 106 105 75 51 106 84 18 96 63 107 82 68 83 24 75 88 179 181 139 147 146 198 144 183 185 91 107 209 94 0 194 189 19 61 108 25 91 172 144 130 25 124 44 184 158 142 47 30 133 133 137 13 80 113 62 132 103 25 106 194 0 10 175 157 145 177 120 41 50 122 175 146 166 179 151 134 54 37 123 123 142 9 71 103 52 125 103 21 105 189 10 0 170 156 136 172 119 31 45 113 170 149 161 25 66 78 160 162 129 137 132 179 127 169 168 78 88 190 75 19 175 170 0 47 98 19 73 153 125 117 18 110 36 72 102 106 130 136 152 159 85 165 133 184 168 103 55 177 51 61 157 156 47 0 126 66 38 147 114 138 64 63 77 84 33 20 159 149 33 41 185 142 66 81 104 25 123 147 106 108 145 136 98 126 0 83 120 106 100 29 83 172 64 8 50 64 167 167 115 123 148 181 121 158 162 66 100 190 84 25 177 172 19 66 83 0 86 151 127 105 2 128 19 94 105 102 92 98 138 144 66 128 107 161 137 95 17 140 18 91 120 119 73 38 120 86 0 113 80 123 84 52 89 158 124 106 75 59 92 92 150 36 40 74 28 97 100 41 96 172 41 31 153 147 106 151 113 0 33 82 149 153 138 134 109 94 59 49 97 100 119 54 45 95 59 84 67 65 63 144 50 45 125 114 100 127 80 33 0 83 125 120 116 108 60 42 142 131 15 21 184 118 42 53 75 39 121 122 107 130 122 113 117 138 29 105 123 82 83 0 105 175 87 10 50 63 165 165 114 122 146 179 120 158 161 66 98 189 82 25 175 170 18 64 83 2 84 149 125 105 0 126 19 135 156 154 106 118 190 196 24 158 155 209 179 147 55 170 68 124 146 149 110 63 172 128 52 153 120 175 126 0 135 21 31 45 162 160 96 104 154 169 106 140 147 48 100 178 83 44 166 161 36 77 64 19 89 138 116 87 19 135 0 
0 120 45 102 148 64 110 78 151 56 83 34 117 95 115 55 123 146 61 113 63 61 25 20 16 73 87 45 158 88 120 0 165 180 109 66 220 63 186 64 52 86 201 59 14 87 132 140 79 148 149 147 145 122 105 191 135 156 48 44 45 165 0 94 180 109 76 121 157 101 125 79 101 135 160 96 144 168 100 127 72 71 24 49 61 33 102 30 202 133 102 180 94 0 134 153 64 168 70 129 128 115 21 127 183 152 84 104 102 57 160 158 106 83 112 78 49 65 197 170 148 109 180 134 0 138 195 147 99 114 81 125 154 64 121 156 51 41 89 78 205 203 172 134 141 188 89 154 90 135 64 66 109 153 138 0 174 15 181 28 57 38 172 74 56 21 136 154 60 140 83 81 86 74 48 137 120 108 112 25 110 220 76 64 195 174 0 188 132 158 170 137 53 174 218 165 146 168 142 121 147 146 99 100 126 43 106 66 245 195 78 63 121 168 147 15 188 0 195 42 67 53 187 83 51 27 149 166 74 154 88 86 98 89 62 151 134 122 111 19 151 186 157 70 99 181 132 195 0 153 137 150 79 127 193 189 55 59 121 41 214 212 164 131 156 147 65 127 184 191 56 64 101 129 114 28 158 42 153 0 33 22 149 50 60 42 108 126 32 112 97 95 81 58 41 127 92 92 102 41 83 52 125 128 81 57 170 67 137 33 0 51 149 17 57 75 86 100 28 97 130 128 108 77 70 145 83 109 77 56 34 86 79 115 125 38 137 53 150 22 51 0 134 66 82 39 110 131 36 109 80 78 59 37 19 105 85 71 124 58 117 201 101 21 154 172 53 187 79 149 149 134 0 148 204 169 103 121 123 76 171 169 117 99 128 79 70 76 218 190 95 59 135 127 64 74 174 83 127 50 17 66 148 0 66 92 73 85 35 89 146 144 120 86 85 153 79 117 71 71 115 14 160 183 121 56 218 51 193 60 57 82 204 66 0 76 139 150 81 154 138 136 139 118 99 187 140 152 61 32 55 87 96 152 156 21 165 27 189 42 75 39 169 92 76 0 148 167 72 148 62 60 72 70 41 127 124 100 133 44 123 132 144 84 51 136 146 149 55 108 86 110 103 73 139 148 0 24 76 27 185 183 141 104 122 145 43 115 129 142 146 140 168 104 41 154 168 166 59 126 100 131 121 85 150 167 24 0 95 47 208 206 165 127 144 169 67 139 129 156 61 79 100 102 89 60 142 74 121 32 28 36 123 35 81 72 76 95 0 80 116 114 86 51 52 118 61 82 104 71 113 148 127 57 78 140 121 154 41 112 97 109 76 89 154 148 27 47 80 0 176 174 129 93 116 124 26 97 151 150 63 149 72 160 205 83 147 88 214 97 130 80 171 146 138 62 185 208 116 176 0 2 54 83 64 104 150 95 195 106 61 147 71 158 203 81 146 86 212 95 128 78 169 144 136 60 183 206 114 174 2 0 52 81 62 103 148 93 193 104 25 145 24 106 172 86 99 98 164 81 108 59 117 120 139 72 141 165 86 129 54 52 0 38 40 56 103 41 183 111 20 122 49 83 134 74 100 89 131 58 77 37 99 86 118 70 104 127 51 93 83 81 38 0 29 69 67 34 154 95 16 105 61 112 141 48 126 62 156 41 70 19 128 85 99 41 122 144 52 116 64 62 40 29 0 89 91 60 143 72 73 191 33 78 188 137 43 151 147 127 145 105 79 153 187 127 145 169 118 124 104 103 56 69 89 0 102 36 222 161 87 135 102 49 89 120 106 134 65 92 83 85 70 79 140 124 43 67 61 26 150 148 103 67 91 102 0 72 148 132 45 156 30 65 154 108 66 122 127 92 109 71 76 117 152 100 115 139 82 97 95 93 41 34 60 36 72 0 186 129 158 48 202 197 90 112 245 111 184 102 77 124 218 71 61 133 129 129 104 151 195 193 183 154 143 222 148 186 0 92 88 44 133 170 135 25 195 19 191 41 56 58 190 71 32 44 142 156 71 150 106 104 111 95 72 161 132 129 92 0 
0 158 155 21 25 149 120 171 143 102 35 159 189 77 228 70 78 171 162 52 172 97 89 162 187 67 150 128 121 120 158 0 89 178 148 185 52 206 196 59 172 241 148 149 175 88 87 81 23 106 109 141 74 244 156 195 149 30 95 99 155 89 0 176 133 107 55 123 122 76 148 172 60 103 91 103 120 21 68 117 23 84 77 173 67 158 65 81 34 37 21 178 176 0 44 164 141 184 155 122 43 166 209 93 248 90 94 192 182 72 193 114 110 169 206 72 168 148 142 141 25 148 133 44 0 124 105 147 120 89 25 140 165 52 204 63 77 151 148 48 149 72 75 143 162 55 125 118 99 97 149 185 107 164 124 0 136 24 19 143 121 68 82 72 111 147 169 127 169 148 101 58 132 68 72 105 42 165 90 86 120 52 55 141 105 136 0 157 145 23 127 189 113 97 146 55 67 60 44 72 78 89 31 192 119 146 103 30 46 50 171 206 123 184 147 24 157 0 30 167 141 64 88 95 111 171 193 143 189 172 115 82 155 64 77 122 58 187 111 107 143 196 122 155 120 19 145 30 0 151 112 50 101 70 130 150 172 143 181 148 119 60 138 51 91 92 60 175 101 97 102 59 76 122 89 143 23 167 151 0 113 191 132 94 167 33 44 83 60 51 99 91 15 194 137 136 116 29 60 63 35 172 148 43 25 121 127 141 112 113 0 124 172 54 211 88 102 168 171 73 163 76 98 127 168 32 130 142 114 112 159 241 172 166 140 68 189 64 50 191 124 0 149 100 175 184 205 193 228 179 169 100 178 3 138 94 110 217 148 144 189 148 60 209 165 82 113 88 101 132 172 149 0 118 39 153 173 69 126 163 39 96 129 150 12 170 45 141 75 74 77 149 103 93 52 72 97 95 70 94 54 100 118 0 157 84 105 124 141 79 113 22 79 103 114 55 76 122 69 66 228 175 91 248 204 111 146 111 130 167 211 175 39 157 0 191 210 94 152 201 68 135 166 175 43 206 81 172 113 112 70 88 103 90 63 147 55 171 150 33 88 184 153 84 191 0 22 114 93 18 125 90 26 187 156 115 129 58 78 80 78 87 120 94 77 169 67 193 172 44 102 205 173 105 210 22 0 127 97 29 143 112 44 208 176 132 150 59 98 100 171 81 21 192 151 127 60 143 143 83 168 193 69 124 94 114 127 0 58 130 30 105 88 194 78 179 85 81 55 58 162 23 68 182 148 169 44 189 181 60 171 228 126 141 152 93 97 58 0 111 87 130 73 230 135 190 131 38 80 84 52 106 117 72 48 148 72 172 148 51 73 179 163 79 201 18 29 130 111 0 138 90 42 181 165 103 134 76 88 89 172 109 23 193 149 101 78 115 119 99 163 169 39 113 68 125 143 30 87 138 0 92 99 169 48 167 59 104 51 52 97 141 84 114 72 58 89 82 60 91 76 100 96 22 135 90 112 105 130 90 92 0 78 103 92 75 54 117 53 49 89 74 77 110 75 132 31 155 138 15 98 178 129 79 166 26 44 88 73 42 99 78 0 180 132 121 108 44 54 56 162 244 173 169 143 68 192 64 51 194 127 3 150 103 175 187 208 194 230 181 169 103 180 0 139 97 110 220 150 146 187 156 67 206 162 72 119 77 91 137 168 138 12 114 43 156 176 78 135 165 48 92 132 139 0 163 38 148 78 76 67 195 158 72 55 105 146 122 92 136 32 94 170 55 206 115 132 179 190 103 167 75 121 97 163 0 125 165 124 121 150 149 65 168 125 42 103 58 60 116 130 110 45 76 81 129 150 85 131 134 59 54 108 110 38 125 0 133 57 53 128 30 81 148 118 165 30 187 175 29 142 217 141 122 172 58 59 81 38 76 104 117 44 220 148 165 133 0 76 80 121 95 34 142 99 90 46 111 101 60 114 148 75 69 113 78 98 55 80 88 51 53 54 150 78 124 57 76 0 4 120 99 37 141 97 86 50 107 97 63 112 144 74 66 112 80 100 58 84 89 52 49 56 146 76 121 53 80 4 0 
0 54 74 49 91 77 88 177 111 136 3 175 42 164 15 72 39 160 42 124 120 125 33 128 2 105 80 72 45 125 54 0 37 77 92 109 39 123 80 87 57 145 71 122 57 23 90 106 12 74 103 85 32 74 54 55 40 87 55 114 74 37 0 110 129 142 63 111 112 63 77 174 104 144 83 18 113 98 41 54 138 111 65 80 75 75 72 122 47 150 49 77 110 0 48 32 92 195 91 164 49 145 7 148 34 100 41 176 69 151 85 111 45 136 47 106 78 25 94 84 91 92 129 48 0 58 84 184 57 169 91 100 53 111 76 114 89 165 89 154 39 79 68 123 89 92 68 24 128 36 77 109 142 32 58 0 122 225 111 196 76 157 38 168 62 132 51 206 101 183 97 133 77 166 75 135 107 36 122 91 88 39 63 92 84 122 0 103 50 86 91 111 89 84 85 45 118 84 49 71 81 48 57 44 87 17 16 90 94 95 177 123 111 195 184 225 103 0 135 55 180 167 191 120 180 106 213 19 135 58 169 117 154 61 177 92 119 193 158 184 111 80 112 91 57 111 50 135 0 133 114 65 92 57 102 94 128 116 86 118 34 22 79 74 110 47 40 75 133 49 136 87 63 164 169 196 86 55 133 0 139 182 158 140 143 65 174 51 97 15 166 122 119 65 136 86 101 171 109 180 3 57 77 49 91 76 91 180 114 139 0 177 42 166 15 75 37 163 45 127 122 127 35 131 4 108 83 72 46 126 175 145 174 145 100 157 111 167 65 182 177 0 148 47 165 156 185 151 151 169 61 63 143 117 173 101 105 124 198 67 42 71 104 7 53 38 89 191 92 158 42 148 0 149 27 94 37 173 63 145 89 111 39 133 40 104 76 31 87 89 164 122 144 148 111 168 84 120 57 140 166 47 149 0 157 127 185 104 131 127 76 39 131 75 162 69 84 132 177 90 15 57 83 34 76 62 85 180 102 143 15 165 27 157 0 78 33 163 46 130 108 118 28 127 13 101 76 57 60 111 72 23 18 100 114 132 45 106 94 65 75 156 94 127 78 0 110 90 32 52 121 93 55 66 72 58 54 110 57 133 39 90 113 41 89 51 118 213 128 174 37 185 37 185 33 110 0 196 79 162 126 147 61 160 38 134 107 66 80 125 160 106 98 176 165 206 84 19 116 51 163 151 173 104 163 90 196 0 118 48 150 99 136 42 160 73 100 174 145 165 42 12 41 69 89 101 49 135 86 97 45 151 63 131 46 32 79 118 0 84 106 93 24 86 42 66 47 81 47 115 124 74 54 151 154 183 71 58 118 15 127 169 145 127 130 52 162 48 84 0 151 107 106 52 124 71 86 157 101 165 120 103 138 85 39 97 81 169 34 166 122 61 89 76 108 121 126 150 106 151 0 54 91 108 118 81 67 63 151 15 125 85 111 111 79 133 48 117 22 122 127 63 111 39 118 93 147 99 93 107 54 0 92 59 123 38 46 97 140 69 33 32 65 45 68 77 57 154 79 119 35 143 39 131 28 55 61 136 24 106 91 92 0 99 31 73 48 58 60 98 128 74 80 136 123 166 44 61 74 65 131 117 133 75 127 66 160 42 86 52 108 59 99 0 127 31 59 132 123 123 2 54 75 47 89 75 87 177 110 136 4 173 40 162 13 72 38 160 42 124 118 123 31 127 0 104 79 70 47 123 105 55 75 106 92 135 17 92 47 86 108 101 104 69 101 58 134 73 66 71 81 38 73 31 104 0 28 101 110 96 80 40 72 78 68 107 16 119 40 101 83 105 76 84 76 54 107 100 47 86 67 46 48 59 79 28 0 75 94 81 72 87 122 25 24 36 90 193 75 171 72 124 31 132 57 110 66 174 81 157 63 97 58 132 70 101 75 0 114 60 45 55 47 94 128 122 94 158 133 109 46 198 87 177 60 57 80 145 47 101 151 140 60 123 47 110 94 114 0 158 125 114 150 84 36 91 95 184 49 180 126 67 89 90 111 133 125 165 115 165 15 69 98 123 123 96 81 60 158 0 
0 45 95 149 77 97 55 187 49 89 187 209 33 205 170 178 97 148 187 105 128 92 66 137 157 149 82 168 83 58 45 0 53 109 77 82 35 142 71 44 142 167 41 160 130 142 90 112 151 78 109 49 80 92 126 105 48 137 63 13 95 53 0 56 82 65 49 102 124 16 92 114 74 110 118 142 84 114 147 100 78 5 131 50 134 54 24 145 97 46 149 109 56 0 113 83 96 86 180 69 58 64 122 73 136 166 104 144 167 147 72 60 186 55 167 32 67 176 148 101 77 77 82 113 0 32 43 183 126 89 167 177 44 184 196 215 21 185 222 155 61 83 141 132 201 130 58 212 139 85 97 82 65 83 32 0 48 159 144 77 139 146 64 156 182 206 21 177 211 155 31 67 158 111 196 104 44 207 143 85 55 35 49 96 43 48 0 151 97 50 141 159 26 159 155 172 55 142 180 112 76 48 110 99 158 103 29 169 98 42 187 142 102 86 183 159 151 0 199 101 36 69 174 42 75 107 180 100 104 130 156 103 198 52 121 56 125 126 144 130 49 71 124 180 126 144 97 199 0 112 207 235 82 225 162 161 146 134 172 86 173 120 18 154 136 173 119 145 63 79 89 44 16 69 89 77 50 101 112 0 98 123 73 116 107 129 94 100 135 85 93 11 118 49 120 61 33 131 81 33 187 142 92 58 167 139 141 36 207 98 0 35 166 18 108 141 160 128 138 149 130 95 209 53 151 38 113 157 159 131 209 167 114 64 177 146 159 69 235 123 35 0 185 29 143 176 167 163 173 183 131 118 238 84 186 62 130 192 191 156 33 41 74 122 44 64 26 174 82 73 166 185 0 184 170 183 64 153 192 117 95 72 97 122 167 128 55 178 99 52 205 160 110 73 184 156 159 42 225 116 18 29 184 0 117 149 177 140 146 165 145 113 227 71 162 56 131 168 176 149 170 130 118 136 196 182 155 75 162 107 108 143 170 117 0 33 201 32 31 78 193 115 154 81 48 105 140 52 99 118 178 142 142 166 215 206 172 107 161 129 141 176 183 149 33 0 223 30 11 75 219 139 150 111 27 136 162 24 98 131 97 90 84 104 21 21 55 180 146 94 160 167 64 177 201 223 0 193 229 167 43 86 161 132 211 125 61 222 153 97 148 112 114 144 185 177 142 100 134 100 128 163 153 140 32 30 193 0 39 48 192 110 124 89 23 116 133 32 71 101 187 151 147 167 222 211 180 104 172 135 138 173 192 146 31 11 229 39 0 86 223 144 161 112 38 136 168 34 109 140 105 78 100 147 155 155 112 130 86 85 149 183 117 165 78 75 167 48 86 0 176 96 76 99 52 125 113 63 23 70 128 109 78 72 61 31 76 156 173 93 130 131 95 145 193 219 43 192 223 176 0 82 186 115 212 100 63 223 167 109 92 49 5 60 83 67 48 103 120 11 95 118 72 113 115 139 86 110 144 96 82 0 126 51 130 57 25 141 92 41 66 80 131 186 141 158 110 198 18 118 209 238 97 227 154 150 161 124 161 76 186 126 0 156 124 176 128 132 55 85 137 92 50 55 132 111 99 52 154 49 53 84 122 71 81 111 132 89 112 99 115 51 156 0 112 27 74 121 107 80 157 126 134 167 201 196 158 121 136 120 151 186 167 162 48 27 211 23 38 52 212 130 124 112 0 139 152 11 75 116 149 105 54 32 130 104 103 56 173 61 38 62 128 56 105 136 125 116 136 125 100 57 176 27 139 0 75 148 131 94 82 48 24 67 58 44 29 125 119 33 113 130 55 131 140 162 61 133 168 113 63 25 128 74 152 75 0 163 104 47 168 137 145 176 212 207 169 126 145 131 157 192 178 168 52 24 222 32 34 63 223 141 132 121 11 148 163 0 85 127 83 63 97 148 139 143 98 144 63 81 159 191 99 176 99 98 153 71 109 23 167 92 55 107 75 131 104 85 0 58 58 13 46 101 85 85 42 130 79 33 131 156 52 149 118 131 97 101 140 70 109 41 85 80 116 94 47 127 58 0 
0 195 191 105 130 171 80 139 32 54 106 68 138 162 138 124 168 194 65 196 126 177 167 155 190 62 136 191 117 136 195 0 14 111 166 26 183 67 163 189 94 145 67 83 61 83 34 130 143 139 71 34 55 54 15 161 183 124 139 83 191 14 0 114 171 31 186 58 160 181 94 145 71 92 64 74 24 141 143 150 65 45 64 43 1 161 188 135 144 88 105 111 114 0 66 85 72 89 75 128 26 39 44 57 50 86 100 94 41 97 70 84 66 99 114 54 82 90 37 32 130 166 171 66 0 140 54 155 111 171 92 70 101 87 110 152 161 82 77 79 136 133 112 164 172 69 17 82 29 83 171 26 31 85 140 0 157 55 139 170 68 119 41 62 35 68 31 112 117 121 52 18 34 48 32 135 157 106 113 57 80 183 186 72 54 157 0 152 70 129 92 44 116 120 122 143 169 133 50 131 133 156 137 165 186 31 56 132 55 103 139 67 58 89 155 55 152 0 110 123 63 108 62 100 53 16 34 154 103 161 19 73 79 16 57 123 171 148 126 80 32 163 160 75 111 139 70 110 0 60 74 42 106 131 106 96 137 167 37 169 95 145 135 126 159 43 120 164 92 104 54 189 181 128 171 170 129 123 60 0 118 102 147 179 144 107 157 222 96 225 118 182 176 139 180 103 180 218 151 151 106 94 94 26 92 68 92 63 74 118 0 51 32 61 33 60 77 109 49 114 44 72 61 74 94 67 108 104 63 33 68 145 145 39 70 119 44 108 42 102 51 0 80 96 84 99 128 126 7 128 90 121 105 122 145 16 81 123 50 71 138 67 71 44 101 41 116 62 106 147 32 80 0 39 9 67 60 92 79 99 47 41 29 66 71 96 118 87 74 19 162 83 92 57 87 62 120 100 131 179 61 96 39 0 47 106 90 54 98 61 86 49 28 101 93 109 103 48 66 28 138 61 64 50 110 35 122 53 106 144 33 84 9 47 0 59 51 101 82 108 39 39 32 57 64 100 127 95 82 28 124 83 74 86 152 68 143 16 96 107 60 99 67 106 59 0 50 159 93 166 20 85 88 32 73 113 168 154 123 82 168 34 24 100 161 31 169 34 137 157 77 128 60 90 51 50 0 143 124 151 42 49 64 20 23 144 178 137 133 79 194 130 141 94 82 112 133 154 167 222 109 126 92 54 101 159 143 0 130 9 139 96 79 155 142 134 92 6 80 78 65 143 143 41 77 117 50 103 37 96 49 7 79 98 82 93 124 130 0 132 85 120 106 117 143 20 88 127 55 72 196 139 150 97 79 121 131 161 169 225 114 128 99 61 108 166 151 9 132 0 146 105 87 162 151 135 88 15 80 84 126 71 65 70 136 52 133 19 95 118 44 90 47 86 39 20 42 139 85 146 0 67 69 32 64 105 152 134 107 63 177 34 45 84 133 18 156 73 145 182 72 121 41 49 39 85 49 96 120 105 67 0 21 66 46 137 149 90 108 53 167 55 64 66 112 34 137 79 135 176 61 105 29 28 32 88 64 79 106 87 69 21 0 77 65 120 129 73 88 34 155 54 43 99 164 48 165 16 126 139 74 122 66 101 57 32 20 155 117 162 32 66 77 0 42 137 180 149 135 85 190 15 1 114 172 32 186 57 159 180 94 145 71 93 64 73 23 142 143 151 64 46 65 42 0 161 189 136 145 89 62 161 161 54 69 135 31 123 43 103 67 16 96 109 100 113 144 134 20 135 105 137 120 137 161 0 77 132 55 86 136 183 188 82 17 157 56 171 120 180 108 81 118 103 127 168 178 92 88 88 152 149 129 180 189 77 0 94 45 100 191 124 135 90 82 106 132 148 164 218 104 123 87 48 95 154 137 6 127 15 134 90 73 149 136 132 94 0 78 73 117 139 144 37 29 113 55 126 92 151 63 50 74 66 82 123 133 80 55 80 107 108 88 135 145 55 45 78 0 56 136 83 88 32 83 57 103 80 104 151 33 71 19 28 28 82 79 78 72 84 63 53 34 85 89 86 100 73 56 0 
