0 82 164 78 107 146 139 155 39 222 60 83 96 103 75 73 41 53 120 187 55 146 162 155 42 123 41 120 128 56 82 0 98 99 66 83 147 88 119 151 23 9 26 34 39 69 41 53 56 123 75 80 83 73 41 129 57 96 50 69 164 98 0 197 61 146 243 10 194 175 110 105 112 65 137 102 131 113 129 171 124 139 106 86 124 226 153 186 55 119 78 99 197 0 157 110 61 187 105 186 93 93 91 133 62 136 76 113 96 144 126 114 149 152 87 45 50 57 147 123 107 66 61 157 0 143 211 54 133 195 64 75 90 38 104 41 82 54 117 179 63 138 121 103 72 193 108 162 59 58 146 83 146 110 143 0 122 138 185 77 103 75 58 105 71 152 110 135 28 41 157 7 50 65 117 109 106 62 93 151 139 147 243 61 211 122 0 233 163 184 148 140 131 181 108 194 134 171 121 142 187 129 170 180 145 18 109 61 189 183 155 88 10 187 54 138 233 0 185 170 100 95 102 55 127 95 121 104 120 164 116 131 99 79 114 216 143 177 46 111 39 119 194 105 133 185 163 185 0 261 96 122 135 136 114 93 80 81 159 226 71 185 201 192 78 149 80 155 164 75 222 151 175 186 195 77 184 170 261 0 173 145 129 160 147 217 184 204 102 42 226 76 74 93 190 175 182 131 136 220 60 23 110 93 64 103 148 100 96 173 0 28 45 45 43 53 21 33 75 143 55 100 106 96 18 130 44 103 69 49 83 9 105 93 75 75 140 95 122 145 28 0 17 42 32 77 42 60 47 115 82 72 79 72 45 122 55 87 54 76 96 26 112 91 90 58 131 102 135 129 45 17 0 54 30 94 56 77 30 98 99 55 66 63 61 114 62 75 58 93 103 34 65 133 38 105 181 55 136 160 45 42 54 0 73 60 66 57 80 141 76 100 86 70 61 163 88 129 29 69 75 39 137 62 104 71 108 127 114 147 43 32 30 73 0 96 41 75 46 112 95 71 94 93 50 90 35 60 85 90 73 69 102 136 41 152 194 95 93 217 53 77 94 60 96 0 60 23 124 192 22 149 144 129 49 176 86 156 89 18 41 41 131 76 82 110 134 121 80 184 21 42 56 66 41 60 0 37 82 151 56 108 121 114 11 116 26 98 90 51 53 53 113 113 54 135 171 104 81 204 33 60 77 57 75 23 37 0 107 175 22 132 135 122 26 153 63 134 86 16 120 56 129 96 117 28 121 120 159 102 75 47 30 80 46 124 82 107 0 69 129 26 53 59 89 106 81 60 74 123 187 123 171 144 179 41 142 164 226 42 143 115 98 141 112 192 151 175 69 0 197 43 65 85 158 133 147 89 124 191 55 75 124 126 63 157 187 116 71 226 55 82 99 76 95 22 56 22 129 197 0 154 157 144 45 169 78 154 105 7 146 80 139 114 138 7 129 131 185 76 100 72 55 100 71 149 108 132 26 43 154 0 43 58 115 115 106 68 87 148 162 83 106 149 121 50 170 99 201 74 106 79 66 86 94 144 121 135 53 65 157 43 0 20 124 156 128 109 62 150 155 73 86 152 103 65 180 79 192 93 96 72 63 70 93 129 114 122 59 85 144 58 20 0 114 165 125 119 44 137 42 41 124 87 72 117 145 114 78 190 18 45 61 61 50 49 11 26 89 158 45 115 124 114 0 127 37 109 86 40 123 129 226 45 193 109 18 216 149 175 130 122 114 163 90 176 116 153 106 133 169 115 156 165 127 0 92 47 172 166 41 57 153 50 108 106 109 143 80 182 44 55 62 88 35 86 26 63 81 147 78 106 128 125 37 92 0 79 107 74 120 96 186 57 162 62 61 177 155 131 103 87 75 129 60 156 98 134 60 89 154 68 109 119 109 47 79 0 131 149 128 50 55 147 59 93 189 46 164 136 69 54 58 29 85 89 90 86 74 124 105 87 62 44 86 172 107 131 0 98 56 69 119 123 58 151 183 111 75 220 49 76 93 69 90 18 51 16 123 191 7 148 150 137 40 166 74 149 98 0 
0 107 145 163 130 49 150 42 48 94 46 125 86 24 86 193 113 197 150 182 40 123 178 32 145 104 117 118 118 26 107 0 217 140 196 92 56 126 74 111 145 89 172 130 33 193 58 163 55 122 85 168 168 89 72 135 175 193 105 124 145 217 0 154 21 126 226 104 144 112 104 161 61 143 184 132 178 183 228 206 135 59 140 136 202 89 43 27 138 160 163 140 154 0 136 115 110 141 119 72 163 51 154 183 116 57 82 35 114 56 123 96 31 131 80 77 115 145 45 189 130 196 21 136 0 106 205 88 124 91 91 140 50 130 163 119 157 166 207 187 116 40 124 118 181 68 22 16 117 146 49 92 126 115 106 0 119 38 18 45 61 80 80 68 61 145 74 149 120 137 11 87 129 18 106 60 88 101 70 75 150 56 226 110 205 119 0 157 106 114 179 69 196 174 64 167 48 124 4 74 117 170 141 124 30 137 183 207 92 172 42 126 104 141 88 38 157 0 52 69 23 115 47 47 97 159 112 176 158 172 41 83 149 38 144 70 75 77 100 61 48 74 144 119 124 18 106 52 0 56 73 78 98 71 45 156 65 153 107 134 11 104 138 18 98 75 106 119 74 74 94 111 112 72 91 45 114 69 56 0 91 53 89 111 78 100 66 107 116 107 55 57 84 63 92 24 69 93 33 120 46 145 104 163 91 61 179 23 73 91 0 138 43 39 118 178 135 198 180 195 62 96 169 56 167 90 85 77 123 56 125 89 161 51 140 80 69 115 78 53 138 0 142 147 65 105 31 79 72 57 85 104 79 93 41 72 118 145 24 151 86 172 61 154 50 80 196 47 98 89 43 142 0 82 141 154 148 188 198 196 87 68 152 85 179 77 51 35 122 99 24 130 143 183 130 68 174 47 71 111 39 147 82 0 110 206 136 217 174 204 62 130 194 54 169 117 121 116 138 17 86 33 184 116 163 61 64 97 45 78 118 65 141 110 0 165 37 144 64 111 56 135 142 62 64 102 142 160 76 108 193 193 132 57 119 145 167 159 156 100 178 105 154 206 165 0 136 64 171 110 155 86 26 163 137 89 105 133 89 218 113 58 178 82 157 74 48 112 65 66 135 31 148 136 37 136 0 107 50 74 75 123 110 83 33 90 135 159 49 137 197 163 183 35 166 149 124 176 153 107 198 79 188 217 144 64 107 0 128 52 157 127 44 165 95 112 147 177 79 223 150 55 228 114 207 120 4 158 107 116 180 72 198 174 64 171 50 128 0 78 118 173 145 125 34 140 185 209 96 172 182 122 206 56 187 137 74 172 134 107 195 57 196 204 111 110 74 52 78 0 142 147 84 150 50 121 165 194 74 208 40 85 135 123 116 11 117 41 11 55 62 85 87 62 56 155 75 157 118 142 0 98 139 8 108 71 98 110 78 66 123 168 59 96 40 87 170 83 104 57 96 104 68 130 135 86 123 127 173 147 98 0 86 102 145 33 20 50 80 144 178 168 140 31 124 129 141 149 138 84 169 79 152 194 142 26 110 44 145 84 139 86 0 147 111 79 106 136 66 204 32 89 136 131 118 18 124 38 18 63 56 93 85 54 62 163 83 165 125 150 8 102 147 0 116 77 101 110 86 58 145 72 202 80 181 106 30 144 98 92 167 41 179 169 64 137 33 95 34 50 108 145 111 116 0 113 159 185 65 170 104 135 89 77 68 60 137 70 75 24 90 72 77 117 102 89 90 112 140 121 71 33 79 77 113 0 46 73 49 129 117 175 43 115 22 88 183 75 106 69 85 118 51 121 142 105 135 147 185 165 98 20 106 101 159 46 0 30 95 136 118 193 27 145 16 101 207 77 119 93 77 145 35 116 160 133 159 177 209 194 110 50 136 110 185 73 30 0 122 133 118 105 138 45 117 70 92 100 74 33 123 24 122 138 76 89 49 79 96 74 78 80 66 86 65 49 95 122 0 144 26 124 160 189 146 75 172 61 74 120 56 151 99 17 108 218 137 223 172 208 66 144 204 58 170 129 136 133 144 0 
0 65 147 123 129 20 167 102 189 62 30 56 35 45 18 151 153 109 189 74 136 180 49 162 124 207 79 83 85 179 65 0 129 58 140 48 196 45 162 29 91 10 31 46 60 102 149 101 159 57 168 209 108 120 90 178 100 131 113 167 147 129 0 145 60 148 121 101 43 102 145 125 127 104 159 77 33 38 48 76 115 130 147 60 46 61 83 133 93 38 123 58 145 0 176 105 238 45 166 75 149 68 89 99 116 86 173 130 160 96 215 251 166 110 99 179 146 186 162 182 129 140 60 176 0 140 65 131 97 111 117 132 125 99 147 129 36 46 105 84 55 76 111 118 90 113 50 85 50 67 20 48 148 105 140 0 182 89 188 53 50 40 23 44 13 142 159 112 188 73 152 195 69 155 120 206 90 101 98 182 167 196 121 238 65 182 0 194 150 168 144 186 174 150 185 194 90 111 160 143 32 13 131 181 155 163 96 93 84 114 102 45 101 45 131 89 194 0 126 42 123 49 68 66 102 57 128 85 122 53 172 206 137 77 56 141 104 150 120 139 189 162 43 166 97 188 150 126 0 138 188 160 166 144 199 82 62 81 10 115 150 156 190 58 72 18 126 176 136 37 62 29 102 75 111 53 168 42 138 0 81 23 30 24 66 89 120 72 136 28 142 180 95 102 67 155 73 111 87 139 30 91 145 149 117 50 144 123 188 81 0 81 60 57 47 165 144 107 192 83 112 156 19 172 133 206 67 54 67 174 56 10 125 68 132 40 186 49 160 23 81 0 21 36 53 104 143 95 157 51 158 199 98 120 88 176 90 121 103 162 35 31 127 89 125 23 174 68 166 30 60 21 0 26 36 119 141 93 165 51 145 187 77 132 97 184 79 102 90 163 45 46 104 99 99 44 150 66 144 24 57 36 26 0 55 108 115 68 144 29 122 163 71 117 79 162 54 87 67 138 18 60 159 116 147 13 185 102 199 66 47 53 36 55 0 155 168 123 199 84 154 198 66 168 133 217 97 101 103 193 151 102 77 86 129 142 194 57 82 89 165 104 119 108 155 0 110 85 74 82 180 204 174 24 40 93 125 178 140 107 153 149 33 173 36 159 90 128 62 120 144 143 141 115 168 110 0 48 71 92 88 98 142 93 77 77 77 120 82 31 109 101 38 130 46 112 111 85 81 72 107 95 93 68 123 85 48 0 85 44 95 122 109 80 45 99 46 99 59 70 189 159 48 160 105 188 160 122 10 136 192 157 165 144 199 74 71 85 0 115 159 166 194 50 69 19 131 181 141 47 74 57 76 96 84 73 143 53 115 28 83 51 51 29 84 82 92 44 115 0 119 155 92 89 50 133 51 98 67 112 136 168 115 215 55 152 32 172 150 142 112 158 145 122 154 180 88 95 159 119 0 44 99 172 140 165 69 61 55 117 180 209 130 251 76 195 13 206 156 180 156 199 187 163 198 204 98 122 166 155 44 0 143 190 166 168 109 105 97 119 49 108 147 166 111 69 131 137 190 95 19 98 77 71 66 174 142 109 194 92 99 143 0 180 141 208 65 38 61 172 162 120 60 110 118 155 181 77 58 102 172 120 132 117 168 24 93 80 50 89 172 190 180 0 39 69 123 176 138 86 124 90 46 99 90 120 155 56 72 67 133 88 97 79 133 40 77 45 69 50 140 166 141 39 0 88 86 139 101 83 207 178 61 179 113 206 163 141 18 155 206 176 184 162 217 93 77 99 19 133 165 168 208 69 88 0 144 194 154 49 79 100 83 146 50 90 96 104 126 73 67 90 79 54 97 125 77 46 131 51 69 109 65 123 86 144 0 53 16 107 83 131 133 186 85 101 93 150 176 111 54 121 102 87 101 178 120 99 181 98 61 105 38 176 139 194 53 0 40 151 85 113 93 162 50 98 84 120 136 87 67 103 90 67 103 140 82 59 141 67 55 97 61 138 101 154 16 40 0 113 179 167 38 182 67 182 114 139 37 139 174 162 163 138 193 107 31 70 47 112 117 119 172 86 83 49 107 151 113 0 
0 102 43 238 98 196 150 167 85 258 175 169 89 209 66 88 100 154 151 153 129 105 168 100 136 121 163 110 209 18 102 0 66 138 91 94 133 108 63 161 130 68 17 111 36 86 10 82 52 131 30 14 117 7 66 50 62 25 120 85 43 66 0 204 101 157 154 155 44 227 169 130 58 177 30 91 68 134 111 155 90 66 159 67 93 100 124 82 183 33 238 138 204 0 187 51 195 133 186 37 159 77 149 34 174 190 138 114 98 187 115 139 146 139 148 129 82 129 66 220 98 91 101 187 0 162 53 76 132 194 77 144 75 153 87 10 81 76 135 55 117 104 73 84 156 61 138 74 136 84 196 94 157 51 162 0 182 128 136 85 155 27 108 44 130 162 97 100 48 175 67 91 141 96 97 101 33 92 81 178 150 133 154 195 53 182 0 62 183 191 43 171 121 161 138 63 123 82 169 8 154 147 50 126 199 89 167 111 133 136 167 108 155 133 76 128 62 0 170 130 27 123 103 101 130 84 100 30 127 54 119 122 13 103 170 59 119 83 71 150 85 63 44 186 132 136 183 170 0 216 189 109 67 166 45 124 71 145 88 183 73 53 177 68 53 111 105 88 181 77 258 161 227 37 194 85 191 130 216 0 152 109 170 50 197 199 160 118 130 183 143 165 141 161 182 142 113 148 59 240 175 130 169 159 77 155 43 27 189 152 0 149 122 126 146 87 121 56 153 35 143 144 14 124 194 80 145 105 94 159 169 68 130 77 144 27 171 123 109 109 149 0 83 62 103 142 72 93 21 166 40 64 135 71 73 84 6 71 91 152 89 17 58 149 75 108 121 103 67 170 122 83 0 120 29 70 11 79 69 119 47 29 110 12 81 45 77 24 125 71 209 111 177 34 153 44 161 101 166 50 126 62 120 0 147 156 110 80 82 153 93 115 113 111 134 95 65 99 38 191 66 36 30 174 87 130 138 130 45 197 146 103 29 147 0 79 38 106 85 138 63 39 135 37 78 72 97 53 154 50 88 86 91 190 10 162 63 84 124 199 87 142 70 156 79 0 77 81 133 65 113 99 82 80 151 61 136 72 141 74 100 10 68 138 81 97 123 100 71 160 121 72 11 110 38 77 0 74 59 121 37 24 108 3 76 41 66 17 116 82 154 82 134 114 76 100 82 30 145 118 56 93 79 80 106 81 74 0 97 75 89 94 42 77 140 34 89 57 60 136 151 52 111 98 135 48 169 127 88 130 153 21 69 82 85 133 59 97 0 165 22 46 139 57 53 80 17 61 107 135 153 131 155 187 55 175 8 54 183 183 35 166 119 153 138 65 121 75 165 0 150 145 42 124 197 85 161 108 125 139 129 30 90 115 117 67 154 119 73 143 143 40 47 93 63 113 37 89 22 150 0 24 129 35 51 65 34 43 111 113 105 14 66 139 104 91 147 122 53 165 144 64 29 115 39 99 24 94 46 145 24 0 131 21 52 64 58 39 128 89 168 117 159 146 73 141 50 13 177 141 14 135 110 113 135 82 108 42 139 42 129 131 0 111 180 67 131 92 83 151 100 7 67 139 84 96 126 103 68 161 124 71 12 111 37 80 3 77 57 124 35 21 111 0 73 44 65 20 118 82 136 66 93 148 156 97 199 170 53 182 194 73 81 134 78 151 76 140 53 197 51 52 180 73 0 114 69 90 160 124 121 50 100 129 61 101 89 59 111 142 80 84 45 95 72 61 41 34 80 85 65 64 67 44 114 0 79 25 88 103 163 62 124 82 138 33 167 119 105 113 145 6 77 65 97 136 66 89 17 161 34 58 131 65 69 79 0 65 92 146 110 25 82 129 74 92 111 83 88 148 105 71 24 99 53 72 17 57 61 108 43 39 92 20 90 25 65 0 101 92 209 120 183 66 136 81 133 71 181 59 94 91 125 38 154 141 116 60 107 125 111 128 83 118 160 88 92 101 0 191 18 85 33 220 84 178 136 150 77 240 159 152 71 191 50 74 82 136 135 139 113 89 151 82 124 103 146 92 191 0 
0 101 185 120 55 118 166 80 40 160 186 11 119 163 165 170 160 141 181 196 141 111 68 130 25 51 86 83 119 162 101 0 103 132 52 17 79 21 116 107 112 91 47 62 64 69 122 68 148 142 98 13 87 129 76 75 95 92 143 85 185 103 0 133 130 94 24 118 211 52 20 174 66 76 75 98 75 44 91 60 66 90 132 120 164 138 123 122 151 23 120 132 133 0 100 142 131 123 160 84 121 115 100 169 170 187 66 102 76 107 67 128 57 16 120 78 40 44 18 114 55 52 130 100 0 69 112 32 81 113 134 44 64 112 114 121 117 87 143 149 96 58 45 103 34 26 60 56 107 108 118 17 94 142 69 0 70 38 133 106 106 108 48 45 47 52 123 64 149 138 100 14 102 137 93 91 107 104 155 79 166 79 24 131 112 70 0 96 191 58 39 156 48 56 55 78 81 30 102 78 66 66 119 119 145 122 113 111 149 19 80 21 118 123 32 38 96 0 96 114 125 70 55 83 85 90 124 78 150 150 101 32 73 123 55 58 84 80 132 99 40 116 211 160 81 133 191 96 0 193 215 46 145 178 180 178 196 168 219 229 175 128 107 169 47 87 125 122 159 189 160 107 52 84 113 106 58 114 193 0 37 151 60 111 110 132 23 42 45 36 20 95 97 69 146 110 83 83 102 39 186 112 20 121 134 106 39 125 215 37 0 176 70 95 94 117 59 47 71 40 55 99 128 106 168 137 117 117 139 27 11 91 174 115 44 108 156 70 46 151 176 0 108 153 155 160 151 130 174 187 132 100 61 123 16 42 79 76 115 151 119 47 66 100 64 48 48 55 145 60 70 108 0 69 70 87 76 23 102 95 52 35 74 92 98 74 72 70 115 44 163 62 76 169 112 45 56 83 178 111 95 153 69 0 2 22 133 71 156 134 112 54 139 161 138 133 141 138 184 74 165 64 75 170 114 47 55 85 180 110 94 155 70 2 0 23 132 71 155 133 112 56 140 161 140 134 142 139 185 73 170 69 98 187 121 52 78 90 178 132 117 160 87 22 23 0 154 92 177 156 133 65 153 179 145 143 157 154 202 96 160 122 75 66 117 123 81 124 196 23 59 151 76 133 132 154 0 62 26 41 24 111 92 50 149 109 76 77 83 62 141 68 44 102 87 64 30 78 168 42 47 130 23 71 71 92 62 0 87 74 41 55 89 91 121 94 83 81 119 21 181 148 91 76 143 149 102 150 219 45 71 174 102 156 155 177 26 87 0 38 50 137 113 60 173 132 96 98 92 83 196 142 60 107 149 138 78 150 229 36 40 187 95 134 133 156 41 74 38 0 55 129 131 91 182 145 116 117 124 61 141 98 66 67 96 100 66 101 175 20 55 132 52 112 112 133 24 41 50 55 0 87 77 54 128 90 63 63 85 48 111 13 90 128 58 14 66 32 128 95 99 100 35 54 56 65 111 55 137 129 87 0 88 123 87 79 93 90 141 72 68 87 132 57 45 102 119 73 107 97 128 61 74 139 140 153 92 89 113 131 77 88 0 62 63 21 18 15 62 109 130 129 120 16 103 137 119 123 169 69 106 123 92 161 161 179 50 91 60 91 54 123 62 0 125 83 44 48 33 102 25 76 164 120 34 93 145 55 47 146 168 16 98 138 140 145 149 121 173 182 128 87 63 125 0 42 81 78 122 142 51 75 138 78 26 91 122 58 87 110 137 42 74 133 134 143 109 94 132 145 90 79 21 83 42 0 39 36 83 115 86 95 123 40 60 107 113 84 125 83 117 79 72 141 142 157 76 83 96 116 63 93 18 44 81 39 0 4 48 101 83 92 122 44 56 104 111 80 122 83 117 76 70 138 139 154 77 81 98 117 63 90 15 48 78 36 4 0 52 100 119 143 151 18 107 155 149 132 159 102 139 115 115 184 185 202 83 119 92 124 85 141 62 33 122 83 48 52 0 132 162 85 23 114 108 79 19 99 189 39 27 151 44 74 73 96 62 21 83 61 48 72 109 102 142 115 101 100 132 0 
0 12 52 63 139 117 161 189 25 52 49 159 129 166 143 178 87 110 82 128 118 128 145 110 159 128 33 152 101 100 12 0 40 59 147 108 163 194 34 43 41 160 130 169 154 183 85 122 80 137 123 119 137 101 167 120 27 143 95 110 52 40 0 54 167 78 165 206 73 23 29 158 128 174 185 191 79 156 76 163 137 88 107 69 189 91 49 113 74 138 63 59 54 0 118 65 111 152 88 31 26 104 74 120 148 137 26 127 22 118 85 76 88 63 141 71 85 96 40 99 139 147 167 118 0 168 69 57 150 146 139 85 81 61 63 58 105 76 103 25 36 176 179 171 23 165 172 187 138 49 117 108 78 65 168 0 135 187 141 65 68 120 98 148 209 168 63 191 67 174 132 11 29 10 191 14 126 35 30 161 161 163 165 111 69 135 0 53 179 142 137 19 39 13 132 33 87 139 89 92 51 141 136 143 83 128 190 143 110 105 189 194 206 152 57 187 53 0 203 183 178 72 89 40 112 20 132 131 132 80 71 193 189 193 54 180 221 196 159 106 25 34 73 88 150 141 179 203 0 76 73 180 151 183 142 193 111 107 105 134 133 152 169 134 167 152 34 176 126 105 52 43 23 31 146 65 142 183 76 0 7 135 105 151 170 168 56 144 53 144 115 76 94 58 169 77 62 100 54 121 49 41 29 26 139 68 137 178 73 7 0 130 100 146 163 163 52 137 48 137 108 79 96 62 162 79 63 103 54 114 159 160 158 104 85 120 19 72 180 135 130 0 30 32 148 52 79 151 82 107 61 124 119 128 101 111 187 125 96 115 129 130 128 74 81 98 39 89 151 105 100 30 0 50 137 70 49 134 52 96 47 104 102 104 101 91 157 110 71 98 166 169 174 120 61 148 13 40 183 151 146 32 50 0 124 20 97 135 99 85 51 154 149 154 72 141 196 156 121 101 143 154 185 148 63 209 132 112 142 170 163 148 137 124 0 119 146 35 142 41 90 219 227 210 58 210 173 235 180 49 178 183 191 137 58 168 33 20 193 168 163 52 70 20 119 0 115 134 116 83 60 174 169 174 63 161 210 176 141 104 87 85 79 26 105 63 87 132 111 56 52 79 49 97 146 115 0 130 6 111 69 73 81 66 128 64 111 89 34 98 110 122 156 127 76 191 139 131 107 144 137 151 134 135 35 134 130 0 125 51 90 202 211 190 81 194 140 219 163 36 82 80 76 22 103 67 89 132 105 53 48 82 52 99 142 116 6 125 0 108 68 77 86 69 126 69 107 94 38 94 128 137 163 118 25 174 92 80 134 144 137 107 96 85 41 83 111 51 108 0 49 184 190 177 33 175 161 198 145 29 118 123 137 85 36 132 51 71 133 115 108 61 47 51 90 60 69 90 68 49 0 140 143 135 59 129 150 151 102 54 128 119 88 76 176 11 141 193 152 76 79 124 104 154 219 174 73 202 77 184 140 0 19 19 199 13 136 25 39 171 145 137 107 88 179 29 136 189 169 94 96 119 102 149 227 169 81 211 86 190 143 19 0 38 201 17 155 8 48 179 110 101 69 63 171 10 143 193 134 58 62 128 104 154 210 174 66 190 69 177 135 19 38 0 194 24 117 44 34 161 159 167 189 141 23 191 83 54 167 169 162 101 101 72 58 63 128 81 126 33 59 199 201 194 0 188 192 209 161 62 128 120 91 71 165 14 128 180 152 77 79 111 91 141 210 161 64 194 69 175 129 13 17 24 188 0 139 25 31 162 33 27 49 85 172 126 190 221 34 62 63 187 157 196 173 210 111 140 107 161 150 136 155 117 192 139 0 161 116 132 152 143 113 96 187 35 143 196 176 100 103 125 110 156 235 176 89 219 94 198 151 25 8 44 209 25 161 0 56 187 101 95 74 40 138 30 110 159 126 54 54 96 71 121 180 141 34 163 38 145 102 39 48 34 161 31 116 56 0 132 100 110 138 99 49 161 105 106 105 121 114 115 98 101 49 104 98 36 94 29 54 171 179 161 62 162 132 187 132 0 
0 158 110 96 117 133 166 151 73 127 105 169 72 7 139 93 45 150 153 146 86 47 136 66 197 137 100 133 59 61 158 0 86 81 41 57 15 190 168 57 140 23 161 152 173 156 203 43 68 12 194 116 82 132 105 76 132 85 163 164 110 86 0 19 70 108 83 106 89 29 54 82 82 108 89 72 149 111 45 82 115 94 131 57 87 127 46 131 88 88 96 81 19 0 57 94 83 118 88 32 62 83 80 92 101 75 137 99 57 74 114 75 115 52 103 111 54 115 83 84 117 41 70 57 0 38 53 175 138 51 119 58 131 111 158 131 162 42 77 29 164 75 62 102 124 57 111 64 130 131 133 57 108 94 38 0 72 212 169 89 156 80 162 126 195 166 177 20 113 47 193 86 26 134 158 20 148 28 159 160 166 15 83 83 53 72 0 186 171 54 137 8 163 160 169 155 210 58 58 25 197 127 97 135 92 91 129 100 166 167 151 190 106 118 175 212 186 0 79 133 57 183 79 154 17 59 163 216 131 188 83 167 232 92 139 229 65 232 93 91 73 168 89 88 138 169 171 79 0 118 49 171 8 77 69 27 86 179 133 160 26 101 182 36 165 181 51 181 14 12 127 57 29 32 51 89 54 133 118 0 83 53 110 123 116 101 169 87 29 55 144 100 113 83 78 108 75 115 114 115 105 140 54 62 119 156 137 57 49 83 0 136 43 106 40 23 130 161 91 135 70 113 175 40 116 172 8 175 56 55 169 23 82 83 58 80 8 183 171 53 136 0 163 164 166 154 213 66 53 33 197 132 105 135 84 99 128 108 166 167 72 161 82 80 131 162 163 79 8 110 43 163 0 75 67 22 88 172 125 153 34 96 176 29 158 174 44 175 14 12 7 152 108 92 111 126 160 154 77 123 106 164 75 0 141 95 51 143 149 140 91 40 129 66 195 130 100 126 63 65 139 173 89 101 158 195 169 17 69 116 40 166 67 141 0 46 155 199 115 171 78 152 215 77 126 212 48 215 81 79 93 156 72 75 131 166 155 59 27 101 23 154 22 95 46 0 110 173 112 149 47 109 182 34 139 180 27 181 36 34 45 203 149 137 162 177 210 163 86 169 130 213 88 51 155 110 0 194 193 191 84 91 178 96 235 179 128 175 74 76 150 43 111 99 42 20 58 216 179 87 161 66 172 143 199 173 194 0 106 36 204 103 41 143 147 35 153 44 170 172 153 68 45 57 77 113 58 131 133 29 91 53 125 149 115 112 193 106 0 70 158 128 138 102 49 133 85 140 132 133 146 12 82 74 29 47 25 188 160 55 135 33 153 140 171 149 191 36 70 0 186 104 73 124 112 67 127 75 154 156 86 194 115 114 164 193 197 83 26 144 70 197 34 91 78 47 84 204 158 186 0 121 204 62 186 203 74 203 34 33 47 116 94 75 75 86 127 167 101 100 113 132 96 40 152 109 91 103 128 104 121 0 89 75 177 90 106 87 87 89 136 82 131 115 62 26 97 232 182 113 175 105 176 129 215 182 178 41 138 73 204 89 0 149 184 6 167 3 170 172 66 132 57 52 102 134 135 92 36 83 40 135 29 66 77 34 96 143 102 124 62 75 149 0 139 147 34 148 31 32 197 105 87 103 124 158 92 139 165 78 116 84 158 195 126 139 235 147 49 112 186 177 184 139 0 178 114 186 168 168 137 76 127 111 57 20 91 229 181 108 172 99 174 130 212 180 179 35 133 67 203 90 6 147 178 0 164 9 169 171 100 132 46 54 111 148 129 65 51 75 8 128 44 100 48 27 128 153 85 127 74 106 167 34 114 164 0 167 55 55 133 85 131 115 64 28 100 232 181 115 175 108 175 126 215 181 175 44 140 75 203 87 3 148 186 9 167 0 169 171 59 163 88 83 130 159 166 93 14 114 56 166 14 63 81 36 74 170 132 154 34 87 170 31 168 169 55 169 0 2 61 164 88 84 131 160 167 91 12 115 55 167 12 65 79 34 76 172 133 156 33 89 172 32 168 171 55 171 2 0 
0 34 110 160 82 101 85 85 114 19 45 114 33 111 105 109 122 47 52 126 121 148 19 88 105 76 86 39 42 166 34 0 77 148 59 72 80 84 96 35 38 92 61 94 95 75 132 54 44 92 87 119 35 75 104 110 52 31 8 134 110 77 0 179 46 81 89 143 124 101 106 112 138 125 139 28 197 98 108 30 52 111 101 119 160 186 55 80 71 111 160 148 179 0 196 98 227 79 55 175 115 67 148 56 55 153 92 200 108 165 136 86 175 73 64 188 124 179 143 110 82 59 46 196 0 103 43 142 141 66 97 132 115 140 147 67 191 55 102 75 91 144 66 126 161 154 75 43 59 149 101 72 81 98 103 0 141 77 44 107 64 31 110 45 64 55 130 125 60 69 44 47 107 47 89 163 28 101 64 65 85 80 89 227 43 141 0 163 174 66 118 167 118 172 175 110 207 40 124 118 134 184 66 154 183 146 114 50 84 192 85 84 143 79 142 77 163 0 51 103 46 62 69 47 27 125 55 131 40 142 120 105 103 30 20 112 90 113 83 130 114 96 124 55 141 44 174 51 0 126 69 15 109 4 27 99 96 150 62 113 86 55 126 26 53 159 69 127 90 81 19 35 101 175 66 107 66 103 126 0 60 125 52 124 120 106 141 28 67 122 122 154 0 102 123 88 87 23 43 169 45 38 106 115 97 64 118 46 69 60 0 70 46 66 60 94 94 86 7 112 98 108 60 43 66 99 61 68 38 129 114 92 112 67 132 31 167 62 15 125 70 0 115 18 41 86 110 146 64 99 71 43 125 34 67 166 58 123 85 68 33 61 138 148 115 110 118 69 109 52 46 115 0 106 94 133 94 79 51 151 141 154 52 83 86 53 104 72 67 175 111 94 125 56 140 45 172 47 4 124 66 18 106 0 23 100 92 148 59 114 88 59 124 23 49 155 70 125 88 85 105 95 139 55 147 64 175 27 27 120 60 41 94 23 0 118 69 146 53 133 108 82 120 21 26 139 84 126 91 108 109 75 28 153 67 55 110 125 99 106 94 86 133 100 118 0 180 110 94 18 24 83 106 98 140 185 35 88 67 83 122 132 197 92 191 130 207 55 96 141 94 110 94 92 69 180 0 169 90 197 174 151 141 83 43 112 145 158 132 177 47 54 98 200 55 125 40 131 150 28 86 146 79 148 146 110 169 0 93 124 130 172 28 127 151 107 101 24 61 183 52 44 108 108 102 60 124 40 62 67 7 64 51 59 53 94 90 93 0 112 96 103 67 36 60 104 61 74 43 125 126 92 30 165 75 69 118 142 113 122 112 99 151 114 133 18 197 124 112 0 29 88 122 114 156 202 52 103 84 83 121 87 52 136 91 44 134 120 86 122 98 71 141 88 108 24 174 130 96 29 0 60 122 91 133 194 37 107 79 59 148 119 111 86 144 47 184 105 55 154 108 43 154 59 82 83 151 172 103 88 60 0 154 77 108 207 71 148 111 26 19 35 101 175 66 107 66 103 126 0 60 125 52 124 120 106 141 28 67 122 122 154 0 102 123 88 87 23 43 169 88 75 119 73 126 47 154 30 26 102 43 34 83 23 21 98 83 127 36 114 91 77 102 0 42 133 64 106 70 101 105 104 160 64 161 89 183 20 53 123 66 67 86 49 26 140 43 151 60 156 133 108 123 42 0 124 105 133 103 134 76 110 186 188 154 163 146 112 159 88 99 166 53 155 139 185 112 107 104 202 194 207 88 133 124 0 157 111 118 228 86 52 55 124 75 28 114 90 69 87 61 58 104 70 84 35 145 101 61 52 37 71 87 64 105 157 0 77 44 82 39 31 80 179 43 101 50 113 127 23 68 123 72 125 126 88 158 24 74 103 107 148 23 106 133 111 77 0 38 159 42 8 71 143 59 64 84 83 90 43 38 85 67 88 91 67 132 61 43 84 79 111 43 70 103 118 44 38 0 126 166 134 111 110 149 65 192 130 81 169 129 68 175 85 108 83 177 183 125 83 59 26 169 101 134 228 82 159 126 0 
0 112 79 103 93 86 112 91 118 36 53 134 36 112 48 46 14 39 67 32 116 65 98 56 120 28 131 95 31 84 112 0 191 48 61 48 69 44 103 137 67 128 145 33 155 108 113 100 175 107 120 69 78 106 75 84 165 204 85 167 79 191 0 182 159 165 186 170 183 58 132 195 55 191 38 95 83 108 25 99 177 141 169 119 194 107 171 46 110 100 103 48 182 0 96 17 21 13 55 137 50 80 129 18 151 120 99 76 170 85 72 41 32 73 29 79 120 185 72 134 93 61 159 96 0 85 116 85 145 101 78 170 129 88 121 65 101 104 139 106 157 89 117 118 124 72 193 187 81 171 86 48 165 17 85 0 32 5 61 120 33 86 114 27 134 103 82 61 153 70 74 26 33 61 41 62 118 170 55 122 112 69 186 21 116 32 0 31 35 147 60 60 131 37 160 134 104 78 179 87 54 47 19 70 9 90 102 184 81 126 91 44 170 13 85 5 31 0 62 124 38 87 119 22 139 107 87 66 158 75 77 31 35 66 39 66 121 175 60 127 118 103 183 55 145 61 35 62 0 154 75 25 128 72 164 150 107 79 182 88 19 61 28 65 33 103 68 174 91 107 36 137 58 137 101 120 147 124 154 0 87 170 48 143 20 37 49 75 38 68 152 100 134 92 156 58 164 92 66 107 53 67 132 50 78 33 60 38 75 87 0 98 82 59 101 75 50 33 120 40 82 14 49 42 69 30 115 140 22 101 134 128 195 80 170 86 60 87 25 170 98 0 140 97 177 170 121 95 195 102 18 84 53 78 56 123 52 178 111 107 36 145 55 129 129 114 131 119 128 48 82 140 0 141 43 76 32 53 56 44 122 88 114 64 139 62 122 59 60 59 112 33 191 18 88 27 37 22 72 143 59 97 141 0 158 121 109 88 178 97 90 53 50 88 42 85 138 197 81 149 48 155 38 151 121 134 160 139 164 20 101 177 43 158 0 57 57 85 20 76 159 113 145 99 168 73 165 75 79 102 46 108 95 120 65 103 134 107 150 37 75 170 76 121 57 0 59 79 74 75 153 89 124 96 143 47 175 128 59 130 14 113 83 99 101 82 104 87 107 49 50 121 32 109 57 59 0 28 75 19 103 58 88 43 112 31 117 91 28 72 39 100 108 76 104 61 78 66 79 75 33 95 53 88 85 79 28 0 103 9 77 35 61 17 86 35 96 109 23 68 67 175 25 170 139 153 179 158 182 38 120 195 56 178 20 74 75 103 0 94 177 132 163 117 187 93 178 69 98 111 32 107 99 85 106 70 87 75 88 68 40 102 44 97 76 75 19 9 94 0 84 44 70 24 95 34 100 101 25 65 116 120 177 72 157 74 54 77 19 152 82 18 122 90 159 153 103 77 177 84 0 68 42 60 52 106 49 161 94 93 65 69 141 41 89 26 47 31 61 100 14 84 88 53 113 89 58 35 132 44 68 0 35 37 56 43 104 144 34 98 98 78 169 32 117 33 19 35 28 134 49 53 114 50 145 124 88 61 163 70 42 35 0 52 25 78 88 166 68 107 56 106 119 73 118 61 70 66 65 92 42 78 64 88 99 96 43 17 117 24 60 37 52 0 77 51 79 114 39 61 120 75 194 29 124 41 9 39 33 156 69 56 139 42 168 143 112 86 187 95 52 56 25 77 0 99 101 191 90 131 28 84 107 79 72 62 90 66 103 58 30 123 62 85 73 47 31 35 93 34 106 43 78 51 99 0 130 121 12 99 131 165 171 120 193 118 102 121 68 164 115 52 122 138 165 175 117 96 178 100 49 104 88 79 101 130 0 144 118 72 95 204 46 185 187 170 184 175 174 92 140 178 59 197 75 128 91 109 69 101 161 144 166 114 191 121 144 0 119 72 31 85 110 72 81 55 81 60 91 66 22 111 60 81 79 59 28 23 98 25 94 34 68 39 90 12 118 119 0 90 84 167 100 134 171 122 126 127 107 107 101 107 59 149 102 130 72 68 111 65 93 98 107 61 131 99 72 72 90 0 
0 142 50 104 60 177 207 114 92 193 52 121 131 48 173 141 99 21 200 97 92 143 93 142 113 100 125 156 215 185 142 0 96 187 91 154 159 28 179 164 96 35 26 177 184 216 173 149 168 45 104 228 74 152 34 183 161 214 163 125 50 96 0 106 44 139 166 69 95 155 40 83 90 96 146 140 94 53 162 55 52 148 44 112 73 101 104 148 173 140 104 187 106 0 147 120 157 167 12 135 140 186 192 139 94 37 14 83 142 158 85 42 113 78 176 5 52 53 165 153 60 91 44 147 0 179 201 63 136 195 8 64 75 88 190 183 137 76 201 46 94 189 76 155 58 142 148 192 208 172 177 154 139 120 179 0 37 152 122 16 178 175 173 225 44 122 109 164 23 156 87 138 104 42 166 119 68 104 45 44 207 159 166 157 201 37 0 163 159 26 200 186 182 255 77 158 146 196 21 171 115 174 125 79 177 156 105 140 8 34 114 28 69 167 63 152 163 0 158 165 68 23 25 149 176 198 154 122 170 17 87 209 57 143 14 163 147 198 168 130 92 179 95 12 136 122 159 158 0 137 129 176 182 128 100 49 13 71 144 148 79 54 106 80 166 8 54 64 167 153 193 164 155 135 195 16 26 165 137 0 193 188 185 241 51 133 124 180 7 169 103 149 119 57 179 134 83 114 34 46 52 96 40 140 8 178 200 68 129 193 0 71 82 81 186 176 130 68 200 51 91 182 75 151 65 136 144 186 207 172 121 35 83 186 64 175 186 23 176 188 71 0 11 152 199 218 172 133 193 28 108 227 78 165 10 181 168 219 190 152 131 26 90 192 75 173 182 25 182 185 82 11 0 163 200 223 178 141 190 35 112 233 82 167 18 187 172 223 186 148 48 177 96 139 88 225 255 149 128 241 81 152 163 0 217 175 137 62 248 132 140 174 140 188 146 136 169 192 263 233 173 184 146 94 190 44 77 176 100 51 186 199 200 217 0 83 87 155 57 176 96 99 122 35 189 94 48 63 85 88 141 216 140 37 183 122 158 198 49 133 176 218 223 175 83 0 46 120 139 191 112 16 142 84 208 42 60 23 166 161 99 173 94 14 137 109 146 154 13 124 130 172 178 137 87 46 0 78 131 145 71 55 99 67 162 11 41 57 154 140 21 149 53 83 76 164 196 122 71 180 68 133 141 62 155 120 78 0 187 106 83 122 91 126 124 79 107 135 204 176 200 168 162 142 201 23 21 170 144 7 200 193 190 248 57 139 131 187 0 175 110 155 125 64 184 141 90 120 28 47 97 45 55 158 46 156 171 17 148 169 51 28 35 132 176 191 145 106 175 0 83 200 54 141 18 153 143 193 177 139 92 104 52 85 94 87 115 87 79 103 91 108 112 140 96 112 71 83 110 83 0 124 30 61 98 81 60 111 123 93 143 228 148 42 189 138 174 209 54 149 182 227 233 174 99 16 55 122 155 200 124 0 154 99 217 47 75 37 182 176 93 74 44 113 76 104 125 57 106 119 75 78 82 140 122 142 99 91 125 54 30 154 0 87 68 109 90 141 132 97 142 152 112 78 155 42 79 143 80 57 151 165 167 188 35 84 67 126 64 141 61 99 87 0 155 77 26 71 87 77 113 34 73 176 58 166 177 14 166 179 65 10 18 146 189 208 162 124 184 18 98 217 68 155 0 171 158 209 182 144 100 183 101 5 142 119 156 163 8 134 136 181 187 136 94 42 11 79 141 153 81 47 109 77 171 0 51 56 164 151 125 161 104 52 148 68 105 147 54 83 144 168 172 169 48 60 41 107 90 143 60 75 90 26 158 51 0 53 113 103 156 214 148 53 192 104 140 198 64 114 186 219 223 192 63 23 57 135 120 193 111 37 141 71 209 56 53 0 148 146 215 163 173 165 208 45 8 168 167 34 207 190 186 263 85 166 154 204 28 177 123 182 132 87 182 164 113 148 0 38 185 125 140 153 172 44 34 130 153 46 172 152 148 233 88 161 140 176 47 139 93 176 97 77 144 151 103 146 38 0 
0 96 91 165 59 190 77 136 146 119 73 116 156 164 90 135 150 131 139 115 217 28 130 16 162 96 141 15 152 150 96 0 10 155 143 144 149 49 195 24 25 50 188 80 61 148 73 93 88 27 178 92 166 109 148 25 144 95 131 54 91 10 0 145 135 136 140 47 185 32 18 43 178 78 51 138 69 83 80 25 170 84 156 105 138 15 134 89 121 59 165 155 145 0 150 63 132 136 105 167 142 109 75 132 95 42 117 64 77 138 65 137 76 179 9 130 28 150 26 168 59 143 135 150 0 194 24 173 97 167 118 145 115 195 112 111 179 141 156 154 212 51 91 61 151 135 123 50 147 194 190 144 136 63 194 0 180 108 166 148 143 94 138 91 101 100 82 59 56 120 36 165 136 206 55 121 85 178 49 138 77 149 140 132 24 180 0 173 73 172 124 143 92 192 108 91 175 132 148 156 195 60 68 81 134 137 104 65 132 196 136 49 47 136 173 108 173 0 202 41 64 31 188 31 65 144 27 72 59 22 144 124 170 151 127 40 136 132 110 32 146 195 185 105 97 166 73 202 0 216 173 171 32 212 139 67 195 140 157 193 168 123 33 154 111 176 82 132 119 233 119 24 32 167 167 148 172 41 216 0 49 58 206 71 78 165 68 103 95 29 184 116 186 132 158 40 161 119 141 32 73 25 18 142 118 143 124 64 173 49 0 52 168 93 47 131 82 86 87 42 176 67 145 87 136 25 129 71 120 77 116 50 43 109 145 94 143 31 171 58 52 0 157 50 35 113 34 45 38 29 128 100 139 132 100 28 106 109 83 63 156 188 178 75 115 138 92 188 32 206 168 157 0 192 128 44 175 119 136 182 137 130 26 166 83 166 56 141 93 220 164 80 78 132 195 91 192 31 212 71 93 50 192 0 84 148 17 73 56 53 126 150 179 179 123 68 138 158 106 49 90 61 51 95 112 101 108 65 139 78 47 35 128 84 0 87 67 42 49 54 132 69 108 106 89 38 83 80 73 94 135 148 138 42 111 100 91 144 67 165 131 113 44 148 87 0 131 75 92 140 107 107 36 148 46 125 15 120 52 176 150 73 69 117 179 82 175 27 195 68 82 34 175 17 67 131 0 56 40 46 118 134 162 166 108 57 121 143 91 56 131 93 83 64 141 59 132 72 140 103 86 45 119 73 42 75 56 0 17 74 90 107 107 147 55 68 65 119 38 104 139 88 80 77 156 56 148 59 157 95 87 38 136 56 49 92 40 17 0 66 90 118 124 155 68 65 82 129 51 91 115 27 25 138 154 120 156 22 193 29 42 29 182 53 54 140 46 74 66 0 156 104 162 129 129 19 133 111 112 40 217 178 170 65 212 36 195 144 168 184 176 128 137 126 132 107 118 90 90 156 0 190 141 232 61 155 92 203 65 174 28 92 84 137 51 165 60 124 123 116 67 100 130 150 69 107 134 107 118 104 190 0 104 42 134 85 113 13 125 143 130 166 156 76 91 136 68 170 33 186 145 139 26 179 108 36 162 107 124 162 141 104 0 140 82 146 51 115 88 201 16 109 105 179 61 206 81 151 154 132 87 132 166 179 106 148 166 147 155 129 232 42 140 0 176 111 155 29 167 163 162 148 138 9 151 55 134 127 111 158 136 100 83 123 89 46 108 55 68 129 61 134 82 176 0 123 31 147 17 159 96 25 15 130 135 121 137 40 176 40 25 28 166 68 38 125 57 68 65 19 155 85 146 111 123 0 121 92 106 59 141 144 134 28 123 85 104 136 82 161 129 106 56 138 83 15 121 65 82 133 92 113 51 155 31 121 0 126 37 168 15 95 89 150 50 178 65 132 132 119 71 109 141 158 80 120 143 119 129 111 203 13 115 29 147 92 126 0 138 148 152 131 121 26 147 49 132 110 119 141 120 83 93 106 73 52 91 38 51 112 65 125 88 167 17 106 37 138 0 142 150 54 59 168 194 138 196 32 233 32 77 63 220 49 94 176 56 104 91 40 174 143 201 163 159 59 168 148 142 0 
0 54 144 60 73 64 19 151 41 76 90 54 132 70 123 36 118 75 36 96 44 26 49 34 123 131 118 157 76 85 54 0 196 24 121 100 41 195 53 130 121 40 163 124 177 34 152 120 83 150 83 31 53 24 177 185 171 204 103 83 144 196 0 204 76 146 155 141 173 82 158 179 172 92 46 178 161 123 113 63 121 165 181 178 49 57 81 126 164 206 60 24 204 0 133 88 55 183 40 129 106 63 148 122 177 26 137 112 95 150 97 46 36 26 177 183 168 195 88 61 73 121 76 133 0 101 80 147 109 52 123 103 154 58 74 109 140 90 38 56 45 90 117 107 75 87 91 143 120 150 64 100 146 88 101 0 82 95 48 64 26 116 68 54 108 66 55 26 82 83 98 86 53 77 106 108 85 107 19 63 19 41 155 55 80 82 0 170 51 93 108 35 150 88 139 38 137 94 42 112 42 10 57 30 139 147 136 176 93 95 151 195 141 183 147 95 170 0 143 95 79 205 53 92 96 161 52 76 152 93 170 176 147 171 93 84 61 21 97 145 41 53 173 40 109 48 51 143 0 94 68 78 110 86 142 19 99 72 76 115 85 49 8 31 142 147 129 155 50 44 76 130 82 129 52 64 93 95 94 0 78 125 104 10 48 103 90 43 61 21 78 102 102 107 48 55 45 93 82 124 90 121 158 106 123 26 108 79 68 78 0 141 43 69 117 87 31 35 107 95 124 111 70 99 114 113 88 95 18 66 54 40 179 63 103 116 35 205 78 125 141 0 184 122 169 60 171 129 68 143 58 30 81 48 169 178 170 211 125 117 132 163 172 148 154 68 150 53 110 104 43 184 0 96 127 129 14 64 145 113 163 154 112 141 124 118 92 74 60 99 70 124 92 122 58 54 88 92 86 10 69 122 96 0 57 96 82 34 61 30 79 96 93 101 56 61 48 92 72 115 123 177 46 177 74 108 139 96 142 48 117 169 127 57 0 151 115 83 101 27 115 149 150 155 3 14 35 83 124 171 36 34 178 26 109 66 38 161 19 103 87 60 129 96 151 0 118 87 72 124 78 33 21 12 151 157 142 171 69 58 118 152 161 137 140 55 137 52 99 90 31 171 14 82 115 118 0 50 131 100 149 141 101 130 113 108 82 72 49 93 75 120 123 112 90 26 94 76 72 43 35 129 64 34 83 87 50 0 81 60 99 100 78 96 81 82 59 84 41 89 36 83 113 95 38 82 42 152 76 61 107 68 145 61 101 72 131 81 0 76 18 52 84 69 101 111 106 153 99 119 96 150 63 150 56 83 112 93 115 21 95 143 113 30 27 124 100 60 76 0 92 122 123 128 27 35 35 87 101 145 44 83 121 97 45 98 42 170 85 78 124 58 163 79 115 78 149 99 18 92 0 52 93 72 116 126 123 171 115 129 26 31 165 46 90 86 10 176 49 102 111 30 154 96 149 33 141 100 52 122 52 0 53 22 149 157 144 183 95 91 49 53 181 36 117 53 57 147 8 102 70 81 112 93 150 21 101 78 84 123 93 53 0 33 149 154 135 160 52 38 34 24 178 26 107 77 30 171 31 107 99 48 141 101 155 12 130 96 69 128 72 22 33 0 155 162 148 180 81 70 123 177 49 177 75 106 139 93 142 48 114 169 124 56 3 151 113 81 101 27 116 149 149 155 0 12 32 80 122 169 131 185 57 183 87 108 147 84 147 55 113 178 118 61 14 157 108 82 111 35 126 157 154 162 12 0 26 69 123 171 118 171 81 168 91 85 136 61 129 45 88 170 92 48 35 142 82 59 106 35 123 144 135 148 32 26 0 52 100 148 157 204 126 195 143 107 176 21 155 93 95 211 74 92 83 171 72 84 153 87 171 183 160 180 80 69 52 0 113 161 76 103 164 88 120 19 93 97 50 82 18 125 60 72 124 69 49 41 99 101 115 95 52 81 122 123 100 113 0 49 85 83 206 61 150 63 95 145 44 124 66 117 99 115 171 58 93 89 119 145 129 91 38 70 169 171 148 161 49 0 
