0 173 89 20 146 56 22 84 141 140 125 38 155 89 111 90 30 67 49 155 95 80 56 33 42 145 62 52 152 120 173 0 190 192 30 223 151 250 54 130 65 186 124 189 147 204 149 167 161 162 93 93 193 147 150 57 190 143 34 56 89 190 0 86 172 78 86 90 182 90 125 127 107 1 54 14 76 154 136 86 150 114 38 110 123 140 29 131 158 155 20 192 86 0 166 37 41 65 161 150 143 43 166 86 118 85 46 80 64 161 115 99 49 53 60 163 57 70 171 140 146 30 172 166 0 197 125 225 29 125 55 156 124 171 136 185 123 137 131 157 63 67 170 118 120 57 168 113 36 26 56 223 78 37 197 0 73 28 195 159 167 77 176 79 124 71 74 116 101 164 151 130 43 89 97 187 52 107 198 173 22 151 86 41 125 73 0 101 122 122 103 52 136 85 96 91 11 68 50 140 78 58 60 24 37 123 63 45 130 100 84 250 90 65 225 28 101 0 223 176 192 102 193 91 141 79 102 142 127 176 179 158 61 117 125 211 68 135 224 201 141 54 182 161 29 195 122 223 0 147 77 145 148 181 153 193 123 119 118 179 48 69 174 109 109 84 173 100 65 28 140 130 90 150 125 159 122 176 147 0 70 174 17 89 36 104 111 183 167 32 140 100 116 139 152 73 108 153 96 121 125 65 125 143 55 167 103 192 77 70 0 150 71 124 82 139 97 143 132 102 80 52 133 108 117 20 128 114 33 53 38 186 127 43 156 77 52 102 145 174 150 0 188 127 148 127 63 40 29 192 97 99 91 42 36 170 99 45 172 130 155 124 107 166 124 176 136 193 148 17 71 188 0 106 53 121 126 195 179 39 146 108 133 151 164 68 125 165 91 124 89 189 1 86 171 79 85 91 181 89 124 127 106 0 53 15 76 153 135 85 149 113 38 109 122 139 29 130 157 154 111 147 54 118 136 124 96 141 153 36 82 148 53 53 0 68 85 163 146 44 133 92 81 117 131 93 73 134 114 125 90 204 14 85 185 71 91 79 193 104 139 127 121 15 68 0 82 156 138 98 160 124 36 115 128 154 28 136 172 167 30 149 76 46 123 74 11 102 123 111 97 63 126 76 85 82 0 79 61 129 81 56 54 34 48 117 56 55 125 99 67 167 154 80 137 116 68 142 119 183 143 40 195 153 163 156 79 0 18 206 74 92 123 46 32 163 128 30 159 112 49 161 136 64 131 101 50 127 118 167 132 29 179 135 146 138 61 18 0 189 70 80 105 29 15 152 110 18 150 105 155 162 86 161 157 164 140 176 179 32 102 192 39 85 44 98 129 206 189 0 170 129 121 160 174 105 112 177 128 153 95 93 150 115 63 151 78 179 48 140 80 97 146 149 133 160 81 74 70 170 0 41 135 62 61 97 136 52 88 38 80 93 114 99 67 130 58 158 69 100 52 99 108 113 92 124 56 92 80 129 41 0 105 57 65 72 104 62 73 43 56 193 38 49 170 43 60 61 174 116 133 91 133 38 81 36 54 123 105 121 135 105 0 83 95 151 9 104 165 148 33 147 110 53 118 89 24 117 109 139 108 42 151 109 117 115 34 46 29 160 62 57 83 0 14 128 87 21 130 92 42 150 123 60 120 97 37 125 109 152 117 36 164 122 131 128 48 32 15 174 61 65 95 14 0 137 100 10 137 94 145 57 140 163 57 187 123 211 84 73 20 170 68 139 93 154 117 163 152 105 97 72 151 128 137 0 146 134 23 64 62 190 29 57 168 52 63 68 173 108 128 99 125 29 73 28 56 128 110 112 136 104 9 87 100 146 0 108 161 147 52 143 131 70 113 107 45 135 100 153 114 45 165 130 134 136 55 30 18 177 52 62 104 21 10 134 108 0 132 87 152 34 158 171 36 198 130 224 65 96 33 172 91 157 114 172 125 159 150 128 88 73 165 130 137 23 161 132 0 51 120 56 155 140 26 173 100 201 28 121 53 130 124 154 125 167 99 112 105 153 38 43 148 92 94 64 147 87 51 0 
0 115 25 122 62 118 188 145 85 235 80 84 20 97 129 146 236 83 120 98 176 164 157 180 200 83 201 151 78 176 115 0 104 94 65 73 79 68 75 121 45 35 108 80 98 33 121 71 26 47 104 53 90 117 88 42 102 95 59 63 25 104 0 130 66 95 182 146 61 225 63 70 5 105 105 132 223 89 103 99 153 148 161 186 192 66 182 127 58 167 122 94 130 0 66 159 111 52 145 165 114 104 130 25 183 119 177 42 120 48 198 137 45 60 127 113 190 187 127 113 62 65 66 66 0 105 128 83 83 178 56 50 67 41 126 98 182 24 82 36 155 118 95 120 141 57 165 137 66 118 118 73 95 159 105 0 141 141 34 165 49 56 100 139 25 77 157 124 49 111 58 81 163 190 144 48 94 33 42 121 188 79 182 111 128 141 0 59 152 54 124 114 185 117 164 64 66 119 94 93 144 66 74 89 16 121 109 150 138 20 145 68 146 52 83 141 59 0 137 113 106 94 148 60 166 80 125 67 94 47 167 95 23 50 75 103 148 163 120 63 85 75 61 145 83 34 152 137 0 185 32 43 66 122 45 91 179 106 60 99 92 102 157 184 158 34 125 66 18 133 235 121 225 165 178 165 54 113 185 0 164 155 229 170 187 94 21 171 125 145 150 84 125 136 38 161 101 166 174 60 80 45 63 114 56 49 124 106 32 164 0 12 68 92 70 70 161 76 40 67 102 85 126 153 133 3 121 81 14 108 84 35 70 104 50 56 114 94 43 155 12 0 74 83 79 62 153 68 36 56 105 80 114 141 123 9 119 87 26 98 20 108 5 130 67 100 185 148 66 229 68 74 0 105 110 136 227 90 108 101 158 153 162 187 195 71 187 132 63 171 97 80 105 25 41 139 117 60 122 170 92 83 105 0 162 110 179 17 105 33 183 130 63 83 132 92 181 169 104 114 129 98 105 183 126 25 164 166 45 187 70 79 110 162 0 100 176 146 74 135 58 103 188 215 167 70 104 29 60 144 146 33 132 119 98 77 64 80 91 94 70 62 136 110 100 0 91 102 31 77 87 20 103 128 67 67 72 88 80 44 236 121 223 177 182 157 66 125 179 21 161 153 227 179 176 91 0 177 122 151 135 77 140 152 50 158 84 153 171 65 83 71 89 42 24 124 119 67 106 171 76 68 90 17 146 102 177 0 93 26 171 122 74 97 133 76 173 155 88 112 120 26 103 120 82 49 94 94 60 125 40 36 108 105 74 31 122 93 0 72 78 45 116 143 98 37 83 69 49 74 98 47 99 48 36 111 93 47 99 145 67 56 101 33 135 77 151 26 72 0 150 97 62 88 107 65 148 139 81 86 176 104 153 198 155 58 144 167 92 150 102 105 158 183 58 87 135 171 78 150 0 78 190 215 140 100 53 29 99 124 164 53 148 137 118 81 66 95 102 84 85 80 153 130 103 20 77 122 45 97 78 0 118 142 65 82 53 85 94 46 157 90 161 45 95 163 74 23 157 125 126 114 162 63 188 103 140 74 116 62 190 118 0 27 90 123 170 185 140 82 180 117 186 60 120 190 89 50 184 136 153 141 187 83 215 128 152 97 143 88 215 142 27 0 104 150 192 212 167 101 200 88 192 127 141 144 16 75 158 38 133 123 195 132 167 67 50 133 98 107 140 65 90 104 0 130 101 150 145 25 83 42 66 113 57 48 121 103 34 161 3 9 71 92 70 67 158 76 37 65 100 82 123 150 130 0 118 80 17 105 201 102 182 190 165 94 109 148 125 101 121 119 187 181 104 72 84 173 83 148 53 53 170 192 101 118 0 77 124 92 151 95 127 187 137 33 150 163 66 166 81 87 132 169 29 88 153 155 69 139 29 85 185 212 150 80 77 0 75 130 78 59 58 127 66 42 138 120 18 174 14 26 63 104 60 80 171 88 49 81 99 94 140 167 145 17 124 75 0 120 176 63 167 113 118 121 20 63 133 60 108 98 171 114 144 44 65 112 74 86 124 46 82 101 25 105 92 130 120 0 
0 135 150 173 59 68 92 88 102 130 137 97 182 68 74 159 16 86 127 44 110 157 168 173 103 164 74 62 13 136 135 0 77 84 98 72 173 95 113 6 81 43 197 198 69 178 148 126 125 100 72 81 49 188 46 127 176 192 145 69 150 77 0 24 143 115 141 69 70 74 17 100 128 196 117 114 166 93 66 137 40 7 50 121 57 51 155 190 163 15 173 84 24 0 162 134 165 93 94 82 41 114 142 220 134 130 189 117 87 157 63 17 42 135 76 63 179 214 186 37 59 98 143 162 0 28 141 101 122 94 134 55 214 127 29 191 63 117 146 16 108 149 142 205 86 174 128 121 61 128 68 72 115 134 28 0 135 80 102 67 108 30 195 136 7 173 78 102 125 28 82 121 115 186 58 149 128 130 75 101 92 173 141 165 141 135 0 80 71 167 124 153 104 77 142 83 102 49 82 125 110 148 182 96 127 123 26 74 101 133 88 95 69 93 101 80 80 0 22 89 52 85 115 127 85 93 104 31 45 88 31 76 103 106 49 77 89 121 101 56 102 113 70 94 122 102 71 22 0 107 53 106 93 130 107 71 118 23 25 109 42 77 112 84 67 63 85 125 115 62 130 6 74 82 94 67 167 89 107 0 77 39 192 192 65 172 142 120 119 95 66 78 51 183 40 123 170 186 139 65 137 81 17 41 134 108 124 52 53 77 0 96 117 179 110 101 152 76 50 126 27 24 63 109 51 46 138 173 149 13 97 43 100 114 55 30 153 85 106 39 96 0 199 163 26 177 108 112 126 58 75 106 89 190 46 141 150 157 105 87 182 197 128 142 214 195 104 115 93 192 117 199 0 181 200 23 196 98 73 199 126 130 178 9 156 79 130 178 194 130 68 198 196 220 127 136 77 127 130 192 179 163 181 0 142 160 65 107 150 112 157 203 224 173 160 191 51 6 66 183 74 69 117 134 29 7 142 85 107 65 110 26 200 142 0 178 83 108 130 33 85 123 113 191 60 152 135 136 81 103 159 178 114 130 191 173 83 93 71 172 101 177 23 160 178 0 173 75 53 176 106 116 164 14 136 69 109 157 171 114 16 148 166 189 63 78 102 104 118 142 152 108 196 65 83 173 0 101 143 51 126 173 183 187 118 180 81 59 3 152 86 126 93 117 117 102 49 31 23 120 76 112 98 107 108 75 101 0 44 101 61 100 133 89 80 84 62 102 98 84 127 125 66 87 146 125 82 45 25 119 50 126 73 150 130 53 143 44 0 133 53 71 113 64 83 41 102 146 140 63 44 100 137 157 16 28 125 88 109 95 126 58 199 112 33 176 51 101 133 0 99 144 141 190 81 163 112 106 48 122 110 72 40 63 108 82 110 31 42 66 27 75 126 157 85 106 126 61 53 99 0 47 72 117 30 67 120 151 123 26 157 81 7 17 149 121 148 76 77 78 24 106 130 203 123 116 173 100 71 144 47 0 48 123 63 51 162 197 170 22 168 49 50 42 142 115 182 103 112 51 63 89 178 224 113 164 183 133 113 141 72 48 0 171 65 99 192 218 180 51 173 188 121 135 205 186 96 106 84 183 109 190 9 173 191 14 187 89 64 190 117 123 171 0 147 72 122 170 185 122 103 46 57 76 86 58 127 49 67 40 51 46 156 160 60 136 118 80 83 81 30 63 65 147 0 95 132 154 115 43 164 127 51 63 174 149 123 77 63 123 46 141 79 191 152 69 180 84 41 163 67 51 99 72 95 0 143 186 177 58 74 176 155 179 128 128 26 89 85 170 138 150 130 51 135 109 81 62 102 112 120 162 192 122 132 143 0 48 80 145 62 192 190 214 121 130 74 121 125 186 173 157 178 6 136 157 59 102 146 106 151 197 218 170 154 186 48 0 60 177 13 145 163 186 61 75 101 101 115 139 149 105 194 66 81 171 3 98 140 48 123 170 180 185 115 177 80 60 0 149 136 69 15 37 128 101 133 56 62 65 13 87 130 183 103 114 152 84 63 122 26 22 51 122 43 58 145 177 149 0 
0 93 64 110 103 105 67 112 80 99 110 57 111 164 66 73 160 176 113 46 8 73 113 128 166 106 122 17 170 54 93 0 114 22 31 166 36 73 41 61 121 149 87 101 70 68 195 121 142 129 86 165 79 47 110 63 150 78 198 147 64 114 0 121 107 52 78 87 80 148 53 95 77 142 48 53 96 147 49 41 69 105 85 128 139 88 58 59 106 77 110 22 121 0 17 171 45 61 41 82 117 167 77 80 73 69 193 100 140 141 104 183 67 25 89 51 148 93 194 162 103 31 107 17 0 157 36 44 27 92 100 160 60 71 59 54 176 90 123 130 99 176 50 25 79 34 131 86 177 155 105 166 52 171 157 0 130 131 130 198 76 109 116 182 98 103 67 181 54 62 112 114 126 178 176 134 55 106 82 89 67 36 78 45 36 130 0 55 16 83 88 124 63 101 34 33 160 115 107 96 63 140 59 61 105 46 115 50 164 119 112 73 87 61 44 131 55 0 39 133 62 165 17 56 47 40 136 65 87 122 110 180 6 53 55 10 93 95 135 153 80 41 80 41 27 130 16 39 0 96 80 137 49 85 32 28 154 99 101 103 77 153 43 51 89 30 109 63 157 130 99 61 148 82 92 198 83 133 96 0 171 143 145 162 115 116 241 182 187 145 91 158 138 106 171 123 196 93 246 148 110 121 53 117 100 76 88 62 80 171 0 148 45 107 56 55 76 105 26 94 112 158 56 114 100 69 31 98 77 130 57 149 95 167 160 109 124 165 137 143 148 0 162 220 118 125 175 229 141 54 63 16 165 185 220 162 149 74 189 20 111 87 77 77 60 116 63 17 49 145 45 162 0 66 45 39 119 70 71 115 110 176 11 70 62 26 76 95 118 148 164 101 142 80 71 182 101 56 85 162 107 220 66 0 103 96 174 21 133 178 162 235 57 56 13 58 136 147 167 209 66 70 48 73 59 98 34 47 32 115 56 118 45 103 0 7 127 111 73 76 65 133 47 81 102 45 82 50 131 106 73 68 53 69 54 103 33 40 28 116 55 125 39 96 7 0 127 104 74 83 71 140 40 75 95 38 82 56 131 113 160 195 96 193 176 67 160 136 154 241 76 175 119 174 127 127 0 165 54 124 165 181 130 189 164 145 45 155 17 155 176 121 147 100 90 181 115 65 99 182 105 229 70 21 111 104 165 0 129 185 174 244 64 77 11 70 132 159 157 217 113 142 49 140 123 54 107 87 101 187 26 141 71 133 73 74 54 129 0 87 117 150 82 139 125 94 9 105 59 122 46 129 41 141 130 62 96 122 103 145 94 54 115 178 76 83 124 185 87 0 54 64 121 154 176 121 95 53 137 36 8 86 69 104 99 112 63 110 77 91 112 63 110 162 65 71 165 174 117 54 0 79 111 124 164 104 126 15 175 61 73 165 105 183 176 114 140 180 153 158 158 16 176 235 133 140 181 244 150 64 79 0 180 201 235 177 157 90 196 28 113 79 85 67 50 126 59 6 43 138 56 165 11 57 47 40 130 64 82 121 111 180 0 59 55 16 87 96 129 153 128 47 128 25 25 178 61 53 51 106 114 185 70 56 81 75 189 77 139 154 124 201 59 0 66 45 145 111 188 180 166 110 139 89 79 176 105 55 89 171 100 220 62 13 102 95 164 11 125 176 164 235 55 66 0 60 128 149 156 208 106 63 88 51 34 134 46 10 30 123 69 162 26 58 45 38 145 70 94 121 104 177 16 45 60 0 100 89 144 151 122 150 58 148 131 55 115 93 109 196 31 149 76 136 82 82 45 132 9 95 126 157 87 145 128 100 0 114 50 129 17 78 59 93 86 106 50 95 63 93 98 74 95 147 50 56 155 159 105 53 15 90 96 111 149 89 114 0 164 69 170 198 106 194 177 82 164 135 157 246 77 189 118 167 131 131 17 157 59 137 175 196 129 188 156 144 50 164 0 169 54 147 77 162 155 89 119 153 130 148 130 20 148 209 106 113 155 217 122 36 61 28 153 180 208 151 129 69 169 0 
0 183 170 118 3 51 160 200 144 124 148 185 78 153 134 207 117 129 148 110 85 93 209 61 77 60 151 193 41 112 183 0 17 159 182 142 28 31 64 118 40 38 126 121 138 43 67 54 39 106 129 157 26 157 137 148 38 15 146 92 170 17 0 142 169 127 11 33 64 101 23 30 118 105 121 43 53 41 23 89 122 152 41 141 130 132 36 32 134 75 118 159 142 0 115 75 131 156 164 41 120 135 144 54 27 155 106 116 121 54 154 182 180 57 154 61 148 174 119 68 3 182 169 115 0 49 159 199 144 122 147 183 79 151 131 205 116 128 147 108 86 95 208 58 78 57 151 192 41 110 51 142 127 75 49 0 116 155 119 73 104 138 74 102 85 160 75 88 104 59 84 108 168 24 82 15 117 153 44 61 160 28 11 131 159 116 0 41 63 90 12 32 111 96 111 50 43 31 12 78 116 147 52 130 123 121 35 43 124 64 200 31 33 156 199 155 41 0 95 115 52 21 151 110 132 12 83 72 52 108 155 185 30 165 163 158 67 41 165 97 144 64 64 164 144 119 63 95 0 130 62 94 72 146 152 107 58 50 61 110 72 96 84 140 81 130 28 63 103 96 124 118 101 41 122 73 90 115 130 0 81 94 126 29 22 115 72 81 82 21 136 166 139 68 138 65 113 133 111 34 148 40 23 120 147 104 12 52 62 81 0 40 101 89 102 60 31 21 1 67 108 139 64 118 114 109 36 54 113 53 185 38 30 135 183 138 32 21 94 94 40 0 140 89 111 22 70 60 40 88 147 178 48 146 153 139 66 53 152 78 78 126 118 144 79 74 111 151 72 126 101 140 0 152 145 160 74 80 100 105 10 41 150 98 13 89 88 130 38 96 153 121 105 54 151 102 96 110 146 29 89 89 152 0 27 107 90 96 90 47 161 192 137 96 164 94 125 136 140 56 134 138 121 27 131 85 111 132 152 22 102 111 145 27 0 130 94 103 103 43 155 184 158 73 156 74 135 153 127 56 207 43 43 155 205 160 50 12 107 115 60 22 160 107 130 0 91 80 60 110 165 195 39 168 173 161 79 53 173 100 117 67 53 106 116 75 43 83 58 72 31 70 74 90 94 91 0 13 31 52 82 114 93 91 87 82 45 78 82 38 129 54 41 116 128 88 31 72 50 81 21 60 80 96 103 80 13 0 20 62 87 118 80 104 93 95 32 65 93 48 148 39 23 121 147 104 12 52 61 82 1 40 100 90 103 60 31 20 0 68 107 138 64 118 113 109 35 53 113 54 110 106 89 54 108 59 78 108 110 21 67 88 105 47 43 110 52 62 68 0 115 145 129 60 117 55 94 121 93 14 85 129 122 154 86 84 116 155 72 136 108 147 10 161 155 165 82 87 107 115 0 32 153 108 9 99 91 133 46 105 93 157 152 182 95 108 147 185 96 166 139 178 41 192 184 195 114 118 138 145 32 0 180 131 28 123 119 159 65 136 209 26 41 180 208 168 52 30 84 139 64 48 150 137 158 39 93 80 64 129 153 180 0 182 161 173 62 21 172 116 61 157 141 57 58 24 130 165 140 68 118 146 98 96 73 168 91 104 118 60 108 131 182 0 105 10 135 169 66 68 77 137 130 154 78 82 123 163 81 138 114 153 13 164 156 173 87 93 113 117 9 28 161 105 0 97 99 141 41 108 60 148 132 61 57 15 121 158 130 65 109 139 89 94 74 161 82 95 109 55 99 123 173 10 97 0 126 160 59 61 151 38 36 148 151 117 35 67 28 113 36 66 88 125 135 79 45 32 35 94 91 119 62 135 99 126 0 42 112 80 193 15 32 174 192 153 43 41 63 133 54 53 130 136 153 53 78 65 53 121 133 159 21 169 141 160 42 0 154 107 41 146 134 119 41 44 124 165 103 111 113 152 38 140 127 173 82 93 113 93 46 65 172 66 41 59 112 154 0 88 112 92 75 68 110 61 64 97 96 34 53 78 96 56 56 100 38 48 54 14 105 136 116 68 108 61 80 107 88 0 
0 106 192 159 29 202 123 173 177 150 174 178 85 190 31 148 142 27 123 124 181 50 83 40 100 66 17 125 139 76 106 0 205 170 123 143 52 197 96 176 182 98 149 140 136 153 53 110 30 173 145 149 63 93 85 112 123 176 132 145 192 205 0 35 169 134 163 23 171 43 25 167 116 116 183 52 182 165 188 77 93 173 145 155 121 126 188 79 75 124 159 170 35 0 140 114 128 31 142 25 15 139 91 95 155 17 149 133 154 60 72 148 110 122 86 93 158 63 41 99 29 123 169 140 0 198 129 149 180 126 155 180 57 183 17 130 151 14 135 98 171 26 84 35 95 49 19 98 125 48 202 143 134 114 198 0 92 143 55 138 112 51 176 19 215 104 93 185 113 164 42 217 119 164 103 152 209 168 87 179 123 52 163 128 129 92 0 158 54 140 138 55 134 88 145 111 24 115 26 145 93 154 45 94 51 98 136 148 88 133 173 197 23 31 149 143 158 0 173 23 32 170 94 124 162 47 179 146 183 54 101 151 135 136 112 107 168 56 71 102 177 96 171 142 180 55 54 173 0 160 146 4 176 62 196 127 43 166 66 177 81 205 96 145 92 144 190 181 104 177 150 176 43 25 126 138 140 23 160 0 36 157 73 119 140 34 162 123 164 36 96 130 113 113 92 84 145 39 56 81 174 182 25 15 155 112 138 32 146 36 0 142 106 93 170 29 157 148 163 72 70 163 122 137 98 108 173 75 50 114 178 98 167 139 180 51 55 170 4 157 142 0 175 58 196 124 46 166 68 175 77 204 96 145 91 143 190 179 101 176 85 149 116 91 57 176 134 94 176 73 106 175 0 158 69 86 158 58 149 41 140 57 91 60 85 38 76 41 91 9 190 140 116 95 183 19 88 124 62 119 93 58 158 0 200 85 94 171 112 145 23 201 108 151 90 136 196 149 68 162 31 136 183 155 17 215 145 162 196 140 170 196 69 200 0 146 167 30 150 110 188 19 100 51 112 66 14 110 142 60 148 153 52 17 130 104 111 47 127 34 29 124 86 85 146 0 132 122 137 62 62 140 93 109 69 82 148 66 24 93 142 53 182 149 151 93 24 179 43 162 157 46 158 94 167 132 0 137 23 169 104 176 69 116 75 122 156 172 108 157 27 110 165 133 14 185 115 146 166 123 148 166 58 171 30 122 137 0 121 97 160 40 70 21 82 40 26 98 116 50 123 30 188 154 135 113 26 183 66 164 163 68 149 112 150 137 23 121 0 166 119 161 58 102 73 111 138 170 113 146 124 173 77 60 98 164 145 54 177 36 72 175 41 145 110 62 169 97 166 0 124 97 110 94 94 66 117 4 77 50 181 145 93 72 171 42 93 101 81 96 70 77 140 23 188 62 104 160 119 124 0 188 104 141 81 123 186 128 49 145 50 149 173 148 26 217 154 151 205 130 163 204 57 201 19 140 176 40 161 97 188 0 109 60 115 65 33 96 140 49 83 63 145 110 84 119 45 135 96 113 122 96 91 108 100 93 69 70 58 110 104 109 0 49 25 53 94 113 74 88 40 93 155 122 35 164 94 136 145 113 137 145 60 151 51 109 116 21 102 94 141 60 49 0 61 29 45 96 99 54 100 85 121 86 95 103 51 112 92 92 98 91 85 90 112 69 75 82 73 94 81 115 25 61 0 52 106 97 49 85 66 112 126 93 49 152 98 107 144 84 108 143 38 136 66 82 122 40 111 66 123 65 53 29 52 0 66 68 76 35 17 123 188 158 19 209 136 168 190 145 173 190 76 196 14 148 156 26 138 117 186 33 94 45 106 66 0 117 142 67 125 176 79 63 98 168 148 56 181 39 75 179 41 149 110 66 172 98 170 4 128 96 113 96 97 68 117 0 81 50 139 132 75 41 125 87 88 71 104 56 50 101 91 68 142 24 108 116 113 77 49 140 74 99 49 76 142 81 0 96 76 145 124 99 48 179 133 102 177 81 114 176 9 162 60 93 157 50 146 50 145 49 88 54 85 35 67 50 96 0 
0 202 89 200 107 148 53 160 28 121 97 105 117 149 130 95 179 154 177 53 189 161 181 109 92 153 152 95 112 33 202 0 120 21 123 160 157 173 176 92 146 116 92 159 73 110 54 121 67 174 15 164 40 119 111 89 103 112 91 195 89 120 0 124 84 89 65 159 70 69 41 75 61 143 60 12 115 75 88 54 109 155 93 28 40 107 113 9 45 76 200 21 124 0 112 174 152 156 173 84 155 107 85 143 70 113 36 136 84 177 17 147 57 128 108 73 87 115 88 198 107 123 84 112 0 172 54 75 79 32 125 9 36 59 57 75 82 151 136 115 108 71 123 109 44 49 45 78 51 122 148 160 89 174 172 0 150 247 144 153 55 163 145 231 135 97 182 39 94 95 157 243 120 63 128 187 197 94 127 119 53 157 65 152 54 150 0 114 25 70 95 52 67 101 84 64 128 140 146 70 143 113 143 93 46 100 99 66 67 69 160 173 159 156 75 247 114 0 136 100 199 84 107 16 125 150 120 225 205 184 158 9 186 184 119 84 70 153 124 182 28 176 70 173 79 144 25 136 0 93 89 77 89 124 103 73 151 142 157 54 162 136 158 95 65 125 124 74 85 46 121 92 69 84 32 153 70 100 93 0 110 24 8 84 26 58 58 127 106 114 77 94 91 90 34 38 44 61 26 127 97 146 41 155 125 55 95 199 89 110 0 116 102 184 99 52 153 59 97 44 139 196 112 27 81 147 154 49 85 70 105 116 75 107 9 163 52 84 77 24 116 0 28 68 49 66 78 142 127 109 101 80 115 100 35 48 47 69 42 117 117 92 61 85 36 145 67 107 89 8 102 28 0 91 21 50 62 119 100 107 77 102 87 82 27 46 52 53 18 120 149 159 143 143 59 231 101 16 124 84 184 68 91 0 109 134 107 209 189 169 144 12 171 168 103 70 56 137 108 170 130 73 60 70 57 135 84 125 103 26 99 49 21 109 0 48 55 105 80 111 59 119 66 75 38 52 64 51 18 128 95 110 12 113 75 97 64 150 73 58 52 66 50 134 48 0 103 79 84 64 99 146 86 34 31 95 102 3 33 85 179 54 115 36 82 182 128 120 151 58 153 78 62 107 55 103 0 147 104 166 41 111 78 127 89 37 51 106 72 182 154 121 75 136 151 39 140 225 142 127 59 142 119 209 105 79 147 0 55 103 119 220 81 48 109 157 169 76 101 129 177 67 88 84 136 94 146 205 157 106 97 127 100 189 80 84 104 55 0 135 68 198 27 72 104 125 138 83 86 160 53 174 54 177 115 95 70 184 54 114 44 109 107 169 111 64 166 103 135 0 163 181 145 63 80 152 156 63 94 26 189 15 109 17 108 157 143 158 162 77 139 101 77 144 59 99 41 119 68 163 0 149 41 112 97 74 88 101 77 184 161 164 155 147 71 243 113 9 136 94 196 80 102 12 119 146 111 220 198 181 149 0 178 180 115 75 61 149 119 182 181 40 93 57 123 120 143 186 158 91 112 115 87 171 66 86 78 81 27 145 41 178 0 85 97 103 117 86 78 169 109 119 28 128 109 63 93 184 95 90 27 100 82 168 75 34 127 48 72 63 112 180 85 0 65 126 134 31 64 89 92 111 40 108 44 128 46 119 65 34 81 35 27 103 38 31 89 109 104 80 97 115 97 65 0 72 76 34 21 93 153 89 107 73 49 187 100 84 125 38 147 48 46 70 52 95 37 157 125 152 74 75 103 126 72 0 14 98 62 163 152 103 113 87 45 197 99 70 124 44 154 47 52 56 64 102 51 169 138 156 88 61 117 134 76 14 0 105 70 164 95 112 9 115 78 94 66 153 74 61 49 69 53 137 51 3 106 76 83 63 101 149 86 31 34 98 105 0 36 84 112 91 45 88 51 127 67 124 85 26 85 42 18 108 18 33 72 101 86 94 77 119 78 64 21 62 70 36 0 110 33 195 76 198 122 119 69 182 46 127 70 117 120 170 128 85 182 129 160 26 184 182 169 89 93 163 164 84 110 0 
0 105 43 96 165 114 112 156 191 62 81 157 125 40 100 146 112 87 129 49 64 68 91 177 78 220 163 96 186 168 105 0 107 92 85 166 100 145 86 92 88 72 119 65 57 49 7 40 35 103 67 101 161 143 62 171 103 19 81 128 43 107 0 60 143 74 75 115 189 26 45 136 85 53 77 134 111 105 138 7 92 26 57 139 55 183 133 105 184 131 96 92 60 0 90 80 16 63 156 34 15 88 32 79 37 95 92 113 127 53 117 34 88 81 33 124 75 101 151 72 165 85 143 90 0 167 84 101 87 117 101 13 93 130 66 40 79 125 105 136 149 122 178 80 89 92 32 104 82 64 114 166 74 80 167 0 83 90 236 75 78 167 76 125 117 175 168 174 201 72 165 65 31 125 104 169 144 169 231 125 112 100 75 16 84 83 0 48 156 50 31 84 19 95 43 95 99 125 135 68 131 49 96 65 46 109 63 112 151 56 156 145 115 63 101 90 48 0 185 94 77 107 31 142 88 128 143 173 179 108 179 89 114 35 94 79 70 157 181 41 191 86 189 156 87 236 156 185 0 168 159 78 171 151 119 61 80 117 73 184 148 177 238 167 136 174 119 99 5 151 62 92 26 34 117 75 50 94 168 0 19 112 63 54 53 111 94 99 126 19 95 10 70 115 32 158 107 94 163 106 81 88 45 15 101 78 31 77 159 19 0 97 46 65 40 99 90 104 123 38 105 21 80 96 26 139 88 94 154 87 157 72 136 88 13 167 84 107 78 112 97 0 96 120 59 27 66 112 92 130 137 118 176 90 82 105 42 91 74 74 125 119 85 32 93 76 19 31 171 63 46 96 0 111 62 111 118 144 154 79 149 59 95 55 65 100 68 131 166 51 40 65 53 79 130 125 95 142 151 54 65 120 111 0 69 107 72 52 91 53 41 64 110 156 50 196 133 57 146 144 100 57 77 37 66 117 43 88 119 53 40 59 62 69 0 59 56 85 92 71 98 59 120 92 23 128 64 69 114 78 146 49 134 95 40 175 95 128 61 111 99 27 111 107 59 0 42 89 65 128 116 118 179 115 79 132 68 68 56 99 112 7 111 92 79 168 99 143 80 94 90 66 118 72 56 42 0 47 36 107 74 104 164 139 64 166 98 26 75 124 87 40 105 113 125 174 125 173 117 99 104 112 144 52 85 89 47 0 45 103 31 109 162 177 80 209 141 21 112 162 129 35 138 127 105 201 135 179 73 126 123 92 154 91 92 65 36 45 0 135 75 136 194 174 97 197 130 34 69 158 49 103 7 53 136 72 68 108 184 19 38 130 79 53 71 128 107 103 135 0 93 20 59 133 49 177 126 102 179 124 64 67 92 117 149 165 131 179 148 95 105 137 149 41 98 116 74 31 75 93 0 105 149 190 85 226 160 50 143 176 68 101 26 34 122 65 49 89 177 10 21 118 59 64 59 118 104 109 136 20 105 0 61 113 41 157 109 104 172 105 91 161 57 88 178 31 96 114 238 70 80 176 95 110 120 179 164 162 194 59 149 61 0 147 102 192 159 161 233 146 177 143 139 81 80 125 65 35 167 115 96 90 55 156 92 115 139 177 174 133 190 113 147 0 106 45 48 159 162 16 78 62 55 33 89 104 46 94 136 32 26 82 65 50 23 79 64 80 97 49 85 41 102 106 0 146 85 69 131 94 220 171 183 124 92 169 109 79 174 158 139 105 100 196 128 132 166 209 197 177 226 157 192 45 146 0 68 189 171 53 163 103 133 75 32 144 63 70 119 107 88 42 68 133 64 68 98 141 130 126 160 109 159 48 85 68 0 121 114 32 96 19 105 101 104 169 112 157 99 94 94 91 131 57 69 68 26 21 34 102 50 104 161 159 69 189 121 0 94 144 186 81 184 151 82 231 151 181 5 163 154 74 166 146 114 56 75 112 69 179 143 172 233 162 131 171 114 94 0 146 168 128 131 72 64 125 56 41 151 106 87 74 51 144 78 99 124 162 158 124 176 105 146 16 94 53 32 144 146 0 
0 33 165 94 27 78 31 131 15 133 61 127 139 168 61 196 20 94 41 116 35 25 87 56 120 85 131 151 149 36 33 0 167 63 13 105 22 104 21 128 94 118 159 172 28 208 31 63 28 124 68 9 100 61 106 113 131 160 152 69 165 167 0 157 155 131 146 145 158 49 178 65 91 11 174 67 184 214 139 54 176 163 84 110 85 134 36 38 16 177 94 63 157 0 67 149 66 42 79 109 153 94 183 165 40 214 94 63 58 133 129 70 122 85 74 157 123 166 145 130 27 13 155 67 0 93 9 104 12 118 86 109 146 160 38 195 34 76 18 111 62 8 87 48 99 101 119 147 140 63 78 105 131 149 93 0 88 172 84 122 51 126 69 129 130 137 96 168 92 77 62 96 50 65 133 8 107 102 115 62 31 22 146 66 9 88 0 101 16 109 87 100 138 151 42 186 41 83 10 102 64 17 79 39 91 96 110 138 131 65 131 104 145 42 104 172 101 0 116 96 186 80 193 154 82 208 135 102 91 137 164 109 136 107 60 180 117 164 135 165 15 21 158 79 12 84 16 116 0 123 75 115 140 161 49 193 27 84 26 111 50 12 84 48 107 92 122 147 142 51 133 128 49 109 118 122 109 96 123 0 161 16 110 58 129 112 150 168 100 53 152 126 72 78 36 127 23 69 39 153 61 94 178 153 86 51 87 186 75 161 0 161 119 177 122 188 71 153 95 124 27 85 94 87 160 53 150 153 162 26 127 118 65 94 109 126 100 80 115 16 161 0 122 74 116 128 141 154 91 64 148 117 77 74 20 132 37 84 55 149 139 159 91 183 146 69 138 193 140 110 119 122 0 83 178 71 159 220 137 58 130 151 61 101 138 66 88 53 82 131 168 172 11 165 160 129 151 154 161 58 177 74 83 0 179 56 187 220 144 54 177 168 85 113 94 131 42 30 20 178 61 28 174 40 38 130 42 82 49 129 122 116 178 179 0 221 57 42 41 137 96 37 117 77 101 138 138 173 159 97 196 208 67 214 195 137 186 208 193 112 188 128 71 56 221 0 216 263 182 84 195 202 109 147 148 135 93 48 73 196 20 31 184 94 34 96 41 135 27 150 71 141 159 187 57 216 0 82 51 136 44 27 107 74 132 103 149 171 168 45 94 63 214 63 76 168 83 102 84 168 153 154 220 220 42 263 82 0 83 179 126 72 159 119 136 176 178 215 200 127 41 28 139 58 18 92 10 91 26 100 95 91 137 144 41 182 51 83 0 98 73 26 76 36 81 100 103 134 124 74 116 124 54 133 111 77 102 137 111 53 124 64 58 54 137 84 136 179 98 0 123 118 31 63 80 81 32 36 38 124 35 68 176 129 62 62 64 164 50 152 27 148 130 177 96 195 44 126 73 123 0 60 92 74 146 66 145 155 160 1 25 9 163 70 8 96 17 109 12 126 85 117 151 168 37 202 27 72 26 118 60 0 94 55 107 104 127 154 148 61 87 100 84 122 87 50 79 136 84 72 94 77 61 85 117 109 107 159 76 31 92 94 0 40 87 55 57 64 69 93 56 61 110 85 48 65 39 107 48 78 87 74 101 113 77 147 74 119 36 63 74 55 40 0 73 73 75 99 94 75 120 106 85 74 99 133 91 60 107 36 160 20 138 94 101 148 132 136 81 80 146 107 87 73 0 139 57 104 75 147 85 113 134 157 101 8 96 180 92 127 53 132 66 131 138 135 103 176 100 81 66 104 55 73 139 0 112 103 119 67 131 131 36 123 119 107 110 117 122 23 150 37 88 42 138 93 149 178 103 32 145 127 57 75 57 112 0 47 22 146 151 160 38 166 147 102 138 164 147 69 153 84 53 30 173 48 171 215 134 36 155 154 64 99 104 103 47 0 32 156 149 152 16 145 140 115 131 135 142 39 162 55 82 20 159 73 168 200 124 38 160 148 69 94 75 119 22 32 0 161 36 69 177 130 63 62 65 165 51 153 26 149 131 178 97 196 45 127 74 124 1 61 93 75 147 67 146 156 161 0 
0 176 179 58 22 34 83 121 122 163 151 118 62 157 104 54 21 138 187 159 136 90 114 138 179 121 160 23 16 171 176 0 39 122 163 148 132 142 92 120 44 68 117 40 92 138 178 186 155 166 51 124 62 128 188 97 32 153 168 46 179 39 0 122 162 147 117 119 71 86 28 90 126 22 114 151 177 162 118 135 79 109 72 100 155 76 67 156 174 12 58 122 122 0 41 26 45 83 68 115 94 72 26 100 68 49 56 117 144 123 88 45 61 95 147 68 109 35 54 113 22 163 162 41 0 15 61 99 102 141 134 109 54 140 99 56 16 117 165 137 126 68 101 116 158 100 149 17 30 152 34 148 147 26 15 0 51 90 88 130 119 96 42 125 87 52 30 114 155 129 113 56 87 106 151 87 135 17 37 137 83 132 117 45 61 51 0 40 47 80 91 102 71 97 107 93 71 73 104 80 113 8 81 55 103 44 130 68 88 106 121 142 119 83 99 90 40 0 51 51 98 131 109 104 141 132 105 44 66 40 138 38 106 24 64 46 150 107 127 107 122 92 71 68 102 88 47 51 0 50 48 86 86 54 102 113 115 95 85 80 90 39 60 42 105 5 99 102 122 59 163 120 86 115 141 130 80 51 50 0 78 134 135 81 152 162 151 84 36 51 135 74 108 27 69 48 137 145 165 76 151 44 28 94 134 119 91 98 48 78 0 69 98 6 92 124 149 142 113 122 62 83 47 84 145 53 60 128 146 20 118 68 90 72 109 96 102 131 86 134 69 0 56 72 24 72 125 173 170 166 18 97 26 128 191 90 42 95 106 87 62 117 126 26 54 42 71 109 86 135 98 56 0 104 45 27 70 143 167 149 74 71 55 118 173 87 98 39 51 118 157 40 22 100 140 125 97 104 54 81 6 72 104 0 95 129 155 148 116 126 63 89 51 89 148 59 58 134 152 15 104 92 114 68 99 87 107 141 102 152 92 24 45 95 0 52 115 180 187 178 41 104 46 142 203 105 65 84 90 110 54 138 151 49 56 52 93 132 113 162 124 72 27 129 52 0 69 163 193 172 90 94 79 144 196 114 114 39 39 144 21 178 177 56 16 30 71 105 115 151 149 125 70 155 115 69 0 117 171 141 142 78 117 125 161 113 165 31 36 167 138 186 162 117 117 114 73 44 95 84 142 173 143 148 180 163 117 0 78 39 181 76 149 62 47 90 194 130 147 150 187 155 118 144 165 155 104 66 85 36 113 170 167 116 187 193 171 78 0 39 171 100 144 49 44 82 173 172 192 109 159 166 135 123 137 129 80 40 80 51 122 166 149 126 178 172 141 39 39 0 170 78 140 38 25 76 178 146 165 124 136 51 79 88 126 113 113 138 90 135 62 18 74 63 41 90 142 181 171 170 0 107 32 132 195 95 24 113 124 77 90 124 109 45 68 56 8 38 39 74 83 97 71 89 104 94 78 76 100 78 107 0 75 51 102 36 123 72 92 98 114 62 72 61 101 87 81 106 60 108 47 26 55 51 46 79 117 149 144 140 32 75 0 102 165 64 50 91 106 66 138 128 100 95 116 106 55 24 42 27 84 128 118 89 142 144 125 62 49 38 132 51 102 0 63 38 140 123 143 88 179 188 155 147 158 151 103 64 105 69 145 191 173 148 203 196 161 47 44 25 195 102 165 63 0 101 203 168 187 145 121 97 76 68 100 87 44 46 5 48 53 90 87 59 105 114 113 90 82 76 95 36 64 38 101 0 104 101 121 64 160 32 67 109 149 135 130 150 99 137 60 42 98 58 65 114 165 194 173 178 24 123 50 140 203 104 0 137 148 70 23 153 156 35 17 17 68 107 102 145 128 95 39 134 84 39 31 130 172 146 113 72 91 123 168 101 137 0 20 148 16 168 174 54 30 37 88 127 122 165 146 106 51 152 90 39 36 147 192 165 124 92 106 143 187 121 148 20 0 166 171 46 12 113 152 137 106 107 59 76 20 87 118 15 110 144 167 150 109 124 77 98 66 88 145 64 70 148 166 0 
0 88 58 21 75 111 73 156 99 108 84 115 93 83 81 72 14 114 83 68 72 51 118 37 103 100 128 23 28 85 88 0 139 90 90 43 18 84 130 27 163 27 146 141 168 30 100 130 36 32 159 105 85 73 68 126 115 105 70 129 58 139 0 49 86 168 122 213 142 153 90 166 123 113 33 116 54 161 123 125 54 48 176 69 161 146 182 36 86 124 21 90 49 0 56 120 73 165 120 105 100 117 113 103 78 68 31 135 76 78 80 30 134 23 118 121 147 16 45 106 75 90 86 56 0 131 73 174 170 89 156 112 168 158 119 60 87 181 57 98 132 38 163 39 145 169 184 68 88 158 111 43 168 120 131 0 58 45 117 61 170 37 142 139 192 72 120 110 79 43 177 141 50 108 38 110 84 132 86 123 73 18 122 73 73 58 0 101 128 36 151 45 140 134 151 14 86 131 25 32 145 87 94 55 76 124 122 88 58 124 156 84 213 165 174 45 101 0 144 93 208 65 173 172 236 114 164 131 118 88 219 186 65 153 64 136 95 177 130 154 99 130 142 120 170 117 128 144 0 157 80 147 33 38 144 138 92 23 151 98 111 150 79 131 82 8 59 117 82 19 108 27 153 105 89 61 36 93 157 0 187 28 173 168 183 37 121 157 32 59 180 113 109 84 93 153 141 120 94 156 84 163 90 100 156 170 151 208 80 187 0 187 49 42 76 154 70 103 166 133 39 123 150 121 144 88 138 88 93 62 115 27 166 117 112 37 45 65 147 28 187 0 167 162 195 54 127 143 55 54 186 131 87 100 73 141 121 132 96 149 93 146 123 113 168 142 140 173 33 173 49 167 0 10 120 147 82 55 160 114 84 142 111 129 109 41 92 107 85 19 83 141 113 103 158 139 134 172 38 168 42 162 10 0 110 139 72 61 152 109 74 132 111 120 108 46 96 97 77 20 81 168 33 78 119 192 151 236 144 183 76 195 120 110 0 146 72 165 154 149 37 81 192 100 180 150 193 63 106 125 72 30 116 68 60 72 14 114 138 37 154 54 147 139 146 0 86 142 13 45 144 77 108 47 90 135 135 83 62 132 14 100 54 31 87 120 86 164 92 121 70 127 82 72 72 86 0 110 97 78 59 60 122 51 108 95 128 25 34 77 114 130 161 135 181 110 131 131 23 157 103 143 55 61 165 142 110 0 155 99 133 165 66 142 72 15 39 135 93 41 83 36 123 76 57 79 25 118 151 32 166 55 160 152 154 13 97 155 0 57 155 81 119 54 101 148 147 92 75 145 68 32 125 78 98 43 32 88 98 59 133 54 114 109 149 45 78 99 57 0 135 101 65 68 47 94 90 89 44 97 72 159 54 80 132 177 145 219 111 180 39 186 84 74 37 144 59 133 155 135 0 95 168 103 158 118 163 65 91 92 51 105 48 30 38 141 87 186 150 113 123 131 142 132 81 77 60 165 81 101 95 0 162 33 145 151 177 36 75 136 118 85 176 134 163 50 94 65 79 109 150 87 111 111 192 108 122 66 119 65 168 162 0 130 18 71 34 141 90 92 37 73 69 23 39 108 55 153 131 84 121 100 129 120 100 47 51 142 54 68 103 33 130 0 113 130 148 39 49 119 103 68 161 118 145 38 76 64 82 93 144 73 109 108 180 90 108 72 101 47 158 145 18 113 0 74 48 126 75 90 100 126 146 121 169 110 124 136 8 153 88 141 41 46 150 135 95 15 148 94 118 151 71 130 74 0 51 120 81 26 128 115 182 147 184 84 122 95 59 141 138 121 92 96 193 135 128 39 147 90 163 177 34 148 48 51 0 151 102 76 23 105 36 16 68 132 88 177 117 120 88 132 107 97 63 83 25 135 92 89 65 36 141 39 126 120 151 0 51 102 28 70 86 45 88 86 58 130 82 94 93 96 85 77 106 62 34 93 75 44 91 75 90 49 75 81 102 51 0 72 85 129 124 106 158 123 124 154 19 156 62 149 19 20 125 132 77 41 145 97 92 136 92 119 90 26 76 102 72 0 
0 105 189 189 57 185 102 109 167 184 175 197 67 159 37 122 145 179 187 48 131 43 20 118 72 66 37 96 20 177 105 0 84 85 76 84 47 107 88 147 108 98 38 115 86 126 58 95 122 79 27 72 88 51 36 54 100 18 105 78 189 84 0 11 155 30 105 161 82 159 105 41 122 133 169 177 67 72 114 158 61 155 172 93 120 132 183 95 188 50 189 85 11 0 159 19 101 154 72 149 94 30 122 123 171 170 60 62 104 156 65 157 173 88 121 130 185 93 186 60 57 76 155 159 0 160 98 136 158 200 174 174 51 170 21 153 129 166 187 75 94 17 38 112 41 71 31 76 71 131 185 84 30 19 160 0 91 140 53 130 75 15 118 104 170 154 46 43 85 147 69 156 169 76 120 122 184 89 179 77 102 47 105 101 98 91 0 61 65 103 76 99 47 72 101 80 45 77 89 58 68 88 91 16 60 36 115 30 92 118 109 107 161 154 136 140 61 0 95 77 89 144 91 60 128 19 94 111 95 63 129 120 110 68 106 66 137 89 91 179 167 88 82 72 158 53 65 95 0 77 24 52 109 51 164 106 31 16 37 122 90 150 156 49 117 101 178 82 156 120 184 147 159 149 200 130 103 77 77 0 55 126 149 32 197 73 101 88 48 136 158 186 182 96 163 129 209 133 168 196 175 108 105 94 174 75 76 89 24 55 0 71 123 34 177 97 53 33 14 128 113 164 167 62 134 111 191 99 162 144 197 98 41 30 174 15 99 144 52 126 71 0 130 103 183 157 54 38 79 157 84 169 181 84 133 133 197 101 190 90 67 38 122 122 51 118 47 91 109 149 123 130 0 119 55 110 82 119 136 45 64 41 51 61 15 26 69 29 67 113 159 115 133 123 170 104 72 60 51 32 34 103 119 0 168 64 70 65 36 111 127 157 156 64 132 100 181 101 145 166 37 86 169 171 21 170 101 128 164 197 177 183 55 168 0 144 137 174 190 65 108 14 20 116 50 68 14 84 53 150 122 126 177 170 153 154 80 19 106 73 97 157 110 64 144 0 110 122 100 79 148 137 126 85 125 84 153 108 103 197 145 58 67 60 129 46 45 94 31 101 53 54 82 70 137 110 0 37 67 103 60 123 132 30 88 80 151 53 137 96 179 95 72 62 166 43 77 111 16 88 33 38 119 65 174 122 37 0 42 135 92 160 168 61 125 113 188 90 169 115 187 122 114 104 187 85 89 95 37 48 14 79 136 36 190 100 67 42 0 139 127 177 179 76 148 123 204 113 173 157 48 79 158 156 75 147 58 63 122 136 128 157 45 111 65 79 103 135 139 0 106 58 47 74 59 26 74 64 34 157 131 27 61 65 94 69 68 129 90 158 113 84 64 127 108 148 60 92 127 106 0 94 112 66 59 81 122 43 131 51 43 72 155 157 17 156 88 120 150 186 164 169 41 157 14 137 123 160 177 58 94 0 23 102 36 57 28 70 55 137 20 88 172 173 38 169 91 110 156 182 167 181 51 156 20 126 132 168 179 47 112 23 0 107 53 56 27 80 33 157 118 51 93 88 112 76 16 68 49 96 62 84 61 64 116 85 30 61 76 74 66 102 107 0 72 52 130 37 108 112 72 36 120 121 41 120 60 106 117 163 134 133 15 132 50 125 88 125 148 59 59 36 53 72 0 41 64 35 75 105 66 54 132 130 71 122 36 66 101 129 111 133 26 100 68 84 80 113 123 26 81 57 56 52 41 0 81 38 57 132 37 100 183 185 31 184 115 137 178 209 191 197 69 181 14 153 151 188 204 74 122 28 27 130 64 81 0 98 56 162 96 18 95 93 76 89 30 89 82 133 99 101 29 101 84 108 53 90 113 64 43 70 80 37 35 38 98 0 93 94 20 105 188 186 71 179 92 91 156 168 162 190 67 145 53 103 137 169 173 34 131 55 33 108 75 57 56 93 0 180 177 78 50 60 131 77 118 179 120 196 144 90 113 166 150 197 96 115 157 157 51 137 157 112 105 132 162 94 180 0 
