0 94 63 84 167 83 68 76 73 79 18 78 101 164 60 67 133 94 71 122 73 53 97 113 167 167 166 77 97 168 94 0 111 164 106 25 156 18 25 29 112 78 54 198 41 42 178 185 28 183 99 143 75 169 173 134 186 130 148 110 63 111 0 61 137 88 66 97 86 112 71 43 83 103 98 106 74 98 83 72 21 62 64 58 106 119 103 19 39 135 84 164 61 0 198 144 24 148 139 159 77 104 144 109 141 149 77 43 137 51 82 37 125 51 140 174 126 50 53 195 167 106 137 198 0 95 202 116 108 134 185 95 66 168 141 145 165 234 107 187 116 196 73 172 119 50 143 148 154 6 83 25 88 144 95 0 139 22 13 43 101 53 33 173 46 50 153 169 13 160 74 127 51 145 149 114 162 107 124 98 68 156 66 24 202 139 0 138 132 146 57 107 144 131 127 135 99 32 129 75 87 15 129 73 158 185 146 61 71 201 76 18 97 148 116 22 138 0 12 21 94 69 55 189 25 29 167 167 15 169 87 125 72 155 168 136 179 116 135 119 73 25 86 139 108 13 132 12 0 33 91 57 45 177 33 38 155 161 3 158 75 119 60 144 156 126 167 105 124 111 79 29 112 159 134 43 146 21 33 0 95 90 76 209 19 14 185 173 36 184 106 132 93 170 189 157 200 131 151 138 18 112 71 77 185 101 57 94 91 95 0 93 119 168 76 82 137 80 89 121 85 42 114 114 177 182 174 82 101 185 78 78 43 104 95 53 107 69 57 90 93 0 40 120 82 90 100 139 54 109 24 101 22 94 101 89 110 59 73 95 101 54 83 144 66 33 144 55 45 76 119 40 0 152 77 83 137 176 43 148 64 136 25 133 120 81 136 99 112 68 164 198 103 109 168 173 131 189 177 209 168 120 152 0 198 206 32 150 174 61 104 140 127 58 55 122 29 87 67 162 60 41 98 141 141 46 127 25 33 19 76 82 77 198 0 8 172 154 34 170 94 113 90 156 183 158 191 117 137 144 67 42 106 149 145 50 135 29 38 14 82 90 83 206 8 0 180 161 40 178 102 120 97 164 191 164 199 125 145 148 133 178 74 77 165 153 99 167 155 185 137 100 137 32 172 180 0 119 152 31 80 108 112 26 70 126 50 56 36 161 94 185 98 43 234 169 32 167 161 173 80 139 176 150 154 161 119 0 159 89 119 42 161 93 183 215 168 91 96 233 71 28 83 137 107 13 129 15 3 36 89 54 43 174 34 40 152 159 0 155 72 117 57 141 154 124 164 102 121 110 122 183 72 51 187 160 75 169 158 184 121 109 148 61 170 178 31 89 155 0 86 86 124 15 101 152 81 53 36 183 73 99 21 82 116 74 87 87 75 106 85 24 64 104 94 102 80 119 72 86 0 83 43 71 95 100 98 35 50 114 53 143 62 37 196 127 15 125 119 132 42 101 136 140 113 120 108 42 117 86 83 0 123 82 162 181 152 63 76 196 97 75 64 125 73 51 129 72 60 93 114 22 25 127 90 97 112 161 57 124 43 123 0 109 98 71 111 78 89 73 113 169 58 51 172 145 73 155 144 170 114 94 133 58 156 164 26 93 141 15 71 82 109 0 92 138 75 39 21 168 167 173 106 140 119 149 158 168 156 189 177 101 120 55 183 191 70 183 154 101 95 162 98 92 0 69 26 99 87 113 167 134 119 174 50 114 185 136 126 157 182 89 81 122 158 164 126 215 124 152 100 181 71 138 69 0 95 124 124 44 166 186 103 126 143 162 146 179 167 200 174 110 136 29 191 199 50 168 164 81 98 152 111 75 26 95 0 92 76 137 77 130 19 50 148 107 61 116 105 131 82 59 99 87 117 125 56 91 102 53 35 63 78 39 99 124 92 0 20 145 97 148 39 53 154 124 71 135 124 151 101 73 112 67 137 145 36 96 121 36 50 76 89 21 87 124 76 20 0 151 168 110 135 195 6 98 201 119 111 138 185 95 68 162 144 148 161 233 110 183 114 196 73 168 113 44 137 145 151 0 
0 77 98 155 63 96 42 110 107 100 40 150 73 74 47 57 160 104 85 127 152 56 25 70 15 34 90 177 74 141 77 0 118 86 70 71 86 82 45 61 52 97 33 100 92 74 97 34 65 70 75 102 92 123 75 44 109 105 47 99 98 118 0 145 153 175 56 66 107 172 74 215 140 24 51 150 215 117 166 188 166 154 121 166 83 106 9 219 73 213 155 86 145 0 155 145 145 79 48 131 118 139 116 140 149 160 123 52 145 118 41 187 174 208 147 126 138 106 87 153 63 70 153 155 0 36 101 142 115 47 79 95 39 129 107 9 112 104 25 79 135 41 55 61 74 47 144 136 102 81 96 71 175 145 36 0 129 152 114 15 101 59 38 154 135 45 77 100 11 46 117 76 91 94 105 71 166 103 114 45 42 86 56 145 101 129 0 83 99 129 34 177 98 32 6 96 182 102 118 151 154 98 65 111 27 58 48 191 58 170 110 82 66 79 142 152 83 0 49 143 70 175 114 65 83 142 168 63 146 148 106 160 134 178 97 97 61 164 40 180 107 45 107 48 115 114 99 49 0 103 70 127 78 97 103 119 119 15 110 101 59 144 128 165 99 81 99 115 41 135 100 61 172 131 47 15 129 143 103 0 99 50 32 151 135 56 65 88 22 32 102 88 100 106 107 71 163 89 107 41 40 52 74 118 79 101 34 70 70 99 0 145 67 53 40 78 148 70 92 118 122 90 64 108 29 32 65 157 34 140 150 97 215 139 95 59 177 175 127 50 145 0 79 196 183 104 24 112 70 27 100 135 150 153 155 119 206 55 144 22 73 33 140 116 39 38 98 114 78 32 67 79 0 119 104 46 87 66 32 54 96 77 79 98 76 40 131 105 76 73 74 100 24 140 129 154 32 65 97 151 53 196 119 0 28 126 197 104 144 169 156 130 97 143 59 84 16 204 58 192 47 92 51 149 107 135 6 83 103 135 40 183 104 28 0 102 188 106 124 157 158 103 70 115 33 64 44 197 62 176 57 74 150 160 9 45 96 142 119 56 78 104 46 126 102 0 121 108 34 88 142 32 47 53 69 46 141 144 102 90 160 97 215 123 112 77 182 168 119 65 148 24 87 197 188 121 0 105 87 33 83 153 163 171 163 127 206 31 143 46 104 34 117 52 104 100 102 63 15 88 70 112 66 104 106 108 105 0 98 86 52 135 122 156 98 74 109 102 46 120 85 65 166 145 25 11 118 146 110 22 92 70 32 144 124 34 87 98 0 54 120 66 80 84 94 60 157 111 107 56 127 70 188 118 79 46 151 148 101 32 118 27 54 169 157 88 33 86 54 0 82 120 130 138 130 94 179 57 117 35 152 75 166 41 135 117 154 106 59 102 122 100 96 156 158 142 83 52 120 82 0 173 167 194 148 119 158 65 98 116 56 102 154 187 41 76 98 160 144 88 90 135 77 130 103 32 153 135 66 120 173 0 33 21 71 64 146 176 120 119 25 92 121 174 55 91 65 134 128 100 64 150 79 97 70 47 163 122 80 130 167 33 0 46 39 48 113 184 97 136 70 123 166 208 61 94 111 178 165 106 108 153 98 143 115 53 171 156 84 138 194 21 46 0 85 84 159 195 140 134 15 75 83 147 74 105 27 97 99 107 29 155 76 59 33 69 163 98 94 130 148 71 39 85 0 36 75 178 63 148 34 44 106 126 47 71 58 97 81 71 32 119 40 84 64 46 127 74 60 94 119 64 48 84 36 0 97 143 57 112 90 109 9 138 144 166 48 61 99 163 65 206 131 16 44 141 206 109 157 179 158 146 113 159 75 97 0 210 64 204 177 105 219 106 136 103 191 164 115 89 157 55 105 204 197 144 31 102 111 57 65 176 184 195 178 143 210 0 146 77 74 47 73 87 102 114 58 40 41 107 34 144 76 58 62 102 143 46 107 117 98 120 97 140 63 57 64 146 0 146 141 99 213 153 81 45 170 180 135 41 140 22 73 192 176 90 46 120 56 35 116 119 136 134 148 112 204 77 146 0 
0 93 92 68 154 76 63 113 102 73 36 147 10 89 122 53 95 134 61 55 81 45 47 91 51 104 34 159 64 60 93 0 24 143 93 158 76 58 36 101 121 95 94 113 185 136 7 44 34 124 147 103 70 52 61 58 115 98 116 102 92 24 0 150 117 163 59 82 60 116 115 119 95 130 198 128 31 45 31 132 157 91 58 28 49 82 108 122 102 115 68 143 150 0 170 18 131 137 136 62 81 158 59 67 54 92 142 187 119 19 17 107 115 157 117 127 86 175 123 49 154 93 117 170 0 188 166 42 60 108 190 14 150 108 189 207 86 105 118 152 164 184 156 145 147 50 187 5 202 122 76 158 163 18 188 0 138 155 154 80 81 176 69 85 56 88 158 202 132 37 31 110 123 167 127 145 87 193 124 67 63 76 59 131 166 138 0 125 106 123 68 163 72 139 184 76 82 102 48 117 143 38 16 40 20 120 60 171 44 113 113 58 82 137 42 155 125 0 22 77 148 38 109 82 164 165 51 84 77 118 133 142 115 109 106 10 145 47 160 88 102 36 60 136 60 154 106 22 0 82 136 59 100 91 170 152 29 65 58 117 135 126 96 87 87 23 131 65 142 89 73 101 116 62 108 80 123 77 82 0 106 96 64 16 88 122 97 143 89 45 56 117 107 131 104 67 106 113 136 16 36 121 115 81 190 81 68 148 136 106 0 183 42 120 135 17 125 160 87 76 98 31 58 105 66 140 8 195 44 91 147 95 119 158 14 176 163 38 59 96 183 0 142 95 176 200 88 112 115 141 151 179 153 146 144 44 180 17 197 111 10 94 95 59 150 69 72 109 100 64 42 142 0 79 112 59 96 137 64 45 71 55 56 98 58 100 42 155 74 50 89 113 130 67 108 85 139 82 91 16 120 95 79 0 82 135 109 154 104 54 57 133 123 146 120 72 121 112 152 29 122 185 198 54 189 56 184 164 170 88 135 176 112 82 0 144 183 229 167 67 41 161 168 206 169 154 140 193 177 83 53 136 128 92 207 88 76 165 152 122 17 200 59 135 144 0 140 173 102 89 109 38 70 116 79 157 21 212 43 106 95 7 31 142 86 158 82 51 29 97 125 88 96 109 183 140 0 46 38 123 145 109 76 59 67 51 119 91 122 100 134 44 45 187 105 202 102 84 65 143 160 112 137 154 229 173 46 0 73 168 191 136 103 65 94 88 153 109 146 146 61 34 31 119 118 132 48 77 58 89 87 115 64 104 167 102 38 73 0 101 126 71 38 42 29 73 81 123 84 86 55 124 132 19 152 37 117 118 117 45 76 141 45 54 67 89 123 168 101 0 26 98 101 140 102 108 80 157 116 30 81 147 157 17 164 31 143 133 135 56 98 151 71 57 41 109 145 191 126 26 0 122 127 165 128 123 102 168 139 46 45 103 91 107 184 110 38 142 126 117 31 179 55 133 161 38 109 136 71 98 122 0 33 78 42 135 24 189 19 104 47 70 58 115 156 123 16 115 96 107 58 153 56 123 168 70 76 103 38 101 127 33 0 47 9 109 50 161 46 97 91 52 28 157 145 167 40 109 87 131 105 146 98 146 206 116 59 65 42 140 165 78 47 0 40 107 97 150 83 128 51 61 49 117 147 127 20 106 87 104 66 144 58 120 169 79 67 94 29 102 128 42 9 40 0 101 59 152 55 96 104 58 82 127 50 145 120 10 23 67 140 44 100 72 154 157 51 88 73 108 123 135 109 107 101 0 137 55 153 78 34 115 108 86 187 87 60 145 131 106 8 180 42 121 140 21 119 153 81 80 102 24 50 97 59 137 0 192 37 92 159 98 122 175 5 193 171 47 65 113 195 17 155 112 193 212 91 109 123 157 168 189 161 150 152 55 192 0 207 127 64 116 102 123 202 124 44 160 142 136 44 197 74 152 177 43 122 146 84 116 139 19 46 83 55 153 37 207 0 123 60 102 115 49 122 67 113 88 89 16 91 111 50 29 83 106 100 146 86 30 46 104 97 128 96 78 92 127 123 0 
0 102 46 92 52 69 112 71 101 76 103 92 96 67 170 80 125 120 63 32 92 97 135 118 98 56 42 81 44 85 102 0 60 57 110 161 214 158 203 80 155 170 197 151 190 179 226 18 100 121 160 115 224 181 180 80 99 166 125 180 46 60 0 47 53 101 156 98 147 43 104 132 137 109 155 119 166 78 49 74 103 76 164 128 121 28 65 124 83 131 92 57 47 0 71 130 192 122 187 29 104 179 170 156 133 152 199 67 55 121 114 60 183 132 139 41 112 171 130 177 52 110 53 71 0 59 124 51 123 44 53 140 100 115 118 82 129 127 18 82 50 49 114 75 70 31 93 127 95 123 69 161 101 130 59 0 68 13 71 103 71 122 43 99 143 25 70 179 77 81 48 100 66 70 35 89 106 105 93 88 112 214 156 192 124 68 0 80 22 168 135 107 25 95 205 43 21 232 142 102 111 168 79 125 86 151 132 91 108 63 71 158 98 122 51 13 80 0 84 93 58 132 55 109 130 37 81 175 67 87 35 88 66 58 28 82 111 115 100 100 101 203 147 187 123 71 22 84 0 164 142 85 36 75 214 48 43 221 141 86 119 169 98 136 97 146 115 69 90 41 76 80 43 29 44 103 168 93 164 0 75 168 144 143 114 126 173 94 26 108 85 36 154 103 110 20 106 157 119 158 103 155 104 104 53 71 135 58 142 75 0 184 110 159 73 95 133 169 55 130 24 48 92 28 53 76 145 169 143 157 92 170 132 179 140 122 107 132 85 168 184 0 112 25 256 111 128 186 154 60 166 188 174 190 157 148 71 17 49 44 96 197 137 170 100 43 25 55 36 144 110 112 0 96 181 18 29 215 118 93 86 143 62 101 62 129 123 95 102 70 67 151 109 156 115 99 95 109 75 143 159 25 96 0 231 91 115 168 129 35 142 163 155 167 134 123 52 15 27 36 170 190 155 133 118 143 205 130 214 114 73 256 181 231 0 166 199 200 110 200 95 79 146 80 119 127 210 241 213 230 80 179 119 152 82 25 43 37 48 126 95 111 18 91 166 0 47 197 100 82 71 125 64 89 50 111 111 94 93 72 125 226 166 199 129 70 21 81 43 173 133 128 29 115 199 47 0 244 147 119 109 169 63 119 81 158 149 112 126 84 120 18 78 67 127 179 232 175 221 94 169 186 215 168 200 197 244 0 116 139 176 127 241 196 197 96 116 183 142 198 63 100 49 55 18 77 142 67 141 26 55 154 118 129 110 100 147 116 0 95 60 34 128 81 84 21 100 142 107 139 32 121 74 121 82 81 102 87 86 108 130 60 93 35 200 82 119 139 95 0 116 129 145 142 115 88 30 50 13 59 92 160 103 114 50 48 111 35 119 85 24 166 86 142 95 71 109 176 60 116 0 65 72 26 29 80 134 150 129 135 97 115 76 60 49 100 168 88 169 36 48 188 143 163 79 125 169 127 34 129 65 0 137 76 94 48 134 176 141 172 135 224 164 183 114 66 79 66 98 154 92 174 62 155 146 64 63 241 128 145 72 137 0 68 44 145 172 157 156 132 118 181 128 132 75 70 125 58 136 103 28 190 101 167 80 89 119 196 81 142 26 76 68 0 39 102 160 173 155 158 98 180 121 139 70 35 86 28 97 110 53 157 62 134 119 50 81 197 84 115 29 94 44 39 0 101 139 140 128 121 56 80 28 41 31 89 151 82 146 20 76 148 129 123 127 111 158 96 21 88 80 48 145 102 101 0 87 137 99 139 42 99 65 112 93 106 132 111 115 106 145 71 123 52 210 111 149 116 100 30 134 134 172 160 139 87 0 67 27 84 81 166 124 171 127 105 91 115 69 157 169 17 95 15 241 94 112 183 142 50 150 176 157 173 140 137 67 0 42 28 44 125 83 130 95 93 108 100 90 119 143 49 102 27 213 93 126 142 107 13 129 141 156 155 128 99 27 42 0 57 85 180 131 177 123 88 63 100 41 158 157 44 70 36 230 72 84 198 139 59 135 172 132 158 121 139 84 28 57 0 
0 50 156 102 152 9 81 63 39 99 145 58 117 104 122 172 76 72 135 95 47 63 150 50 148 119 45 103 36 21 50 0 202 108 195 58 119 101 11 86 128 93 144 152 169 195 126 121 183 145 95 68 177 66 166 154 87 129 14 65 156 202 0 153 16 152 88 104 191 185 213 112 97 53 34 118 87 102 26 74 109 156 94 145 124 72 151 104 189 137 102 108 153 0 139 109 73 68 103 37 62 64 59 126 131 93 126 136 149 139 99 41 85 52 63 82 142 49 105 88 152 195 16 139 0 148 78 95 185 173 199 103 82 54 34 102 88 104 34 77 105 146 78 136 108 58 152 90 183 132 9 58 152 109 148 0 81 65 48 108 154 60 119 99 118 174 69 63 130 88 43 71 152 57 151 120 36 105 44 23 81 119 88 73 78 81 0 18 109 99 135 26 44 53 60 99 58 72 78 67 44 68 72 58 81 39 99 35 108 60 63 101 104 68 95 65 18 0 91 89 128 8 55 63 74 110 58 69 91 71 34 53 87 41 90 56 88 43 90 42 39 11 191 103 185 48 109 91 0 85 129 83 136 141 158 188 115 111 172 134 84 62 169 58 160 145 78 121 4 54 99 86 185 37 173 108 99 89 85 0 46 82 95 152 159 130 144 149 177 159 111 39 122 54 100 116 144 83 89 91 145 128 213 62 199 154 135 128 129 46 0 122 117 188 193 133 184 193 211 199 155 84 135 99 106 142 190 109 132 137 58 93 112 64 103 60 26 8 83 82 122 0 59 71 82 114 62 72 99 77 35 45 92 33 92 63 86 45 82 37 117 144 97 59 82 119 44 55 136 95 117 59 0 86 82 55 100 116 99 106 88 80 33 78 37 25 143 15 136 96 104 152 53 126 54 99 53 63 141 152 188 71 86 0 20 129 34 50 31 25 57 116 101 104 122 65 98 84 138 87 122 169 34 131 34 118 60 74 158 159 193 82 82 20 0 119 54 70 18 44 75 127 91 115 115 58 118 84 156 104 172 195 118 93 102 174 99 110 188 130 133 114 55 129 119 0 151 167 132 153 143 127 28 130 30 65 198 69 189 151 76 126 87 126 88 69 58 58 115 144 184 62 100 34 54 151 0 16 64 19 33 105 123 90 137 86 64 93 112 63 72 121 102 136 104 63 72 69 111 149 193 72 116 50 70 167 16 0 77 29 38 110 139 95 153 102 51 107 107 63 135 183 26 149 34 130 78 91 172 177 211 99 99 31 18 132 64 77 0 48 88 144 105 132 131 75 128 102 169 118 95 145 74 139 77 88 67 71 134 159 199 77 106 25 44 153 19 29 48 0 52 122 125 107 143 88 80 102 131 82 47 95 109 99 105 43 44 34 84 111 155 35 88 57 75 143 33 38 88 52 0 72 116 57 123 82 55 76 81 30 63 68 156 41 146 71 68 53 62 39 84 45 80 116 127 127 105 110 144 122 72 0 112 15 98 95 106 65 64 53 150 177 94 85 78 152 72 87 169 122 135 92 33 101 91 28 123 139 105 125 116 112 0 111 31 37 171 48 169 129 50 66 145 52 136 57 58 41 58 54 99 33 78 104 115 130 90 95 132 107 57 15 111 0 102 90 92 63 59 38 148 166 124 63 108 151 81 90 160 100 106 92 37 122 115 30 137 153 131 143 123 98 31 102 0 57 178 47 161 128 119 154 72 82 58 120 39 56 145 116 142 63 25 65 58 65 86 102 75 88 82 95 37 90 57 0 137 33 145 98 45 87 151 142 152 36 99 88 78 144 190 86 143 98 118 198 64 51 128 80 55 106 171 92 178 137 0 131 74 54 103 129 104 49 90 105 35 43 121 83 109 45 15 84 84 69 93 107 102 102 76 65 48 63 47 33 131 0 121 82 36 14 189 105 183 44 108 90 4 89 132 82 136 138 156 189 112 107 169 131 81 64 169 59 161 145 74 121 0 52 21 65 137 88 132 23 60 42 54 91 137 37 96 87 104 151 63 63 118 82 30 53 129 38 128 98 54 82 52 0 
0 99 52 181 9 115 88 74 132 23 30 82 90 40 46 45 106 52 113 91 99 62 72 58 123 143 156 132 19 74 99 0 134 165 108 167 134 160 185 104 96 105 179 117 126 112 24 137 65 21 4 58 74 71 74 222 119 142 80 157 52 134 0 233 48 157 137 102 172 33 82 134 109 85 86 94 132 87 161 131 133 80 124 68 172 169 208 184 63 106 181 165 233 0 185 113 106 169 117 203 151 99 185 153 156 142 189 163 100 146 169 199 114 208 92 177 50 53 175 161 9 108 48 185 0 113 89 68 130 25 34 86 83 38 43 46 115 47 120 100 108 70 79 65 131 137 163 136 28 69 115 167 157 113 113 0 33 66 18 138 88 62 76 75 71 70 186 71 125 146 170 165 93 166 127 68 125 63 121 58 88 134 137 106 89 33 0 63 51 111 60 30 81 52 52 43 153 57 94 113 137 133 60 137 99 94 106 53 93 55 74 160 102 169 68 66 63 0 76 93 64 85 19 43 34 51 173 24 145 145 162 136 101 132 152 69 167 116 90 8 132 185 172 117 130 18 51 76 0 155 105 80 82 92 87 87 204 85 141 164 188 182 111 183 142 60 136 71 138 69 23 104 33 203 25 138 111 93 155 0 53 105 105 63 68 68 104 72 128 99 103 54 91 45 139 162 175 155 30 94 30 96 82 151 34 88 60 64 105 53 0 52 83 21 30 18 109 41 91 81 98 77 47 78 100 129 130 102 33 61 82 105 134 99 86 62 30 85 80 105 52 0 104 56 60 44 126 70 64 84 108 114 31 119 69 124 84 51 79 77 90 179 109 185 83 76 81 19 82 105 83 104 0 62 53 70 192 42 164 164 181 152 120 148 171 60 186 132 107 27 40 117 85 153 38 75 52 43 92 63 21 56 62 0 9 12 130 20 107 102 119 96 62 95 115 108 139 101 50 40 46 126 86 156 43 71 52 34 87 68 30 60 53 9 0 19 139 11 115 111 128 104 70 103 123 99 144 104 58 31 45 112 94 142 46 70 43 51 87 68 18 44 70 12 19 0 126 30 96 95 113 95 51 96 104 111 127 91 51 46 106 24 132 189 115 186 153 173 204 104 109 126 192 130 139 126 0 150 89 44 20 52 95 65 98 237 143 165 87 170 52 137 87 163 47 71 57 24 85 72 41 70 42 20 11 30 150 0 126 122 139 113 81 110 134 91 154 110 67 22 113 65 161 100 120 125 94 145 141 128 91 64 164 107 115 96 89 126 0 47 69 106 45 118 11 188 55 83 98 138 91 21 131 146 100 146 113 145 164 99 81 84 164 102 111 95 44 122 47 0 24 63 53 76 57 203 102 121 72 141 99 4 133 169 108 170 137 162 188 103 98 108 181 119 128 113 20 139 69 24 0 55 77 68 78 224 123 145 80 159 62 58 80 199 70 165 133 136 182 54 77 114 152 96 104 95 52 113 106 63 55 0 87 13 117 203 161 162 46 135 72 74 124 114 79 93 60 101 111 91 47 31 120 62 70 51 95 81 45 53 77 87 0 95 53 152 84 75 62 94 58 71 68 208 65 166 137 132 183 45 78 119 148 95 103 96 65 110 118 76 68 13 95 0 129 201 172 169 45 132 123 74 172 92 131 127 99 152 142 139 100 69 171 115 123 104 98 134 11 57 78 117 53 129 0 193 45 81 109 145 143 222 169 177 137 68 94 69 60 162 129 124 60 108 99 111 237 91 188 203 224 203 152 201 193 0 193 130 157 69 156 119 208 50 163 125 106 167 136 175 130 84 186 139 144 127 143 154 55 102 123 161 84 172 45 193 0 65 146 159 132 142 184 53 136 63 53 116 71 155 102 51 132 101 104 91 165 110 83 121 145 162 75 169 81 130 65 0 130 108 19 80 63 175 28 121 93 90 138 30 33 79 107 50 58 51 87 67 98 72 80 46 62 45 109 157 146 130 0 89 74 157 106 161 69 58 55 8 69 94 61 77 27 40 31 46 170 22 138 141 159 135 94 132 145 69 159 108 89 0 
0 92 149 80 30 53 34 28 90 25 82 118 135 65 78 35 120 29 95 72 14 81 116 111 95 90 113 88 10 140 92 0 99 160 64 49 75 120 103 89 115 42 65 137 160 126 48 106 114 156 85 168 97 62 38 90 102 92 92 79 149 99 0 229 122 135 115 176 198 162 205 134 39 151 227 183 52 175 209 176 151 194 44 161 65 187 54 188 155 23 80 160 229 0 107 111 114 56 93 71 72 170 212 117 7 49 196 55 88 104 79 96 196 149 172 105 193 101 74 218 30 64 122 107 0 36 18 58 93 40 92 95 105 77 106 65 90 53 101 92 29 104 94 95 65 89 93 88 33 111 53 49 135 111 36 0 54 75 64 42 70 65 108 112 111 81 91 59 74 124 40 133 117 60 70 56 119 56 47 118 34 75 115 114 18 54 0 61 111 52 108 110 104 62 112 68 91 63 118 81 40 95 82 113 66 107 79 106 42 107 28 120 176 56 58 75 61 0 95 36 80 140 163 67 52 7 148 24 97 63 35 65 142 130 123 100 137 97 28 168 90 103 198 93 93 64 111 95 0 65 21 91 168 154 98 95 151 71 11 158 76 160 181 62 133 15 183 12 80 181 25 89 162 71 40 42 52 36 65 0 57 106 142 89 71 39 126 17 70 94 12 99 134 94 102 67 131 64 15 150 82 115 205 72 92 70 108 80 21 57 0 109 178 144 77 79 161 57 17 143 69 144 185 83 140 36 184 32 72 188 118 42 134 170 95 65 110 140 91 106 109 0 97 172 172 145 82 123 102 187 105 198 138 31 79 76 144 79 112 113 135 65 39 212 105 108 104 163 168 142 178 97 0 154 211 170 17 157 179 178 133 195 63 125 40 155 73 157 138 16 65 137 151 117 77 112 62 67 154 89 144 172 154 0 111 71 144 87 159 25 79 43 108 172 121 155 99 153 74 152 78 160 227 7 106 111 112 52 98 71 77 172 211 111 0 45 195 54 94 97 78 89 194 152 171 110 189 106 73 217 35 126 183 49 65 81 68 7 95 39 79 145 170 71 45 0 155 25 96 65 41 65 149 133 130 101 144 98 34 175 120 48 52 196 90 91 91 148 151 126 161 82 17 144 195 155 0 141 162 167 117 183 65 109 25 138 74 140 123 31 29 106 175 55 53 59 63 24 71 17 57 123 157 87 54 25 141 0 73 87 24 89 145 108 117 76 142 73 21 164 95 114 209 88 101 74 118 97 11 70 17 102 179 159 94 96 162 73 0 160 82 161 191 73 144 26 192 23 85 192 72 156 176 104 92 124 81 63 158 94 143 187 178 25 97 65 167 87 160 0 86 18 133 183 143 161 124 158 80 177 14 85 151 79 29 40 40 35 76 12 69 105 133 79 78 41 117 24 82 86 0 94 122 98 93 76 119 74 7 140 81 168 194 96 104 133 95 65 160 99 144 198 195 43 89 65 183 89 161 18 94 0 151 192 159 165 142 162 87 194 116 97 44 196 94 117 82 142 181 134 185 138 63 108 194 149 65 145 191 133 122 151 0 159 59 173 10 173 124 52 111 62 161 149 95 60 113 130 62 94 83 31 125 172 152 133 109 108 73 183 98 192 159 0 100 47 163 51 105 140 95 38 65 172 65 70 66 123 133 102 140 79 40 121 171 130 25 117 144 143 93 159 59 100 0 122 66 123 98 48 90 90 187 105 89 56 107 100 15 67 36 76 155 155 110 101 138 76 26 161 76 165 173 47 122 0 175 4 82 169 113 102 54 193 93 119 79 137 183 131 184 144 73 99 189 144 74 142 192 124 119 142 10 163 66 175 0 175 121 62 88 92 188 101 88 56 106 97 12 64 32 79 157 153 106 98 140 73 23 158 74 162 173 51 123 4 175 0 79 170 10 92 155 74 33 47 42 28 80 15 72 112 138 74 73 34 123 21 85 80 7 87 124 105 98 82 121 79 0 144 140 79 23 218 111 118 107 168 181 150 188 113 16 152 217 175 31 164 192 177 140 194 52 140 48 169 62 170 144 0 
0 114 79 148 130 70 121 121 158 178 61 86 58 191 162 51 162 40 146 190 164 210 101 90 65 87 37 165 142 168 114 0 125 167 190 123 145 193 67 150 139 41 56 91 117 68 158 86 207 187 164 193 15 133 124 80 116 123 121 114 79 125 0 69 66 9 42 68 131 108 31 84 83 164 104 100 85 103 83 111 86 134 119 11 15 49 42 104 75 115 148 167 69 0 62 78 27 82 142 65 94 130 141 167 85 162 30 169 70 45 27 72 166 58 83 90 111 81 56 98 130 190 66 62 0 71 57 21 187 127 69 149 148 216 139 162 92 164 17 103 89 131 185 57 72 112 97 137 108 152 70 123 9 78 71 0 51 71 133 116 25 82 77 166 110 93 94 96 88 120 95 143 115 20 6 50 33 111 82 121 121 145 42 27 57 51 0 72 130 75 69 106 115 159 82 135 45 142 71 70 45 93 142 31 56 66 84 81 51 95 121 193 68 82 21 71 72 0 197 145 61 152 146 228 154 157 112 156 28 124 109 152 186 63 70 117 89 153 123 167 158 67 131 142 187 133 130 197 0 101 156 72 102 33 67 123 122 141 201 146 128 144 79 134 137 83 143 73 86 58 178 150 108 65 127 116 75 145 101 0 139 124 148 118 35 172 35 184 135 47 40 43 155 101 122 94 146 28 36 45 61 139 31 94 69 25 69 61 156 139 0 99 87 189 135 96 114 95 85 139 114 162 130 38 19 73 28 135 106 146 86 41 84 130 149 82 106 152 72 124 99 0 30 105 96 53 125 70 166 155 130 166 36 92 83 40 78 102 91 98 58 56 83 141 148 77 115 146 102 148 87 30 0 134 123 24 143 40 165 173 147 187 44 93 76 55 61 128 112 126 191 91 164 167 216 166 159 228 33 118 189 105 134 0 85 154 144 172 230 164 150 157 105 166 170 116 176 91 111 73 162 117 104 85 139 110 82 154 67 35 135 96 123 85 0 147 59 163 153 80 65 78 123 101 116 75 134 7 31 13 51 68 100 162 162 93 135 157 123 172 96 53 24 154 147 0 166 18 179 196 170 210 53 111 90 78 68 152 136 150 162 158 85 30 92 94 45 112 122 35 114 125 143 144 59 166 0 176 100 30 6 49 159 76 100 88 126 53 37 71 40 86 103 169 164 96 142 156 141 184 95 70 40 172 163 18 176 0 180 206 180 222 71 114 92 90 67 167 148 166 146 207 83 70 17 88 71 28 201 135 85 166 165 230 153 179 100 180 0 108 97 136 202 74 89 129 113 149 122 166 190 187 111 45 103 120 70 124 146 47 139 155 173 164 80 196 30 206 108 0 26 28 189 101 126 118 153 73 66 91 164 164 86 27 89 95 45 109 128 40 114 130 147 150 65 170 6 180 97 26 0 48 165 76 101 93 128 59 43 77 210 193 134 72 131 143 93 152 144 43 162 166 187 157 78 210 49 222 136 28 48 0 197 124 149 132 175 71 75 86 101 15 119 166 185 115 142 186 79 155 130 36 44 105 123 53 159 71 202 189 165 197 0 128 116 76 105 130 124 122 90 133 11 58 57 20 31 63 134 101 38 92 93 166 101 111 76 114 74 101 76 124 128 0 25 55 53 101 71 113 65 124 15 83 72 6 56 70 137 122 19 83 76 170 116 90 100 92 89 126 101 149 116 25 0 54 28 117 88 127 87 80 49 90 112 50 66 117 83 94 73 40 55 116 75 78 88 90 129 118 93 132 76 55 54 0 63 78 58 81 37 116 42 111 97 33 84 89 143 146 28 78 61 176 134 68 126 67 113 153 128 175 105 53 28 63 0 136 110 143 165 123 104 81 137 111 81 153 73 28 135 102 128 91 7 152 53 167 149 73 59 71 130 101 117 78 136 0 30 18 142 121 75 56 108 82 51 123 86 36 106 91 112 111 31 136 37 148 122 66 43 75 124 71 88 58 110 30 0 44 168 114 115 98 152 121 95 167 58 45 146 98 126 73 13 150 71 166 166 91 77 86 122 113 127 81 143 18 44 0 
0 102 129 5 53 97 58 61 73 56 110 82 86 22 72 79 129 60 79 92 111 51 117 67 104 79 90 63 67 13 102 0 103 107 90 77 79 161 132 94 108 63 109 81 165 124 175 162 147 82 88 153 78 139 146 138 16 44 152 111 129 103 0 132 156 33 151 162 92 161 198 52 54 111 149 76 248 170 105 172 185 171 178 108 219 201 111 86 130 129 5 107 132 0 56 101 62 56 72 59 113 86 88 27 67 79 128 55 77 96 115 46 122 65 105 78 95 68 63 9 53 90 156 56 0 123 11 106 123 5 57 104 128 53 122 127 92 100 132 43 62 86 70 120 63 49 74 71 119 65 97 77 33 101 123 0 118 138 76 128 165 19 41 78 128 63 215 145 91 139 153 143 148 90 186 168 81 53 111 99 58 79 151 62 11 118 0 115 126 15 53 99 127 54 129 128 98 110 136 34 53 96 60 124 69 59 63 65 125 71 61 161 162 56 106 138 115 0 75 107 160 128 109 80 25 90 152 13 68 149 168 27 175 59 137 107 150 120 40 50 73 132 92 72 123 76 126 75 0 127 179 75 38 72 57 16 199 85 15 159 177 91 178 16 176 149 127 89 38 63 56 94 161 59 5 128 15 107 127 0 54 109 132 57 124 131 87 101 135 42 61 86 70 123 58 44 78 76 122 68 110 108 198 113 57 165 53 160 179 54 0 146 179 107 178 181 77 153 189 26 25 137 40 177 53 68 93 112 176 122 82 63 52 86 104 19 99 128 75 109 146 0 46 61 122 64 196 133 90 120 134 130 130 87 167 150 65 34 105 85 86 109 54 88 128 41 127 109 38 132 179 46 0 75 95 23 215 118 52 155 171 121 169 54 188 165 109 73 76 83 22 81 111 27 53 78 54 80 72 57 107 61 75 0 86 74 140 81 82 87 105 73 107 71 113 91 70 41 77 30 72 165 149 67 122 128 129 25 57 124 178 122 95 86 0 73 176 38 47 163 182 51 189 41 159 129 156 121 19 59 79 124 76 79 127 63 128 90 16 131 181 64 23 74 73 0 207 100 29 159 177 104 177 32 183 157 121 83 54 72 129 175 248 128 92 215 98 152 199 87 77 196 215 140 176 207 0 141 204 96 102 125 117 192 29 50 159 163 183 136 60 162 170 55 100 145 110 13 85 101 153 133 118 81 38 100 141 0 80 143 162 16 170 70 126 96 150 122 52 51 79 147 105 77 132 91 136 68 15 135 189 90 52 82 47 29 204 80 0 169 187 89 189 12 181 154 141 103 29 68 92 82 172 96 43 139 34 149 159 42 26 120 155 87 163 159 96 143 169 0 19 128 28 157 69 74 67 86 159 105 111 88 185 115 62 153 53 168 177 61 25 134 171 105 182 177 102 162 187 19 0 147 15 176 77 88 75 100 178 124 51 153 171 46 86 143 96 27 91 86 137 130 121 73 51 104 125 16 89 128 147 0 156 77 110 80 141 114 62 45 117 78 178 122 70 148 60 175 178 70 40 130 169 107 189 177 117 170 189 28 15 156 0 178 91 101 67 97 184 130 67 139 108 65 120 90 124 59 16 123 177 87 54 71 41 32 192 70 12 157 176 77 178 0 169 142 133 95 22 56 104 146 219 105 63 186 69 137 176 58 53 167 188 113 159 183 29 126 181 69 77 110 91 169 0 30 130 134 163 113 79 138 201 78 49 168 59 107 149 44 68 150 165 91 129 157 50 96 154 74 88 80 101 142 30 0 122 119 134 86 90 16 111 95 74 81 63 150 127 78 93 65 109 70 156 121 159 150 141 67 75 141 67 133 130 122 0 38 145 100 63 44 86 68 71 53 65 120 89 76 112 34 73 41 121 83 163 122 103 86 100 114 97 95 134 119 38 0 108 71 67 152 130 63 119 111 125 40 38 122 176 105 76 77 19 54 183 52 29 159 178 62 184 22 163 134 145 108 0 54 13 111 129 9 65 99 71 50 63 68 122 85 83 30 59 72 136 51 68 105 124 45 130 56 113 86 100 71 54 0 
0 128 87 142 71 127 139 69 96 95 121 133 116 92 184 117 49 45 118 116 121 125 35 38 87 69 152 84 142 135 128 0 160 34 159 61 14 146 99 148 136 44 13 43 56 91 79 137 80 96 97 35 139 158 101 91 145 44 17 75 87 160 0 187 18 121 174 19 174 21 59 138 153 142 207 91 104 132 100 191 89 175 122 115 167 69 90 129 166 119 142 34 187 0 183 95 24 171 85 177 168 78 34 50 62 124 94 138 113 76 130 17 142 165 90 118 178 60 44 109 71 159 18 183 0 126 172 14 162 37 75 141 151 136 208 99 95 116 107 180 99 169 105 97 154 68 106 123 166 126 127 61 121 95 126 0 73 112 141 103 81 20 65 80 89 34 88 154 22 146 39 94 151 164 140 63 84 70 57 14 139 14 174 24 172 73 0 159 100 162 150 55 23 50 48 104 90 144 93 95 110 32 147 168 104 105 157 55 20 86 69 146 19 171 14 112 159 0 155 28 64 127 138 125 195 85 85 114 93 172 85 158 104 99 148 55 96 112 153 112 96 99 174 85 162 141 100 155 0 174 184 133 87 61 146 155 73 68 148 20 161 69 78 101 9 120 207 72 116 155 95 148 21 177 37 103 162 28 174 0 38 121 143 134 191 71 101 140 82 188 70 165 130 127 167 59 69 120 152 100 121 136 59 168 75 81 150 64 184 38 0 101 134 134 170 47 112 164 59 196 42 161 156 157 179 64 32 120 136 73 133 44 138 78 141 20 55 127 133 121 101 0 50 72 70 54 89 154 42 135 59 78 153 169 133 75 103 64 37 31 116 13 153 34 151 65 23 138 87 143 134 50 0 30 69 91 67 124 80 86 97 29 126 146 89 84 145 32 29 79 92 43 142 50 136 80 50 125 61 134 134 72 30 0 98 98 44 94 90 66 104 34 97 118 61 75 152 14 59 94 184 56 207 62 208 89 48 195 146 191 170 70 69 98 0 123 135 192 111 138 128 77 195 214 151 140 169 100 43 98 117 91 91 124 99 34 104 85 155 71 47 54 91 98 123 0 89 151 12 162 6 119 146 155 151 48 54 84 89 29 49 79 104 94 95 88 90 85 73 101 112 89 67 44 135 89 0 66 85 87 94 78 64 81 67 48 137 35 93 99 45 137 132 138 116 154 144 114 68 140 164 154 124 94 192 151 66 0 150 88 156 121 11 33 59 105 193 94 153 165 118 80 100 113 107 22 93 93 148 82 59 42 80 90 111 12 85 150 0 155 17 109 146 156 145 50 65 77 77 19 116 96 191 76 180 146 95 172 20 188 196 135 86 66 138 162 87 88 155 0 168 63 98 121 29 133 216 78 112 160 121 97 89 130 99 39 110 85 161 70 42 59 97 104 128 6 94 156 17 168 0 125 151 159 157 52 48 90 94 31 125 35 175 17 169 94 32 158 69 165 161 78 29 34 77 119 78 121 109 63 125 0 125 148 74 106 173 46 50 108 35 139 122 142 105 151 147 104 78 130 156 153 126 97 195 146 64 11 146 98 151 125 0 23 69 99 185 95 154 161 38 158 115 165 97 164 168 99 101 127 157 169 146 118 214 155 81 33 156 121 159 148 23 0 92 107 188 114 173 173 87 101 167 90 154 140 104 148 9 167 179 133 89 61 151 151 67 59 145 29 157 74 69 92 0 115 202 70 118 153 69 91 69 118 68 63 105 55 120 59 64 75 84 75 140 48 48 105 50 133 52 106 99 107 115 0 89 61 98 68 152 145 90 178 106 84 157 96 207 69 32 103 145 152 169 54 137 193 65 216 48 173 185 188 202 89 0 138 140 72 84 44 129 60 123 70 55 112 72 120 120 64 32 14 100 84 35 94 77 78 90 46 95 114 70 61 138 0 59 83 142 17 166 44 166 57 20 153 116 152 136 37 29 59 43 89 93 153 77 112 94 50 154 173 118 98 140 59 0 68 135 75 119 109 126 14 86 112 155 100 73 31 79 94 98 29 99 165 19 160 31 108 161 173 153 68 72 83 68 0 
0 228 147 91 128 110 192 62 183 212 167 161 129 154 24 182 179 125 121 149 116 75 146 35 161 48 220 45 190 206 228 0 83 175 147 180 56 167 85 25 62 75 99 152 205 84 54 144 148 80 172 173 98 202 117 181 10 199 59 22 147 83 0 96 79 106 65 88 58 72 21 40 23 97 124 76 43 92 94 3 117 90 53 123 68 102 76 122 49 62 91 175 96 0 39 22 160 76 106 168 116 130 93 63 81 164 139 139 138 99 149 21 130 93 77 78 170 101 122 156 128 147 79 39 0 33 144 98 70 145 94 118 85 29 115 154 122 147 147 82 163 53 123 123 38 105 144 129 90 131 110 180 106 22 33 0 171 98 103 176 124 144 108 47 103 179 149 159 158 109 171 43 145 115 70 100 176 123 123 162 192 56 65 160 144 171 0 130 104 31 51 31 68 159 168 28 22 90 95 62 118 150 48 162 126 144 46 156 79 40 62 167 88 76 98 98 130 0 134 150 108 99 68 127 38 120 117 72 69 90 75 55 84 35 121 14 159 35 134 145 183 85 58 106 70 103 104 134 0 91 55 92 80 69 164 125 83 150 152 59 174 111 110 167 34 146 86 169 27 75 212 25 72 168 145 176 31 150 91 0 52 54 84 156 188 59 33 120 125 69 148 162 75 184 121 164 15 179 64 16 167 62 21 116 94 124 51 108 55 52 0 37 40 108 145 70 29 101 105 18 128 111 57 143 75 122 55 140 36 41 161 75 40 130 118 144 31 99 92 54 37 0 37 137 137 36 21 70 74 38 98 119 23 131 108 113 66 127 73 54 129 99 23 93 85 108 68 68 80 84 40 37 0 109 106 71 51 70 72 24 94 82 38 103 84 82 91 100 72 77 154 152 97 63 29 47 159 127 69 156 108 137 109 0 142 173 137 174 174 100 191 80 147 152 35 134 152 158 93 140 24 205 124 81 115 103 168 38 164 188 145 137 106 142 0 158 155 103 99 127 97 62 122 15 146 24 197 26 169 183 182 84 76 164 154 179 28 120 125 59 70 36 71 173 158 0 43 68 73 74 95 151 36 149 144 134 74 142 103 68 179 54 43 139 122 149 22 117 83 33 29 21 51 137 155 43 0 91 95 40 119 132 44 151 104 131 45 146 60 33 125 144 92 139 147 159 90 72 150 120 101 70 70 174 103 68 91 0 5 91 28 121 47 90 154 81 134 81 137 124 121 148 94 138 147 158 95 69 152 125 105 74 72 174 99 73 95 5 0 94 24 119 51 86 155 77 139 76 141 128 149 80 3 99 82 109 62 90 59 69 18 38 24 100 127 74 40 91 94 0 117 93 51 125 70 104 73 123 48 59 116 172 117 149 163 171 118 75 174 148 128 98 94 191 97 95 119 28 24 117 0 129 75 82 175 79 162 71 164 152 75 173 90 21 53 43 150 55 111 162 111 119 82 80 62 151 132 121 119 93 129 0 116 72 87 57 166 80 123 152 146 98 53 130 123 145 48 84 110 75 57 23 38 147 122 36 44 47 51 51 75 116 0 115 121 98 88 109 93 77 35 202 123 93 123 115 162 35 167 184 143 131 103 152 15 149 151 90 86 125 82 72 115 0 151 21 194 11 169 180 161 117 68 77 38 70 126 121 34 121 75 108 84 35 146 144 104 154 155 70 175 87 121 151 0 131 117 155 58 105 48 181 102 78 105 100 144 14 146 164 122 113 82 134 24 134 131 81 77 104 79 57 98 21 131 0 173 24 148 159 220 10 76 170 144 176 46 159 86 15 55 66 91 152 197 74 45 134 139 73 162 166 88 194 117 173 0 191 59 14 45 199 122 101 129 123 156 35 169 179 140 127 100 158 26 142 146 81 76 123 71 80 109 11 155 24 191 0 169 177 190 59 49 122 90 123 79 134 27 64 36 73 72 93 169 103 60 137 141 48 164 123 93 169 58 148 59 169 0 48 206 22 62 156 131 162 40 145 75 16 41 54 77 140 183 68 33 124 128 59 152 152 77 180 105 159 14 177 48 0 
0 137 149 43 66 17 63 86 161 51 53 151 177 22 5 122 104 45 159 143 113 70 186 150 160 148 18 87 106 131 137 0 96 156 110 154 101 64 33 156 174 67 99 116 140 49 61 122 23 88 90 178 99 125 60 92 152 180 168 105 149 96 0 188 86 165 86 73 80 193 156 33 30 137 148 51 56 164 94 10 36 147 42 32 156 4 153 138 111 25 43 156 188 0 108 37 104 118 184 8 87 183 212 51 48 153 136 35 179 180 152 107 220 192 163 186 54 127 149 171 66 110 86 108 0 80 10 46 121 114 72 96 115 59 63 75 55 94 126 81 50 69 126 84 155 86 67 70 63 66 17 154 165 37 80 0 79 103 178 45 50 167 193 38 17 139 120 53 176 159 129 70 203 164 174 164 17 90 112 146 63 101 86 104 10 79 0 37 114 109 77 92 114 53 62 68 48 87 117 80 50 77 124 88 145 85 67 79 73 68 86 64 73 118 46 103 37 0 78 122 113 65 94 68 87 36 18 91 80 64 44 114 102 88 113 70 96 116 106 65 161 33 80 184 121 178 114 78 0 185 191 48 73 140 162 47 66 151 16 73 87 190 71 112 86 76 173 189 172 96 51 156 193 8 114 45 109 122 185 0 95 187 216 56 56 157 140 34 179 185 157 115 224 197 160 191 62 135 157 176 53 174 156 87 72 50 77 113 191 95 0 168 186 71 48 145 125 98 193 152 121 22 197 145 207 156 35 43 72 132 151 67 33 183 96 167 92 65 48 187 168 0 32 133 151 31 47 155 62 26 50 163 37 65 127 29 159 158 134 51 177 99 30 212 115 193 114 94 73 216 186 32 0 161 176 63 76 185 89 34 65 177 12 56 158 30 181 168 141 55 22 116 137 51 59 38 53 68 140 56 71 133 161 0 25 104 86 36 138 129 101 84 170 141 139 135 38 99 110 120 5 140 148 48 63 17 62 87 162 56 48 151 176 25 0 123 104 50 161 142 112 65 186 147 164 147 13 82 101 129 122 49 51 153 75 139 68 36 47 157 145 31 63 104 123 0 20 124 56 41 41 144 68 76 109 47 132 142 125 56 104 61 56 136 55 120 48 18 66 140 125 47 76 86 104 20 0 109 72 46 32 124 84 74 116 52 112 123 108 51 45 122 164 35 94 53 87 91 151 34 98 155 185 36 50 124 109 0 145 155 130 115 192 173 128 161 63 132 146 151 159 23 94 179 126 176 117 80 16 179 193 62 89 138 161 56 72 145 0 87 97 194 87 126 70 90 172 195 180 108 143 88 10 180 81 159 80 64 73 185 152 26 34 129 142 41 46 155 87 0 31 144 45 39 148 6 147 136 111 25 113 90 36 152 50 129 50 44 87 157 121 50 65 101 112 41 32 130 97 31 0 114 76 44 148 36 117 108 85 21 70 178 147 107 69 70 77 114 190 115 22 163 177 84 65 144 124 115 194 144 114 0 189 132 216 148 54 21 52 122 186 99 42 220 126 203 124 102 71 224 197 37 12 170 186 68 84 192 87 45 76 189 0 68 157 41 191 180 153 67 150 125 32 192 84 164 88 88 112 197 145 65 56 141 147 76 74 173 126 39 44 132 68 0 185 36 150 119 88 23 160 60 156 163 155 174 145 113 86 160 207 127 158 139 164 109 116 128 70 148 148 216 157 185 0 152 177 224 218 165 148 92 4 186 86 164 85 70 76 191 156 29 30 135 147 47 52 161 90 6 36 148 41 36 152 0 152 139 113 27 18 152 153 54 67 17 67 96 173 62 35 159 181 38 13 132 112 63 172 147 117 54 191 150 177 152 0 73 95 133 87 180 138 127 70 90 79 116 189 135 43 158 168 99 82 142 123 132 195 136 108 21 180 119 224 139 73 0 33 113 106 168 111 149 63 112 73 106 172 157 72 134 141 110 101 125 108 146 180 111 85 52 153 88 218 113 95 33 0 86 131 105 25 171 66 146 68 65 96 176 132 51 55 120 129 56 51 151 108 25 21 122 67 23 165 27 133 113 86 0 
