0 124 176 65 111 85 74 82 82 146 44 177 173 96 83 173 106 93 74 149 61 188 64 49 64 19 66 115 149 97 124 0 71 177 166 48 176 139 60 89 163 144 64 165 187 82 49 130 187 131 67 73 60 146 109 129 59 15 165 30 176 71 0 213 174 117 206 158 95 59 207 106 8 182 218 20 120 141 223 107 129 21 116 181 136 186 112 86 150 99 65 177 213 0 80 145 19 67 121 168 23 179 212 60 19 205 168 86 10 150 121 229 118 32 77 78 118 171 131 154 111 166 174 80 0 156 62 31 107 117 95 108 177 20 71 160 181 36 85 82 139 194 125 66 62 130 122 169 52 157 85 48 117 145 156 0 149 126 57 116 128 167 111 151 160 123 25 122 155 147 24 120 31 119 94 84 34 34 170 18 74 176 206 19 62 149 0 53 117 157 39 164 206 42 12 196 173 72 23 136 126 223 120 30 70 91 119 172 114 156 82 139 158 67 31 126 53 0 79 105 74 112 159 26 65 146 151 19 75 83 108 176 95 43 32 101 92 141 68 128 82 60 95 121 107 57 117 79 0 68 112 113 92 105 129 91 80 71 131 90 50 108 32 90 49 94 27 62 113 51 146 89 59 168 117 116 157 105 68 0 165 55 64 128 169 43 132 87 177 49 118 80 100 136 91 161 95 101 91 103 44 163 207 23 95 128 39 74 112 165 0 185 204 75 42 200 150 92 31 156 104 220 103 32 74 56 104 156 142 139 177 144 106 179 108 167 164 112 113 55 185 0 113 125 175 86 185 93 187 29 163 127 145 153 114 195 140 156 61 156 173 64 8 212 177 111 206 159 92 64 204 113 0 184 218 27 113 143 222 112 124 17 112 180 136 182 108 79 155 93 96 165 182 60 20 151 42 26 105 128 75 125 184 0 51 169 176 41 65 98 131 201 120 48 57 115 117 166 72 153 83 187 218 19 71 160 12 65 129 169 42 175 218 51 0 208 183 84 16 147 136 235 131 41 82 97 130 183 123 167 173 82 20 205 160 123 196 146 91 43 200 86 27 169 208 0 131 128 215 89 133 41 118 173 128 185 113 97 132 106 106 49 120 168 181 25 173 151 80 132 150 185 113 176 183 131 0 147 178 166 47 121 56 143 119 103 59 34 193 29 93 130 141 86 36 122 72 19 71 87 92 93 143 41 84 128 147 0 94 64 107 160 92 60 32 112 88 133 56 121 74 187 223 10 85 155 23 75 131 177 31 187 222 65 16 215 178 94 0 158 131 239 128 42 87 87 128 181 137 164 149 131 107 150 82 147 136 83 90 49 156 29 112 98 147 89 166 64 158 0 140 128 122 124 85 167 117 140 43 137 61 67 129 121 139 24 126 108 50 118 104 163 124 131 136 133 47 107 131 140 0 137 18 96 77 62 23 55 158 37 188 73 21 229 194 120 223 176 108 80 220 127 17 201 235 41 121 160 239 128 137 0 126 197 153 196 122 88 171 102 64 60 116 118 125 31 120 95 32 100 103 145 112 120 131 118 56 92 128 122 18 126 0 90 63 70 5 53 141 36 49 146 181 32 66 119 30 43 90 136 32 153 180 48 41 173 143 60 42 124 96 197 90 0 45 67 89 142 111 126 64 109 136 77 62 94 70 32 49 91 74 114 136 57 82 128 119 32 87 85 77 153 63 45 0 83 60 109 87 96 19 129 186 78 130 84 91 101 94 161 56 195 182 115 97 185 103 112 87 167 62 196 70 67 83 0 74 117 168 99 66 59 112 118 122 34 119 92 27 95 104 140 108 117 130 113 59 88 128 117 23 122 5 89 60 74 0 53 136 37 115 15 86 171 169 34 172 141 62 101 156 156 79 166 183 97 34 133 181 140 55 88 53 142 109 117 53 0 171 18 149 165 150 131 52 170 114 68 113 91 142 61 155 72 123 132 193 56 137 43 158 171 141 111 87 168 136 171 0 164 97 30 99 154 157 18 156 128 51 103 139 156 93 153 167 106 29 121 164 137 37 102 36 126 96 99 37 18 164 0 
0 203 150 93 185 125 135 130 108 26 118 92 58 90 131 20 155 169 149 138 86 75 58 201 81 68 133 42 147 147 203 0 75 121 28 132 97 128 158 189 123 165 161 132 72 184 67 67 54 167 174 166 145 25 123 136 117 217 66 62 150 75 0 57 47 131 99 130 84 143 117 91 125 107 54 135 83 96 50 169 101 140 97 89 72 85 120 175 17 22 93 121 57 0 97 110 92 111 55 90 96 51 78 74 59 79 95 111 73 144 58 98 45 126 25 32 107 122 57 59 185 28 47 97 0 132 96 128 131 175 120 138 149 122 61 168 70 76 44 168 147 157 129 48 104 117 118 205 40 38 125 132 131 110 132 0 36 6 164 100 14 157 67 40 78 106 65 69 89 38 159 53 83 116 87 89 16 113 116 112 135 97 99 92 96 36 0 32 147 112 26 143 78 45 45 115 30 37 54 72 148 75 82 82 74 81 22 134 83 79 130 128 130 111 128 6 32 0 165 105 15 158 72 44 76 111 61 64 86 40 161 59 87 111 88 91 11 119 114 110 108 158 84 55 131 164 147 165 0 119 150 16 121 126 111 104 147 163 121 196 25 143 88 169 77 78 162 148 93 98 26 189 143 90 175 100 112 105 119 0 95 104 34 67 117 15 136 149 135 112 99 49 46 185 71 59 110 32 137 137 118 123 117 96 120 14 26 15 150 95 0 143 61 30 64 99 56 62 76 52 146 51 73 108 73 76 15 112 102 98 92 165 91 51 138 157 143 158 16 104 143 0 108 117 110 89 146 162 122 187 10 131 77 173 70 68 155 133 99 103 58 161 125 78 149 67 78 72 121 34 61 108 0 33 89 39 104 115 107 85 107 23 33 154 54 46 76 57 116 115 90 132 107 74 122 40 45 44 126 67 30 117 33 0 61 70 71 82 79 70 119 35 43 122 49 49 44 89 95 92 131 72 54 59 61 78 45 76 111 117 64 110 89 61 0 112 36 52 18 116 117 96 73 70 52 64 66 145 38 34 20 184 135 79 168 106 115 111 104 15 99 89 39 70 112 0 135 149 130 122 84 59 39 182 64 51 114 45 130 130 155 67 83 95 70 65 30 61 147 136 56 146 104 71 36 135 0 16 33 100 153 103 99 52 83 94 50 160 66 61 169 67 96 111 76 69 37 64 163 149 62 162 115 82 52 149 16 0 46 101 169 112 114 47 99 109 53 171 79 74 149 54 50 73 44 89 54 86 121 135 76 122 107 79 18 130 33 46 0 126 130 114 91 53 70 82 76 163 33 28 138 167 169 144 168 38 72 40 196 112 52 187 85 70 116 122 100 101 126 0 188 63 111 148 119 119 51 115 154 150 86 174 101 58 147 159 148 161 25 99 146 10 107 119 117 84 153 169 130 188 0 130 77 182 74 70 159 128 108 112 75 166 140 98 157 53 75 59 143 49 51 131 23 35 96 59 103 112 114 63 130 0 55 155 73 66 65 61 128 126 58 145 97 45 129 83 82 87 88 46 73 77 33 43 73 39 99 114 91 111 77 55 0 143 25 13 87 78 91 91 201 25 89 126 48 116 82 111 169 185 108 173 154 122 70 182 52 47 53 148 182 155 143 0 122 134 100 211 76 71 81 123 72 25 104 87 74 88 77 71 73 70 54 49 52 64 83 99 70 119 74 73 25 122 0 13 85 103 66 66 68 136 85 32 117 89 81 91 78 59 76 68 46 49 64 51 94 109 82 119 70 66 13 134 13 0 89 91 79 79 133 117 120 107 118 16 22 11 162 110 15 155 76 44 66 114 50 53 76 51 159 65 87 100 85 89 0 126 104 100 42 217 175 122 205 113 134 119 148 32 112 133 57 89 145 45 160 171 163 115 128 61 78 211 103 91 126 0 169 169 147 66 17 57 40 116 83 114 93 137 102 99 116 95 38 130 66 79 33 154 108 128 91 76 66 79 104 169 0 5 147 62 22 59 38 112 79 110 98 137 98 103 115 92 34 130 61 74 28 150 112 126 91 71 66 79 100 169 5 0 
0 194 220 154 199 131 178 173 146 77 47 164 154 177 121 169 135 90 167 149 231 129 176 90 173 206 129 225 195 138 194 0 39 75 66 65 56 147 48 118 147 62 91 17 93 107 65 106 201 150 65 97 39 114 139 91 184 48 45 114 220 39 0 114 103 99 95 137 79 143 173 101 130 55 130 98 101 137 196 147 27 105 78 147 129 68 186 9 31 115 154 75 114 0 45 41 27 184 52 91 110 14 17 60 33 149 32 67 223 174 138 115 37 64 177 153 195 123 111 137 199 66 103 45 0 75 22 204 75 131 154 35 50 61 78 166 67 110 252 201 130 143 35 109 197 157 228 112 111 163 131 65 99 41 75 0 53 143 20 58 84 42 55 48 34 110 9 41 182 133 119 74 47 49 136 120 154 106 85 96 178 56 95 27 22 53 0 185 53 109 133 14 39 45 58 147 45 89 230 180 121 121 17 88 177 142 206 104 97 142 173 147 137 184 204 143 185 0 133 127 146 180 198 144 172 40 152 145 61 26 125 69 169 162 8 74 66 134 108 47 146 48 79 52 75 20 53 133 0 70 99 47 68 31 53 97 24 58 177 127 99 68 40 68 126 103 153 86 65 89 77 118 143 91 131 58 109 127 70 0 30 97 97 101 62 107 64 25 148 108 155 63 105 39 123 137 113 148 119 81 47 147 173 110 154 84 133 146 99 30 0 119 112 130 78 134 89 44 156 125 185 90 130 47 144 166 119 178 149 104 164 62 101 14 35 42 14 180 47 97 119 0 29 49 44 144 34 75 223 173 127 114 23 74 173 144 196 110 101 136 154 91 130 17 50 55 39 198 68 97 112 29 0 77 35 165 47 72 237 188 155 129 52 65 191 170 207 139 128 151 177 17 55 60 61 48 45 144 31 101 130 49 77 0 76 105 48 89 195 144 78 88 28 97 137 97 175 63 52 107 121 93 130 33 78 34 58 172 53 62 78 44 35 76 0 142 29 37 205 160 151 103 62 31 166 154 173 138 118 125 169 107 98 149 166 110 147 40 97 107 134 144 165 105 142 0 118 121 98 50 89 44 131 138 32 43 92 95 68 31 135 65 101 32 67 9 45 152 24 64 89 34 47 48 29 118 0 45 191 142 122 83 41 50 145 127 163 109 89 105 90 106 137 67 110 41 89 145 58 25 44 75 72 89 37 121 45 0 171 129 153 78 86 17 140 144 138 143 118 98 167 201 196 223 252 182 230 61 177 148 156 223 237 195 205 98 191 171 0 51 185 109 217 187 68 135 38 193 166 89 149 150 147 174 201 133 180 26 127 108 125 173 188 144 160 50 142 129 51 0 139 59 166 146 28 91 43 145 116 38 231 65 27 138 130 119 121 125 99 155 185 127 155 78 151 89 122 153 185 139 0 107 104 166 117 51 181 18 36 112 129 97 105 115 143 74 121 69 68 63 90 114 129 88 103 44 83 78 109 59 107 0 108 95 63 77 87 106 75 22 176 39 78 37 35 47 17 169 40 105 130 23 52 28 62 131 41 86 217 166 104 108 0 89 162 125 193 87 80 128 90 114 147 64 109 49 88 162 68 39 47 74 65 97 31 138 50 17 187 146 166 95 89 0 157 159 152 154 131 115 173 139 129 177 197 136 177 8 126 123 144 173 191 137 166 32 145 140 68 28 117 63 162 157 0 67 71 126 100 42 206 91 68 153 157 120 142 74 103 137 166 144 170 97 154 43 127 144 135 91 51 77 125 159 67 0 134 63 46 72 129 184 186 195 228 154 206 66 153 113 119 196 207 175 173 92 163 138 38 43 181 87 193 152 71 134 0 185 155 71 225 48 9 123 112 106 104 134 86 148 178 110 139 63 138 95 109 143 193 145 18 106 87 154 126 63 185 0 31 115 195 45 31 111 111 85 97 108 65 119 149 101 128 52 118 68 89 118 166 116 36 75 80 131 100 46 155 31 0 84 138 114 115 137 163 96 142 47 89 81 104 136 151 107 125 31 105 98 89 38 112 22 128 115 42 72 71 115 84 0 
0 73 118 123 38 118 164 102 85 43 94 29 49 103 91 193 46 159 157 28 35 158 93 131 141 150 91 134 41 95 73 0 183 156 108 160 169 172 13 73 163 45 122 158 70 199 30 199 191 67 98 162 100 140 161 206 162 181 34 163 118 183 0 92 105 77 163 33 194 115 29 146 84 42 160 180 153 95 105 116 85 161 132 139 124 49 83 67 149 25 123 156 92 0 139 15 71 114 162 87 103 139 126 51 101 89 131 43 35 101 92 69 63 50 32 74 153 36 128 97 38 108 105 139 0 131 192 80 121 77 76 63 21 106 128 219 83 170 170 63 49 187 125 159 164 147 55 142 79 80 118 160 77 15 131 0 86 99 166 88 88 137 117 36 110 104 132 41 39 99 86 84 73 65 47 60 140 24 129 82 164 169 163 71 192 86 0 184 168 121 172 170 185 122 99 30 153 90 74 137 144 7 73 33 39 140 217 103 152 166 102 172 33 114 80 99 184 0 184 111 12 131 59 63 163 203 143 125 133 108 76 181 139 156 146 82 50 95 138 18 85 13 194 162 121 166 168 184 0 82 174 58 134 167 69 198 41 205 196 78 109 161 103 142 164 215 175 188 46 174 43 73 115 87 77 88 121 111 82 0 100 52 77 85 54 150 44 128 122 16 37 115 50 88 101 133 119 108 41 98 94 163 29 103 76 88 172 12 174 100 0 123 55 52 151 192 133 115 122 97 65 169 127 144 135 77 55 85 129 6 29 45 146 139 63 137 170 131 58 52 123 0 77 128 82 199 24 178 174 38 61 163 97 138 153 176 117 156 21 124 49 122 84 126 21 117 185 59 134 77 55 77 0 88 131 210 95 153 156 67 42 180 121 152 153 127 42 124 90 59 103 158 42 51 106 36 122 63 167 85 52 128 88 0 123 140 129 66 71 92 68 120 91 97 83 48 105 36 125 46 91 70 160 101 128 110 99 163 69 54 151 82 131 123 0 129 59 144 133 65 91 92 38 73 97 167 173 134 61 148 193 199 180 89 219 104 30 203 198 150 192 199 210 140 129 0 183 95 80 166 170 37 102 62 58 149 240 115 182 186 46 30 153 131 83 132 153 143 41 44 133 24 95 129 59 183 0 172 166 37 68 146 81 122 140 177 137 152 5 133 159 199 95 43 170 41 90 125 205 128 115 178 153 66 144 95 172 0 16 140 126 91 106 83 56 55 170 30 169 109 157 191 105 35 170 39 74 133 196 122 122 174 156 71 133 80 166 16 0 136 125 75 95 68 41 70 176 38 163 116 28 67 116 101 63 99 137 108 78 16 97 38 67 92 65 166 37 140 136 0 32 131 66 104 116 140 109 118 33 97 35 98 85 92 49 86 144 76 109 37 65 61 42 68 91 170 68 126 125 32 0 139 79 111 115 115 82 100 64 65 158 162 161 69 187 84 7 181 161 115 169 163 180 120 92 37 146 91 75 131 139 0 66 28 38 140 213 102 146 163 93 100 132 63 125 73 73 139 103 50 127 97 121 91 38 102 81 106 95 66 79 66 0 41 61 131 160 97 80 123 131 140 139 50 159 65 33 156 142 88 144 138 152 97 73 62 122 83 68 104 111 28 41 0 27 124 186 86 121 138 141 161 124 32 164 47 39 146 164 101 135 153 153 83 97 58 140 56 41 116 115 38 61 27 0 102 182 64 138 129 150 206 49 74 147 60 140 82 215 133 77 176 127 48 167 149 177 55 70 140 115 140 131 124 102 0 132 38 173 71 91 162 83 153 55 140 217 50 175 119 55 117 42 105 173 240 137 170 176 109 82 213 160 186 182 132 0 140 132 61 134 181 67 36 142 24 103 95 188 108 85 156 124 36 134 115 152 30 38 118 100 102 97 86 64 38 140 0 149 79 41 34 149 128 79 129 152 138 46 41 129 21 90 125 61 182 5 169 163 33 64 146 80 121 138 173 132 149 0 129 95 163 25 97 80 82 166 18 174 98 6 124 59 46 148 186 133 109 116 97 65 163 123 138 129 71 61 79 129 0 
0 139 84 52 102 70 170 107 141 98 197 41 90 94 57 141 141 164 17 41 153 59 160 91 99 32 85 175 72 96 139 0 168 130 179 104 108 41 21 72 63 136 49 107 151 21 156 126 122 100 61 99 22 103 70 117 171 110 131 50 84 168 0 43 18 64 140 127 181 161 231 125 129 67 27 181 76 124 90 87 148 71 190 69 101 70 3 145 155 147 52 130 43 0 59 30 128 90 141 118 193 89 89 48 21 141 89 118 51 44 122 31 152 47 69 28 45 133 116 105 102 179 18 59 0 76 140 138 193 177 242 143 144 74 45 193 67 120 108 103 154 86 201 77 110 87 18 144 173 162 70 104 64 30 76 0 100 63 117 106 167 99 68 24 50 117 79 94 62 41 92 15 126 21 39 38 67 105 120 88 170 108 140 128 140 100 0 90 129 162 151 191 118 80 142 129 81 25 159 134 47 111 120 81 75 138 143 5 205 137 107 41 127 90 138 63 90 0 56 72 104 113 29 67 111 56 120 100 91 66 53 60 63 63 30 81 130 93 119 47 141 21 181 141 193 117 129 56 0 60 56 132 53 123 162 0 175 147 124 105 82 110 24 119 86 123 184 131 123 46 98 72 161 118 177 106 162 72 60 0 112 76 45 123 136 60 181 172 82 74 121 93 84 119 95 93 163 165 63 25 197 63 231 193 242 167 151 104 56 112 0 187 109 170 214 56 215 174 180 161 107 162 41 166 133 179 234 152 175 102 41 136 125 89 143 99 191 113 132 76 187 0 88 122 98 132 175 191 38 58 165 84 154 119 116 62 126 196 32 86 90 49 129 89 144 68 118 29 53 45 109 88 0 81 109 53 139 127 73 52 81 58 70 77 50 70 132 122 91 21 94 107 67 48 74 24 80 67 123 123 170 122 81 0 63 123 58 71 86 64 81 38 129 4 37 62 70 85 143 102 57 151 27 21 45 50 142 111 162 136 214 98 109 63 0 162 91 129 63 62 141 52 173 63 89 44 28 147 128 125 141 21 181 141 193 117 129 56 0 60 56 132 53 123 162 0 175 147 124 105 82 110 24 119 86 123 184 131 123 46 141 156 76 89 67 79 81 120 175 181 215 175 139 58 91 175 0 58 137 120 111 94 176 62 90 113 78 85 199 160 164 126 124 118 120 94 25 100 147 172 174 191 127 71 129 147 58 0 155 133 67 107 140 73 79 132 127 28 208 147 17 122 90 51 108 62 159 91 124 82 180 38 73 86 63 124 137 155 0 25 137 48 143 83 85 24 91 164 65 79 41 100 87 44 103 41 134 66 105 74 161 58 52 64 62 105 120 133 25 0 112 26 122 61 60 19 89 139 79 64 153 61 148 122 154 92 47 53 82 121 107 165 81 81 141 82 111 67 137 112 0 97 73 79 55 123 151 49 172 96 59 99 71 31 86 15 111 60 110 93 162 84 58 38 52 110 94 107 48 26 97 0 121 35 42 27 74 116 105 76 160 22 190 152 201 126 120 63 24 84 41 154 70 129 173 24 176 140 143 122 73 121 0 125 92 139 193 121 147 68 91 103 69 47 77 21 81 63 119 119 166 119 77 4 63 119 62 73 83 61 79 35 125 0 33 59 72 86 140 98 99 70 101 69 110 39 75 30 86 95 133 116 50 37 89 86 90 79 85 60 55 42 92 33 0 68 104 80 130 71 32 117 70 28 87 38 138 81 123 93 179 62 70 62 44 123 113 132 24 19 123 27 139 59 68 0 71 143 89 83 85 171 3 45 18 67 143 130 184 163 234 126 132 70 28 184 78 127 91 89 151 74 193 72 104 71 0 148 156 150 175 110 145 133 144 105 5 93 131 165 152 196 122 85 147 131 85 28 164 139 49 116 121 86 80 143 148 0 209 140 72 131 155 116 173 120 205 119 123 63 175 32 91 143 128 123 199 208 65 79 172 105 147 140 130 89 156 209 0 81 96 50 147 105 162 88 137 47 46 25 102 86 21 102 125 46 160 147 79 64 96 76 68 98 71 83 150 140 81 0 
0 106 246 213 153 237 145 130 106 114 147 189 146 111 146 96 262 143 208 140 56 196 185 101 168 155 126 233 124 28 106 0 143 107 49 132 87 73 5 31 47 96 40 75 80 80 158 40 106 64 63 128 94 28 78 49 29 134 107 80 246 143 0 67 107 24 132 136 141 132 120 65 107 159 122 176 17 117 93 116 206 110 128 160 133 104 135 23 179 222 213 107 67 0 60 44 141 138 108 113 68 85 67 156 130 170 75 71 26 116 164 143 61 115 69 58 89 79 185 186 153 49 107 60 0 90 108 98 50 62 14 81 12 110 97 120 120 11 58 80 104 132 54 55 44 3 29 105 142 126 237 132 24 44 90 0 137 138 131 126 102 71 93 160 126 177 31 101 70 117 193 124 105 145 111 88 119 42 183 212 145 87 132 141 108 137 0 16 82 56 116 67 96 34 11 52 148 108 156 28 133 51 162 115 151 106 111 112 47 132 130 73 136 138 98 138 16 0 68 42 106 71 86 23 16 41 152 98 150 22 117 66 152 101 141 97 98 117 47 117 106 5 141 108 50 131 82 68 0 26 50 92 41 70 75 76 157 43 108 59 66 123 98 33 82 51 34 131 102 81 114 31 132 113 62 126 56 42 26 0 67 75 50 48 49 58 148 59 119 34 85 98 115 59 102 61 56 119 80 93 147 47 120 68 14 102 116 106 50 67 0 95 21 115 106 124 133 8 61 89 96 143 48 47 35 17 21 119 147 119 189 96 65 85 81 71 67 71 92 75 95 0 74 94 57 112 81 88 107 52 158 58 127 121 123 78 102 46 114 168 146 40 107 67 12 93 96 86 41 50 21 74 0 98 85 108 122 14 69 68 100 122 66 53 55 11 29 103 130 120 111 75 159 156 110 160 34 23 70 48 115 94 98 0 39 18 175 107 165 43 105 85 163 100 150 109 103 140 32 101 146 80 122 130 97 126 11 16 75 49 106 57 85 39 0 57 138 98 145 17 130 51 151 108 140 95 101 102 57 131 96 80 176 170 120 177 52 41 76 58 124 112 108 18 57 0 193 116 177 60 99 102 172 102 158 119 109 158 32 89 262 158 17 75 120 31 148 152 157 148 133 81 122 175 138 193 0 131 101 133 221 125 136 175 142 118 149 38 195 238 143 40 117 71 11 101 108 98 43 59 8 88 14 107 98 116 131 0 66 81 93 136 56 44 43 13 18 115 139 115 208 106 93 26 58 70 156 150 108 119 61 107 69 165 145 177 101 66 0 129 156 165 37 107 49 58 82 105 196 180 140 64 116 116 80 117 28 22 59 34 89 52 68 43 17 60 133 81 129 0 118 64 134 92 123 78 84 98 69 123 56 63 206 164 104 193 133 117 66 85 96 158 100 105 130 99 221 93 156 118 0 181 131 49 114 106 75 197 131 28 196 128 110 143 132 124 51 66 123 98 143 58 122 85 51 102 125 136 165 64 181 0 182 156 176 129 144 87 88 182 185 94 128 61 54 105 162 152 98 115 48 127 66 163 151 172 136 56 37 134 131 182 0 85 17 56 65 135 195 157 101 28 160 115 55 145 115 101 33 59 47 121 53 100 108 102 175 44 107 92 49 156 85 0 68 57 26 155 132 73 168 78 133 69 44 111 151 141 82 102 35 123 55 150 140 158 142 43 49 123 114 176 17 68 0 47 49 138 182 140 155 49 104 58 3 88 106 97 51 61 17 78 11 109 95 119 118 13 58 78 106 129 56 57 47 0 31 102 141 128 126 29 135 89 29 119 111 98 34 56 21 102 29 103 101 109 149 18 82 84 75 144 65 26 49 31 0 132 135 98 233 134 23 79 105 42 112 117 131 119 119 46 103 140 102 158 38 115 105 98 197 87 135 155 138 102 132 0 159 211 124 107 179 185 142 183 47 47 102 80 147 114 130 32 57 32 195 139 196 69 131 88 195 132 182 141 135 159 0 120 28 80 222 186 126 212 132 117 81 93 119 168 120 101 131 89 238 115 180 123 28 182 157 73 140 128 98 211 120 0 
0 76 41 117 45 26 72 141 128 85 138 144 54 46 64 79 38 26 125 145 153 143 80 129 15 28 74 114 102 16 76 0 101 184 98 54 133 190 107 29 130 206 28 55 20 78 71 97 63 151 149 145 95 194 74 82 130 124 154 91 41 101 0 83 82 65 32 100 112 97 114 105 87 87 83 64 32 55 133 114 126 115 56 93 31 19 33 84 61 30 117 184 83 0 142 143 52 62 168 180 157 30 170 163 166 133 115 116 209 141 160 149 117 12 113 102 58 124 50 101 45 98 82 142 0 47 105 178 172 117 183 171 70 45 94 123 83 27 158 190 198 188 125 154 60 72 111 159 139 52 26 54 65 143 47 0 97 165 128 70 142 170 29 22 47 82 48 43 111 155 160 153 90 155 34 47 98 124 126 42 72 133 32 52 105 97 0 73 125 128 121 73 119 118 114 84 63 78 159 112 128 117 70 61 63 51 12 87 34 57 141 190 100 62 178 165 73 0 137 175 118 46 184 187 170 118 121 151 195 94 113 104 100 58 131 118 67 89 39 128 128 107 112 168 172 128 125 137 0 79 27 173 123 145 93 49 90 153 72 55 46 45 56 173 113 105 114 48 119 129 85 29 97 180 117 70 128 175 79 0 103 197 51 78 23 57 65 110 41 126 122 119 75 189 77 81 122 102 143 96 138 130 114 157 183 142 121 118 27 103 0 158 143 162 114 60 100 162 99 29 19 18 58 161 123 113 109 34 107 137 144 206 105 30 171 170 73 46 173 197 158 0 192 190 186 145 135 145 222 137 156 147 127 19 136 124 76 126 55 128 54 28 87 170 70 29 119 184 123 51 143 192 0 27 30 84 63 72 90 159 162 155 97 180 57 68 119 130 146 70 46 55 87 163 45 22 118 187 145 78 162 190 27 0 56 102 70 54 117 176 180 173 111 175 56 69 120 145 148 62 64 20 83 166 94 47 114 170 93 23 114 186 30 56 0 59 51 87 64 133 133 127 75 175 58 64 110 105 134 77 79 78 64 133 123 82 84 118 49 57 60 145 84 102 59 0 41 104 77 75 78 71 18 141 64 56 75 46 90 80 38 71 32 115 83 48 63 121 90 65 100 135 63 70 51 41 0 63 101 108 116 106 43 124 23 17 59 77 84 40 26 97 55 116 27 43 78 151 153 110 162 145 72 54 87 104 63 0 150 167 177 167 104 128 40 49 84 136 112 26 125 63 133 209 158 111 159 195 72 41 99 222 90 117 64 77 101 150 0 127 118 117 95 218 116 117 151 111 167 135 145 151 114 141 190 155 112 94 55 126 29 137 159 176 133 75 108 167 127 0 19 11 65 143 130 118 100 31 92 141 153 149 126 160 198 160 128 113 46 122 19 156 162 180 133 78 116 177 118 19 0 11 73 162 138 128 116 42 110 151 143 145 115 149 188 153 117 104 45 119 18 147 155 173 127 71 106 167 117 11 11 0 63 151 128 118 105 31 99 141 80 95 56 117 125 90 70 100 56 75 58 127 97 111 75 18 43 104 95 65 73 63 0 124 65 55 60 34 72 79 129 194 93 12 154 155 61 58 173 189 161 19 180 175 175 141 124 128 218 143 162 151 124 0 124 112 67 127 54 113 15 74 31 113 60 34 63 131 113 77 123 136 57 56 58 64 23 40 116 130 138 128 65 124 0 13 64 99 92 19 28 82 19 102 72 47 51 118 105 81 113 124 68 69 64 56 17 49 117 118 128 118 55 112 13 0 51 87 79 24 74 130 33 58 111 98 12 67 114 122 109 76 119 120 110 75 59 84 151 100 116 105 60 67 64 51 0 75 28 61 114 124 84 124 159 124 87 89 48 102 34 126 130 145 105 46 77 136 111 31 42 31 34 127 99 87 75 0 74 110 102 154 61 50 139 126 34 39 119 143 107 55 146 148 134 90 84 112 167 92 110 99 72 54 92 79 28 74 0 89 16 91 30 101 52 42 57 128 129 96 137 128 70 62 77 80 40 26 135 141 151 141 79 113 19 24 61 110 89 0 
0 180 178 165 121 74 56 73 163 183 127 197 93 159 104 17 49 81 132 104 85 61 110 134 159 109 122 13 39 50 180 0 33 15 167 106 141 168 94 27 130 19 87 136 114 187 172 113 84 97 141 154 101 68 22 113 78 180 213 179 178 33 0 31 186 106 131 153 122 60 105 48 88 106 96 182 161 102 60 81 125 141 119 49 30 131 61 180 213 168 165 15 31 0 158 91 127 154 91 33 118 34 72 127 100 172 158 99 72 83 127 140 91 56 8 103 64 165 198 165 121 167 186 158 0 112 144 179 89 151 202 174 114 231 172 138 160 146 178 160 173 160 67 168 156 55 161 108 119 165 74 106 106 91 112 0 46 82 108 111 90 123 19 119 60 81 75 35 73 49 66 63 61 67 85 67 57 75 108 82 56 141 131 127 144 46 0 36 154 151 71 160 61 103 48 53 31 29 80 52 31 17 105 83 119 110 71 65 95 38 73 168 153 154 179 82 36 0 190 182 65 187 96 95 57 60 24 56 93 72 28 19 141 104 146 146 92 85 107 27 163 94 122 91 89 108 154 190 0 71 183 94 96 203 157 177 183 138 145 138 171 171 53 128 93 55 129 156 180 190 183 27 60 33 151 111 151 182 71 0 150 24 92 160 132 192 182 126 104 113 157 166 90 88 40 100 96 181 212 189 127 130 105 118 202 90 71 65 183 150 0 149 91 32 30 120 86 56 46 45 42 67 146 62 110 155 56 136 166 91 197 19 48 34 174 123 160 187 94 24 149 0 104 154 133 204 191 132 103 116 160 173 112 87 41 123 97 197 228 198 93 87 88 72 114 19 61 96 96 92 91 104 0 117 63 100 92 42 64 46 75 78 55 55 66 64 47 93 126 99 159 136 106 127 231 119 103 95 203 160 32 154 117 0 59 152 117 85 58 71 74 99 172 75 120 181 74 168 198 121 104 114 96 100 172 60 48 57 157 132 30 133 63 59 0 100 70 26 36 19 29 50 118 47 92 126 36 112 143 77 17 187 182 172 138 81 53 60 177 192 120 204 100 152 100 0 36 81 132 104 78 53 124 135 165 124 123 30 47 36 49 172 161 158 160 75 31 24 183 182 86 191 92 117 70 36 0 60 106 80 44 20 131 112 150 134 100 62 83 7 81 113 102 99 146 35 29 56 138 126 56 132 42 85 26 81 60 0 51 23 33 41 95 54 91 102 42 88 120 67 132 84 60 72 178 73 80 93 145 104 46 103 64 58 36 132 106 51 0 28 65 86 116 17 64 126 17 139 171 113 104 97 81 83 160 49 52 72 138 113 45 116 46 71 19 104 80 23 28 0 44 60 101 32 75 110 20 111 143 87 85 141 125 127 173 66 31 28 171 157 42 160 75 74 29 78 44 33 65 44 0 25 127 76 119 133 64 95 124 50 61 154 141 140 160 63 17 19 171 166 67 173 78 99 50 53 20 41 86 60 25 0 122 92 132 127 80 72 99 27 110 101 119 91 67 61 105 141 53 90 146 112 55 172 118 124 131 95 116 101 127 122 0 103 89 12 99 104 130 138 134 68 49 56 168 67 83 104 128 88 62 87 55 75 47 135 112 54 17 32 76 92 103 0 48 114 12 138 171 119 159 22 30 8 156 85 119 146 93 40 110 41 66 120 92 165 150 91 64 75 119 132 89 48 0 101 56 159 192 157 109 113 131 103 55 67 110 146 55 100 155 123 64 181 126 124 134 102 126 110 133 127 12 114 101 0 109 101 125 140 122 78 61 64 161 57 71 92 129 96 56 97 47 74 36 123 100 42 17 20 64 80 99 12 56 109 0 126 159 107 13 180 180 165 108 75 65 85 156 181 136 197 93 168 112 30 62 88 139 111 95 72 104 138 159 101 126 0 33 63 39 213 213 198 119 108 95 107 180 212 166 228 126 198 143 47 83 120 171 143 124 99 130 171 192 125 159 33 0 83 50 179 168 165 165 82 38 27 190 189 91 198 99 121 77 36 7 67 113 87 50 27 138 119 157 140 107 63 83 0 
0 77 162 56 146 58 139 131 97 131 91 106 85 96 80 114 134 62 151 97 177 147 77 105 59 14 165 141 14 96 77 0 116 80 163 109 123 174 117 160 17 134 35 59 133 137 102 69 175 58 133 186 13 37 133 89 191 77 84 53 162 116 0 117 121 145 55 166 110 138 123 124 85 66 156 120 32 103 137 65 17 167 129 82 193 176 152 51 157 68 56 80 117 0 93 33 85 94 43 83 97 57 63 59 54 62 86 16 101 61 131 107 89 88 76 68 117 112 46 63 146 163 121 93 0 91 66 53 50 25 180 40 133 112 81 32 95 97 16 115 125 48 174 152 135 155 32 153 133 119 58 109 145 33 91 0 106 73 47 74 126 51 95 91 24 59 113 49 95 94 158 89 115 120 50 64 108 145 44 96 139 123 55 85 66 106 0 111 62 83 136 72 88 64 110 66 31 77 82 66 61 112 136 101 156 152 97 91 131 71 131 174 166 94 53 73 111 0 61 29 191 44 151 136 51 46 135 105 43 139 172 17 183 175 101 136 46 186 117 143 97 117 110 43 50 47 62 61 0 43 134 17 91 75 48 20 78 49 59 78 121 70 128 114 96 106 75 126 84 82 131 160 138 83 25 74 83 29 43 0 177 26 133 116 59 23 108 91 21 119 144 30 170 156 113 138 34 163 117 123 91 17 123 97 180 126 136 191 134 177 0 151 49 72 150 154 113 86 192 70 140 203 14 41 148 102 208 80 99 65 106 134 124 57 40 51 72 44 17 26 151 0 108 92 43 8 93 65 45 95 133 53 144 131 96 115 60 142 93 99 85 35 85 63 133 95 88 151 91 133 49 108 0 24 117 110 67 48 146 23 102 161 48 25 132 99 162 56 86 18 96 59 66 59 112 91 64 136 75 116 72 92 24 0 110 93 43 43 126 3 82 145 72 40 134 110 142 54 93 7 80 133 156 54 81 24 110 51 48 59 150 43 117 110 0 51 124 69 80 113 168 68 139 142 54 85 91 164 66 115 114 137 120 62 32 59 66 46 20 23 154 8 110 93 51 0 89 69 39 96 127 52 148 133 104 123 55 141 101 100 134 102 32 86 95 113 31 135 78 108 113 93 67 43 124 89 0 73 111 44 45 138 115 74 162 148 127 60 128 49 62 69 103 16 97 49 77 105 49 91 86 65 48 43 69 69 73 0 107 45 118 117 79 73 91 75 123 96 55 47 151 175 137 101 16 95 82 43 59 21 192 45 146 126 80 39 111 107 0 129 141 34 186 166 134 159 16 169 138 133 97 58 65 61 115 94 66 139 78 119 70 95 23 3 113 96 44 45 129 0 82 148 71 38 136 111 145 51 95 5 177 133 17 131 125 158 61 172 121 144 140 133 102 82 168 127 45 118 141 82 0 173 146 99 207 191 155 66 173 85 147 186 167 107 48 89 112 17 70 30 203 53 161 145 68 52 138 117 34 148 173 0 195 184 118 153 32 193 133 152 77 13 129 89 174 115 136 183 128 170 14 144 48 72 139 148 115 79 186 71 146 195 0 48 135 88 202 88 86 66 105 37 82 88 152 120 101 175 114 156 41 131 25 40 142 133 74 73 166 38 99 184 48 0 156 119 182 40 108 33 59 133 193 76 135 50 156 101 96 113 148 96 132 134 54 104 162 91 134 136 207 118 135 156 0 53 144 186 49 137 14 89 176 68 155 64 152 136 106 138 102 115 99 110 85 123 148 75 159 111 191 153 88 119 53 0 172 155 22 110 165 191 152 117 32 108 97 46 75 34 208 60 162 142 91 55 127 123 16 145 155 32 202 182 144 172 0 185 151 149 141 77 51 112 153 145 91 186 126 163 80 142 56 54 164 141 60 96 169 51 66 193 88 40 186 155 185 0 142 49 14 84 157 46 133 44 131 117 84 117 99 93 86 93 66 101 128 55 138 95 173 133 86 108 49 22 151 142 0 94 96 53 68 63 119 96 71 143 82 123 65 99 18 7 115 100 49 47 133 5 85 152 66 33 137 110 149 49 94 0 
0 138 100 155 39 188 47 221 153 190 154 68 201 141 184 60 186 130 117 138 91 151 101 94 239 13 95 223 145 192 138 0 106 35 122 163 94 119 139 58 106 73 72 135 119 82 111 168 143 4 48 33 68 66 147 132 64 126 147 95 100 106 0 98 61 91 65 135 56 163 56 61 138 44 87 57 92 63 38 108 89 136 38 41 145 106 43 132 53 107 155 35 98 0 133 137 108 84 118 72 81 88 46 116 87 95 78 157 132 38 74 64 64 68 112 153 66 91 128 60 39 122 61 133 0 149 33 190 114 179 117 49 178 102 147 40 151 93 78 123 83 143 71 65 204 49 67 189 106 161 188 163 91 137 149 0 156 110 35 209 57 149 153 47 56 146 68 81 76 167 170 196 113 121 99 196 121 100 45 97 47 94 65 108 33 156 0 174 121 149 113 21 154 109 142 13 142 114 95 94 51 112 55 47 194 47 48 176 117 145 221 119 135 84 190 110 174 0 115 135 83 157 64 122 58 161 47 171 152 122 155 144 120 128 31 221 126 11 130 29 153 139 56 118 114 35 121 115 0 190 38 115 144 12 57 112 68 57 44 143 138 172 81 89 113 161 89 108 16 94 190 58 163 72 179 209 149 135 190 0 153 130 71 187 157 139 146 225 200 56 99 40 125 124 166 183 122 145 199 121 154 106 56 81 117 57 113 83 38 153 0 100 106 41 31 101 37 89 69 110 115 139 61 69 89 158 69 78 51 58 68 73 61 88 49 149 21 157 115 130 100 0 134 105 126 9 126 118 96 74 34 94 39 31 178 66 32 159 114 128 201 72 138 46 178 153 154 64 144 71 106 134 0 146 97 141 85 192 168 74 118 87 109 113 95 199 111 74 157 57 141 135 44 116 102 47 109 122 12 187 41 105 146 0 65 101 75 49 32 138 129 167 73 80 123 149 80 116 12 99 184 119 87 87 147 56 142 58 57 157 31 126 97 65 0 129 12 114 96 123 138 151 87 95 59 188 95 51 73 41 60 82 57 95 40 146 13 161 112 139 101 9 141 101 129 0 129 111 90 83 43 103 42 34 181 60 35 163 110 132 186 111 92 78 151 68 142 47 68 146 37 126 85 75 12 129 0 124 105 115 134 142 87 95 53 189 94 41 84 29 130 168 63 157 93 81 114 171 57 225 89 118 192 49 114 111 124 0 25 170 150 198 100 104 170 141 106 165 41 147 117 143 38 132 78 76 95 152 44 200 69 96 168 32 96 90 105 25 0 145 127 173 75 79 155 127 81 146 31 127 138 4 108 38 123 167 94 122 143 56 110 74 74 138 123 83 115 170 145 0 47 29 70 68 150 131 67 129 150 98 91 48 89 74 83 170 51 155 138 99 115 34 118 129 138 43 134 150 127 47 0 61 57 49 179 84 49 159 139 127 151 33 136 64 143 196 112 144 172 40 139 94 87 167 151 103 142 198 173 29 61 0 98 95 173 143 94 152 179 123 101 68 38 64 71 113 55 120 81 125 61 39 109 73 87 42 87 100 75 70 57 98 0 8 139 102 8 122 84 91 94 66 41 68 65 121 47 128 89 124 69 31 113 80 95 34 95 104 79 68 49 95 8 0 147 94 2 130 90 99 239 147 145 112 204 99 194 31 113 166 89 178 95 123 59 181 53 170 155 150 179 173 139 147 0 241 146 21 129 52 13 132 106 153 49 196 47 221 161 183 158 66 199 149 188 60 189 141 127 131 84 143 102 94 241 0 95 223 154 192 95 64 43 66 67 121 48 126 89 122 69 32 111 80 95 35 94 106 81 67 49 94 8 2 146 95 0 128 91 97 223 126 132 91 189 100 176 11 108 145 78 159 74 116 51 163 41 165 146 129 159 152 122 130 21 223 128 0 124 32 145 147 53 128 106 45 117 130 16 199 51 114 157 12 73 110 84 41 31 150 139 179 84 90 129 154 91 124 0 109 192 95 107 60 161 97 145 29 94 121 58 128 57 99 41 132 29 147 127 98 127 123 91 99 52 192 97 32 109 0 
0 29 186 163 202 27 181 135 121 102 30 57 142 68 32 46 149 172 204 167 106 171 143 102 135 44 14 80 138 8 29 0 163 151 176 19 153 115 96 93 53 38 119 40 61 65 120 159 178 139 77 153 114 79 107 51 26 62 109 33 186 163 0 84 31 180 59 58 67 113 215 129 188 126 216 187 142 74 33 51 109 50 134 84 78 164 174 184 105 193 163 151 84 0 115 170 133 52 87 62 192 113 225 129 184 143 190 12 117 119 138 34 181 87 125 125 149 196 153 171 202 176 31 115 0 191 40 84 81 139 229 145 180 136 232 208 131 105 2 42 110 81 124 100 76 185 190 185 98 208 27 19 180 170 191 0 166 134 113 112 41 57 115 55 55 72 124 178 193 153 88 172 119 97 120 64 33 53 118 27 181 153 59 133 40 166 0 89 69 139 206 129 141 113 213 196 91 127 41 17 79 102 85 88 46 173 172 153 60 186 135 115 58 52 84 134 89 0 35 55 164 78 173 85 162 129 138 52 86 72 86 39 129 39 73 107 121 150 101 142 121 96 67 87 81 113 69 35 0 72 149 64 138 59 151 127 103 87 83 52 51 71 94 19 40 104 109 121 67 127 102 93 113 62 139 112 139 55 72 0 131 59 189 82 122 81 164 73 141 122 107 78 155 58 111 63 88 147 133 110 30 53 215 192 229 41 206 164 149 131 0 86 149 93 23 64 164 201 231 192 129 200 159 131 160 70 43 86 159 22 57 38 129 113 145 57 129 78 64 59 86 0 134 28 87 68 120 121 147 113 66 115 112 45 86 45 45 88 98 64 142 119 188 225 180 115 141 173 138 189 149 134 0 107 169 184 50 225 182 139 87 209 56 139 110 170 145 63 83 142 68 40 126 129 136 55 113 85 59 82 93 28 107 0 100 92 92 134 138 99 40 124 84 46 67 72 60 67 72 73 32 61 216 184 232 55 213 162 151 122 23 87 169 100 0 46 179 195 234 199 138 196 174 132 167 59 42 106 170 29 46 65 187 143 208 72 196 129 127 81 64 68 184 92 46 0 183 154 210 179 132 159 176 108 154 23 39 124 164 51 149 120 142 190 131 124 91 138 103 164 164 120 50 92 179 183 0 189 132 91 57 169 9 108 66 163 146 84 37 150 172 159 74 12 105 178 127 52 87 73 201 121 225 134 195 154 189 0 107 113 138 25 181 90 123 136 158 201 152 180 204 178 33 117 2 193 41 86 83 141 231 147 182 138 234 210 132 107 0 44 112 83 126 102 78 187 192 187 100 210 167 139 51 119 42 153 17 72 52 122 192 113 139 99 199 179 91 113 44 0 68 89 83 71 34 156 157 143 56 172 106 77 109 138 110 88 79 86 51 107 129 66 87 40 138 132 57 138 112 68 0 122 48 52 34 111 100 75 32 110 171 153 50 34 81 172 102 39 71 78 200 115 209 124 196 159 169 25 83 89 122 0 161 78 103 139 157 189 132 178 143 114 134 181 124 119 85 129 94 155 159 112 56 84 174 176 9 181 126 83 48 161 0 99 58 156 140 82 29 145 102 79 84 87 100 97 88 39 19 58 131 45 139 46 132 108 108 90 102 71 52 78 99 0 53 85 90 111 75 109 135 107 78 125 76 120 46 73 40 111 160 86 110 67 167 154 66 123 78 34 34 103 58 53 0 131 127 109 29 140 44 51 164 125 185 64 173 107 104 63 70 45 170 72 59 23 163 136 187 156 111 139 156 85 131 0 31 113 143 51 14 26 174 149 190 33 172 121 109 88 43 45 145 60 42 39 146 158 192 157 100 157 140 90 127 31 0 85 132 22 80 62 184 196 185 53 153 150 121 147 86 88 63 67 106 124 84 201 187 143 75 189 82 111 109 113 85 0 94 79 138 109 105 153 98 118 60 101 67 133 159 98 83 72 170 164 37 152 100 56 32 132 29 75 29 143 132 94 0 142 8 33 193 171 208 27 186 142 127 110 22 64 142 73 29 51 150 180 210 172 110 178 145 109 140 51 22 79 142 0 
0 141 216 165 99 146 155 153 114 79 178 37 187 150 87 203 35 172 107 213 195 225 48 21 39 176 107 183 82 100 141 0 123 80 123 54 42 135 143 170 175 144 205 10 74 118 106 42 50 137 75 127 94 160 143 195 178 67 60 55 216 123 0 52 134 77 82 92 137 193 116 196 150 114 130 14 184 84 169 24 55 11 178 227 193 145 181 58 149 171 165 80 52 0 93 27 39 71 103 152 107 148 141 73 78 42 132 54 119 58 44 60 126 178 146 133 147 35 97 121 99 123 134 93 0 90 107 54 21 59 80 68 97 125 53 120 81 129 127 124 135 145 85 102 65 86 56 124 85 123 146 54 77 27 90 0 18 84 105 146 124 134 155 49 60 69 112 40 92 85 49 84 104 161 132 147 146 37 73 94 155 42 82 39 107 18 0 102 123 162 142 146 173 34 71 76 120 22 87 95 40 87 110 171 145 165 163 29 76 89 153 135 92 71 54 84 102 0 48 106 40 122 71 132 87 78 131 122 157 77 114 103 132 156 119 63 90 106 119 155 114 143 137 103 21 105 123 48 0 58 64 80 76 144 74 123 101 145 148 124 146 148 106 114 77 65 44 136 106 144 79 170 193 152 59 146 162 106 58 0 116 43 116 174 96 179 86 184 157 182 193 204 98 70 41 106 29 182 117 151 178 175 116 107 80 124 142 40 64 116 0 144 34 172 124 104 161 161 196 95 149 127 165 178 141 29 91 142 157 193 37 144 196 148 68 134 146 122 80 43 144 0 151 150 75 182 45 166 121 190 183 206 59 34 3 140 70 171 85 114 187 205 150 141 97 155 173 71 76 116 34 151 0 203 147 138 177 193 221 128 183 160 182 183 148 11 87 176 180 217 150 10 114 73 125 49 34 132 144 174 172 150 203 0 78 110 115 32 60 129 65 117 102 169 149 194 180 57 68 65 87 74 130 78 53 60 71 87 74 96 124 75 147 78 0 118 54 91 74 130 109 138 49 101 74 136 104 97 33 70 203 118 14 42 120 69 76 78 123 179 104 182 138 110 118 0 172 82 161 19 56 25 167 214 180 133 167 56 139 163 35 106 184 132 81 112 120 131 101 86 161 45 177 115 54 172 0 137 77 184 160 192 14 54 46 166 108 148 47 70 172 42 84 54 129 40 22 122 145 184 161 166 193 32 91 82 137 0 92 101 33 86 125 190 165 185 185 26 91 97 107 50 169 119 127 92 87 157 148 157 196 121 221 60 74 161 77 92 0 177 124 174 63 128 122 210 173 115 42 7 213 137 24 58 124 85 95 77 124 182 95 190 128 129 130 19 184 101 177 0 75 33 179 222 187 124 167 75 154 179 195 75 55 44 135 49 40 114 146 193 149 183 183 65 109 56 160 33 124 75 0 55 150 210 181 176 190 12 116 128 225 127 11 60 145 84 87 103 148 204 127 206 160 117 138 25 192 86 174 33 55 0 186 237 203 156 192 60 157 176 48 94 178 126 85 104 110 132 106 98 165 59 182 102 49 167 14 125 63 179 150 186 0 67 59 171 119 139 34 56 21 160 227 178 102 161 171 156 114 70 178 34 183 169 101 214 54 190 128 222 210 237 67 0 37 173 99 198 101 121 39 143 193 146 65 132 145 119 77 41 141 3 148 149 74 180 46 165 122 187 181 203 59 37 0 137 68 169 85 115 176 195 145 133 86 147 165 63 65 106 29 140 11 194 136 133 166 185 210 124 176 156 171 173 137 0 77 168 169 206 107 178 181 147 56 146 163 90 44 29 91 70 87 180 104 167 108 185 173 167 190 192 119 99 68 77 0 179 131 168 183 67 58 35 124 37 29 106 136 182 142 171 176 57 97 56 148 26 115 75 12 60 139 198 169 168 179 0 105 118 82 60 149 97 85 73 76 119 106 117 157 85 180 68 33 139 47 91 42 154 116 157 34 101 85 169 131 105 0 38 100 55 171 121 123 94 89 155 144 151 193 114 217 65 70 163 70 97 7 179 128 176 56 121 115 206 168 118 38 0 
