0 130 116 63 193 50 48 156 39 97 104 169 56 100 151 79 155 132 26 171 123 119 129 69 113 41 83 40 158 120 130 0 49 73 110 118 82 51 91 64 121 40 106 36 84 56 25 52 126 59 106 38 72 79 22 92 132 166 171 37 116 49 0 53 159 124 77 100 84 22 146 81 73 62 44 68 61 96 102 108 140 79 25 93 58 89 148 156 204 12 63 73 53 0 161 75 27 111 31 36 111 113 36 54 90 41 96 94 53 124 115 77 68 55 63 39 104 103 171 57 193 110 159 161 0 152 151 60 159 169 111 97 197 108 194 121 111 67 202 59 82 85 182 124 103 153 138 214 122 147 50 118 124 75 152 0 48 128 45 111 54 152 92 82 165 62 141 101 72 143 75 93 143 39 96 37 34 62 108 123 48 82 77 27 151 48 0 108 9 63 85 121 52 52 117 31 107 86 51 123 94 71 95 32 65 12 77 84 145 78 156 51 100 111 60 128 108 0 117 114 108 42 147 58 134 77 52 27 159 15 84 37 123 91 49 115 128 187 145 88 39 91 84 31 159 45 9 117 0 67 88 130 49 61 121 40 116 95 43 132 99 80 99 38 74 9 76 75 147 85 97 64 22 36 169 111 63 114 67 0 142 101 51 65 54 65 81 104 81 123 140 86 32 86 66 75 139 137 201 32 104 121 146 111 111 54 85 108 88 142 0 145 137 88 190 78 141 82 124 123 29 85 171 56 100 79 27 112 60 141 169 40 81 113 97 152 121 42 130 101 145 0 146 70 104 91 20 63 166 38 123 60 100 113 56 129 159 203 187 69 56 106 73 36 197 92 52 147 49 51 137 146 0 90 98 77 127 130 34 160 146 113 78 84 99 58 125 95 196 82 100 36 62 54 108 82 52 58 61 65 88 70 90 0 104 21 59 41 102 72 78 23 87 43 14 59 96 133 143 54 151 84 44 90 194 165 117 134 121 54 190 104 98 104 0 112 85 136 132 138 182 119 22 136 98 129 191 191 247 50 79 56 68 41 121 62 31 77 40 65 78 91 77 21 112 0 80 55 82 92 76 40 93 25 35 38 80 112 136 64 155 25 61 96 111 141 107 52 116 81 141 20 127 59 85 80 0 65 149 53 124 56 80 102 45 117 155 191 189 49 132 52 96 94 67 101 86 27 95 104 82 63 130 41 136 55 65 0 137 42 60 18 121 65 38 91 101 161 124 86 26 126 102 53 202 72 51 159 43 81 124 166 34 102 132 82 149 137 0 174 140 122 111 80 114 50 106 61 180 109 171 59 108 124 59 143 123 15 132 123 123 38 160 72 138 92 53 42 174 0 97 52 130 106 61 130 143 202 157 96 123 106 140 115 82 75 94 84 99 140 29 123 146 78 182 76 124 60 140 97 0 68 165 62 86 90 56 137 65 132 119 38 79 77 85 93 71 37 80 86 85 60 113 23 119 40 56 18 122 52 68 0 104 55 21 78 99 151 133 69 129 72 25 68 182 143 95 123 99 32 171 100 78 87 22 93 80 121 111 130 165 104 0 116 83 107 170 169 229 35 69 79 93 55 124 39 32 91 38 86 56 113 84 43 136 25 102 65 80 106 62 55 116 0 57 30 55 96 116 89 113 22 58 63 103 96 65 49 74 66 100 56 99 14 98 35 45 38 114 61 86 21 83 57 0 73 110 147 151 48 41 92 89 39 153 37 12 115 9 75 79 129 58 59 129 38 117 91 50 130 90 78 107 30 73 0 67 74 138 90 83 132 148 104 138 34 77 128 76 139 27 159 125 96 191 80 155 101 106 143 56 99 170 55 110 67 0 85 75 144 40 166 156 103 214 62 84 187 75 137 112 203 95 133 191 112 191 161 61 202 137 151 169 96 147 74 85 0 156 160 158 171 204 171 122 108 145 145 147 201 60 187 196 143 247 136 189 124 180 157 65 133 229 116 151 138 75 156 0 197 120 37 12 57 147 123 78 88 85 32 141 69 82 54 50 64 49 86 109 96 132 69 35 89 48 90 144 160 197 0 
0 79 120 38 96 103 118 51 100 154 137 149 103 45 122 138 112 35 163 133 91 74 128 18 139 71 142 159 126 131 79 0 190 79 59 74 128 94 178 189 82 137 156 123 133 134 185 57 175 97 167 150 197 65 144 147 154 184 136 159 120 190 0 112 174 170 132 155 43 104 214 172 58 93 131 159 11 155 145 193 34 48 10 138 147 51 136 126 133 109 38 79 112 0 69 72 80 89 106 121 112 111 78 70 84 100 108 63 125 102 94 77 119 48 101 74 104 124 88 96 96 59 174 69 0 15 76 134 175 142 43 78 126 137 81 75 173 96 121 40 162 145 179 93 87 143 102 133 84 111 103 74 170 72 15 0 63 144 175 130 44 63 119 142 68 60 170 107 107 30 161 145 174 102 73 143 88 119 70 99 118 128 132 80 76 63 0 169 153 68 100 40 74 141 5 27 136 140 47 70 136 125 132 128 21 124 26 57 8 38 51 94 155 89 134 144 169 0 123 204 170 196 151 62 173 187 145 38 214 174 121 107 165 42 190 104 193 210 177 182 100 178 43 106 175 175 153 123 0 140 218 193 85 61 153 180 32 132 174 202 17 30 53 117 171 32 162 160 156 137 154 189 104 121 142 130 68 204 140 0 168 94 58 158 63 84 113 184 47 137 124 122 99 169 68 123 50 24 62 31 137 82 214 112 43 44 100 170 218 168 0 84 163 179 105 88 214 132 137 32 204 188 218 132 104 186 121 153 106 138 149 137 172 111 78 63 40 196 193 94 84 0 114 177 41 13 176 163 55 52 176 165 172 154 27 164 44 75 39 70 103 156 58 78 126 119 74 151 85 58 163 114 0 100 73 101 63 137 89 139 68 64 58 120 89 65 79 75 75 52 45 123 93 70 137 142 141 62 61 158 179 177 100 0 144 166 83 73 178 172 59 45 103 59 162 42 161 170 148 142 122 133 131 84 81 68 5 173 153 63 105 41 73 144 0 28 135 144 43 74 136 126 131 132 18 125 22 52 4 33 138 134 159 100 75 60 27 187 180 84 88 13 101 166 28 0 163 155 49 56 163 152 159 145 16 151 34 66 26 58 112 185 11 108 173 170 136 145 32 113 214 176 63 83 135 163 0 147 152 194 24 39 21 130 152 42 142 134 138 115 35 57 155 63 96 107 140 38 132 184 132 163 137 73 144 155 147 0 186 136 126 109 163 17 159 106 166 187 148 159 163 175 145 125 121 107 47 214 174 47 137 55 89 178 43 49 152 186 0 105 157 152 142 173 34 152 21 23 39 37 133 97 193 102 40 30 70 174 202 137 32 52 139 172 74 56 194 136 105 0 187 172 196 132 72 171 89 121 75 107 91 167 34 94 162 161 136 121 17 124 204 176 68 59 136 163 24 126 157 187 0 17 44 109 154 20 145 143 139 120 74 150 48 77 145 145 125 107 30 122 188 165 64 45 126 152 39 109 152 172 17 0 58 92 144 3 138 139 129 115 128 197 10 119 179 174 132 165 53 99 218 172 58 103 131 159 21 163 142 196 44 58 0 146 147 61 133 122 133 106 18 65 138 48 93 102 128 42 117 169 132 154 120 59 132 145 130 17 173 132 109 92 146 0 148 89 152 172 136 144 139 144 147 101 87 73 21 190 171 68 104 27 89 162 18 16 152 159 34 72 154 144 147 148 0 143 18 50 15 43 71 147 51 74 143 143 124 104 32 123 186 164 65 42 125 151 42 106 152 171 20 3 61 89 143 0 138 140 129 115 142 154 136 104 102 88 26 193 162 50 121 44 79 161 22 34 142 166 21 89 145 138 133 152 18 138 0 32 18 27 159 184 126 124 133 119 57 210 160 24 153 75 75 170 52 66 134 187 23 121 143 139 122 172 50 140 32 0 49 28 126 136 133 88 84 70 8 177 156 62 106 39 75 148 4 26 138 148 39 75 139 129 133 136 15 129 18 49 0 33 131 159 109 96 111 99 38 182 137 31 138 70 52 142 33 58 115 159 37 107 120 115 106 144 43 115 27 28 33 0 
0 100 211 62 76 165 78 63 165 155 170 121 183 27 164 107 114 156 109 106 197 91 172 161 119 74 202 168 91 68 100 0 158 48 40 91 144 128 205 167 72 171 108 86 86 87 130 56 136 140 162 9 189 78 153 56 182 112 117 122 211 158 0 156 144 72 187 182 176 115 129 176 65 216 80 105 123 143 137 148 35 160 129 91 148 139 67 46 140 169 62 48 156 0 14 104 96 80 162 132 110 126 122 60 102 59 91 98 94 97 149 39 153 99 110 19 161 111 74 74 76 40 144 14 0 90 105 90 165 130 97 131 108 73 88 53 91 86 96 100 139 33 152 85 113 16 154 98 77 82 165 91 72 104 90 0 168 159 193 135 59 174 18 163 8 76 119 72 131 142 87 95 156 20 148 91 117 34 123 146 78 144 187 96 105 168 0 17 87 94 197 43 185 104 171 92 64 189 51 42 160 135 105 174 51 90 153 155 47 23 63 128 182 80 90 159 17 0 102 100 183 58 177 88 160 84 65 175 55 48 159 119 114 163 60 76 156 148 43 13 165 205 176 162 165 193 87 102 0 61 240 44 204 189 198 126 78 239 70 65 142 198 49 206 52 149 118 166 88 97 155 167 115 132 130 135 94 100 61 0 187 66 144 173 141 80 41 190 46 52 82 162 22 150 43 114 63 105 64 89 170 72 129 110 97 59 197 183 240 187 0 214 64 157 51 114 162 20 172 181 146 80 209 39 190 107 175 92 159 174 121 171 176 126 131 174 43 58 44 66 214 0 189 146 178 100 56 210 43 33 145 164 69 184 28 115 129 153 55 55 183 108 65 122 108 18 185 177 204 144 64 189 0 181 22 93 133 80 146 157 87 112 164 30 162 109 119 39 140 164 27 86 216 60 73 163 104 88 189 173 157 146 181 0 161 115 132 142 129 128 206 77 192 157 142 77 215 171 110 92 164 86 80 102 88 8 171 160 198 141 51 178 22 161 0 79 123 64 135 146 95 90 162 12 152 91 125 42 126 148 107 87 105 59 53 76 92 84 126 80 114 100 93 115 79 0 48 113 58 67 91 83 102 84 76 40 102 65 47 71 114 130 123 91 91 119 64 65 78 41 162 56 133 132 123 48 0 161 14 25 96 124 62 130 29 75 91 97 23 52 156 56 143 98 86 72 189 175 239 190 20 210 80 142 64 113 161 0 171 178 158 65 212 52 189 99 186 104 155 166 109 136 137 94 96 131 51 55 70 46 172 43 146 129 135 58 14 171 0 11 110 129 63 142 18 80 102 111 20 43 106 140 148 97 100 142 42 48 65 52 181 33 157 128 146 67 25 178 11 0 120 133 66 151 14 84 111 122 23 38 197 162 35 149 139 87 160 159 142 82 146 145 87 206 95 91 96 158 110 120 0 161 94 107 118 130 33 54 116 146 91 9 160 39 33 95 135 119 198 162 80 164 112 77 90 83 124 65 129 133 161 0 184 84 146 49 181 114 110 113 172 189 129 153 152 156 105 114 49 22 209 69 164 192 162 102 62 212 63 66 94 184 0 172 54 136 69 125 82 104 161 78 91 99 85 20 174 163 206 150 39 184 30 157 12 84 130 52 142 151 107 84 172 0 159 91 136 53 131 151 119 153 148 110 113 148 51 60 52 43 190 28 162 142 152 76 29 189 18 14 118 146 54 159 0 97 105 126 36 51 74 56 139 19 16 91 90 76 149 114 107 115 109 77 91 40 75 99 80 84 130 49 136 91 97 0 142 94 61 67 202 182 67 161 154 117 153 156 118 63 175 129 119 215 125 102 91 186 102 111 33 181 69 136 105 142 0 83 113 143 168 112 46 111 98 34 155 148 166 105 92 153 39 171 42 65 97 104 111 122 54 114 125 53 126 94 83 0 108 135 91 117 140 74 77 123 47 43 88 64 159 55 140 110 126 47 23 155 20 23 116 110 82 131 36 61 113 108 0 30 68 122 169 74 82 146 23 13 97 89 174 55 164 92 148 71 52 166 43 38 146 113 104 151 51 67 143 135 30 0 
0 103 61 96 138 142 181 81 36 58 71 55 70 47 145 107 92 153 77 102 45 123 166 62 116 97 43 57 119 114 103 0 43 96 147 67 88 85 71 123 62 123 36 58 106 67 81 68 97 94 130 74 108 46 80 39 68 122 129 103 61 43 0 90 125 85 120 58 35 83 51 82 9 25 104 61 60 94 82 74 88 76 119 26 74 40 26 82 106 86 96 96 90 0 214 163 181 147 70 150 39 148 96 70 193 150 150 164 21 164 141 163 202 64 163 124 103 150 194 176 138 147 125 214 0 112 156 67 146 88 175 91 122 144 64 82 66 130 201 53 112 83 94 151 71 108 111 88 20 44 142 67 85 163 112 0 47 79 120 133 127 134 76 110 51 41 66 18 162 71 152 30 41 105 43 46 99 132 100 72 181 88 120 181 156 47 0 126 155 180 150 181 111 143 92 88 113 30 185 118 196 77 67 133 90 85 139 179 146 118 81 85 58 147 67 79 126 0 80 54 108 55 56 77 65 38 13 96 135 21 74 52 91 84 40 51 45 53 48 33 36 71 35 70 146 120 155 80 0 81 36 79 44 13 136 95 87 129 55 100 77 111 154 27 106 75 35 81 126 112 58 123 83 150 88 133 180 54 81 0 117 3 87 87 115 92 67 150 133 69 24 106 144 100 94 98 57 1 72 78 71 62 51 39 175 127 150 108 36 117 0 115 57 32 154 111 111 130 35 125 113 124 164 25 124 85 66 117 156 137 55 123 82 148 91 134 181 55 79 3 115 0 87 85 118 93 68 151 131 72 21 107 146 99 95 98 56 3 75 81 70 36 9 96 122 76 111 56 44 87 57 87 0 34 97 54 56 85 89 70 94 68 110 32 67 31 32 86 103 82 47 58 25 70 144 110 143 77 13 87 32 85 34 0 128 86 82 117 59 95 86 101 144 15 98 65 34 86 124 107 145 106 104 193 64 51 92 65 136 115 154 118 97 128 0 43 53 68 186 46 138 32 31 129 30 70 105 115 59 38 107 67 61 150 82 41 88 38 95 92 111 93 54 86 43 0 25 58 143 33 111 16 59 86 13 28 65 91 66 38 92 81 60 150 66 66 113 13 87 67 111 68 56 82 53 25 0 83 141 14 87 39 78 86 27 43 53 66 48 26 153 68 94 164 130 18 30 96 129 150 130 151 85 117 68 58 83 0 165 89 167 48 52 110 61 56 110 149 118 90 77 97 82 21 201 162 185 135 55 133 35 131 89 59 186 143 141 165 0 154 122 157 198 58 156 119 90 132 181 166 102 94 74 164 53 71 118 21 100 69 125 72 70 95 46 33 14 89 154 0 92 41 75 100 28 55 65 69 35 12 45 130 88 141 112 152 196 74 77 24 113 21 94 86 138 111 87 167 122 92 0 126 165 101 114 112 62 24 96 101 123 74 76 163 83 30 77 52 111 106 124 107 68 101 32 16 39 48 157 41 126 0 43 100 13 39 81 105 71 42 166 108 119 202 94 41 67 91 154 144 164 146 110 144 31 59 78 52 198 75 165 43 0 140 51 79 124 144 90 68 62 46 26 64 151 105 133 84 27 100 25 99 32 15 129 86 86 110 58 100 101 100 140 0 99 61 45 99 132 112 116 80 74 163 71 43 90 40 106 94 124 95 67 98 30 13 27 61 156 28 114 13 51 99 0 41 75 93 58 29 97 39 40 124 108 46 85 51 75 98 85 98 31 65 70 28 43 56 119 55 112 39 79 61 41 0 54 97 90 64 43 68 26 103 111 99 139 45 35 57 66 56 32 34 105 65 53 110 90 65 62 81 124 45 75 54 0 56 91 77 57 122 82 150 88 132 179 53 81 1 117 3 86 86 115 91 66 149 132 69 24 105 144 99 93 97 56 0 72 78 119 129 106 194 20 100 146 48 126 72 156 75 103 124 59 66 48 118 181 35 96 71 90 132 58 90 91 72 0 29 114 103 86 176 44 72 118 33 112 78 137 81 82 107 38 38 26 90 166 12 101 42 68 112 29 64 77 78 29 0 
0 43 158 125 36 62 54 50 59 67 65 144 28 100 139 122 81 138 27 151 44 117 131 134 75 101 43 134 55 38 43 0 129 93 70 105 27 7 74 41 104 106 46 57 96 145 41 102 69 134 87 146 91 94 40 73 41 94 22 76 158 129 0 36 157 205 147 122 129 91 190 42 137 98 116 170 89 35 174 52 198 184 54 56 145 57 169 61 141 167 125 93 36 0 129 177 111 86 106 58 165 27 106 63 88 158 53 16 143 66 166 170 27 31 109 26 133 36 105 139 36 70 157 129 0 48 88 74 33 74 37 152 25 121 163 86 97 144 23 138 46 81 142 146 107 103 79 148 87 10 62 105 205 177 48 0 114 112 80 120 26 199 71 161 201 106 141 192 36 185 24 93 188 192 135 151 96 193 116 38 54 27 147 111 88 114 0 30 99 66 119 121 68 62 93 169 58 119 81 159 92 168 106 108 21 95 25 106 6 92 50 7 122 86 74 112 30 0 75 36 110 99 50 50 90 146 34 95 76 129 94 149 84 87 40 66 47 87 25 82 59 74 129 106 33 80 99 75 0 58 61 131 32 113 156 71 86 122 56 105 79 74 123 127 114 80 98 130 96 43 67 41 91 58 74 120 66 36 58 0 111 79 49 56 99 126 29 72 86 93 108 132 68 72 74 34 82 74 61 84 65 104 190 165 37 26 119 110 61 111 0 189 62 158 200 80 134 180 38 165 42 68 179 183 140 139 105 185 120 28 144 106 42 27 152 199 121 99 131 79 189 0 128 62 74 185 65 11 165 87 187 197 15 15 112 51 144 19 115 162 28 46 137 106 25 71 68 50 32 49 62 128 0 96 138 101 72 121 37 124 61 100 117 121 86 80 66 123 66 35 100 57 98 63 121 161 62 50 113 56 158 62 96 0 43 182 27 64 125 126 144 187 47 48 50 60 86 45 56 130 139 96 116 88 163 201 93 90 156 99 200 74 138 43 0 225 70 81 165 154 182 230 62 60 74 96 117 55 89 172 122 145 170 158 86 106 169 146 71 126 80 185 101 182 225 0 155 174 106 127 121 19 181 185 185 136 165 189 167 88 81 41 89 53 97 141 58 34 86 29 134 65 72 27 70 155 0 61 105 107 125 160 50 53 57 40 80 53 52 106 138 102 35 16 144 192 119 95 122 72 180 11 121 64 81 174 61 0 158 76 180 186 19 21 113 42 141 26 113 154 27 69 174 143 23 36 81 76 56 86 38 165 37 125 165 106 105 158 0 159 24 99 153 156 102 117 67 158 82 18 151 134 52 66 138 185 159 129 105 93 165 87 124 126 154 127 107 76 159 0 183 143 93 96 164 67 175 101 154 148 44 87 198 166 46 24 92 94 79 108 42 187 61 144 182 121 125 180 24 183 0 110 174 178 113 141 72 178 94 37 117 146 184 170 81 93 168 149 74 132 68 197 100 187 230 19 160 186 99 143 110 0 192 196 186 147 160 200 166 81 131 91 54 27 142 188 106 84 123 68 179 15 117 47 62 181 50 19 153 93 174 192 0 4 97 45 129 9 100 152 134 94 56 31 146 192 108 87 127 72 183 15 121 48 60 185 53 21 156 96 178 196 4 0 98 49 132 5 102 156 75 40 145 109 107 135 21 40 114 74 140 112 86 50 74 185 57 113 102 164 113 186 97 98 0 97 44 95 20 112 101 73 57 26 103 151 95 66 80 34 139 51 80 60 96 136 40 42 117 67 141 147 45 49 97 0 113 53 89 113 43 41 169 133 79 96 25 47 98 82 105 144 66 86 117 165 80 141 67 175 72 160 129 132 44 113 0 130 30 81 134 94 61 36 148 193 106 87 130 74 185 19 123 45 55 189 53 26 158 101 178 200 9 5 95 53 130 0 100 158 55 22 141 105 87 116 6 25 96 61 120 115 66 56 89 167 52 113 82 154 94 166 100 102 20 89 30 100 0 92 38 76 167 139 10 38 92 82 43 84 28 162 35 130 172 88 106 154 18 148 37 81 152 156 112 113 81 158 92 0 
0 81 137 161 150 198 92 237 206 108 196 203 192 71 65 81 165 130 195 52 195 171 41 160 158 200 162 90 22 199 81 0 81 104 102 206 37 185 172 133 146 157 158 83 20 6 84 90 174 89 164 106 51 80 142 165 181 123 72 182 137 81 0 25 24 155 48 105 94 118 65 76 81 87 99 86 80 26 104 110 88 35 96 68 82 87 144 120 117 115 161 104 25 0 22 156 73 81 78 133 43 56 67 109 123 110 86 40 95 132 75 18 120 74 82 72 151 137 142 107 150 102 24 22 0 135 67 88 70 111 47 55 57 90 118 108 101 20 81 114 64 40 109 89 61 63 129 117 129 91 198 206 155 156 135 0 171 158 104 91 141 130 102 132 212 212 235 130 72 146 95 174 175 223 74 104 39 110 178 61 92 37 48 73 67 171 0 153 135 107 113 122 121 62 51 43 85 53 137 77 127 79 51 77 105 128 149 101 74 145 237 185 105 81 88 158 153 0 54 180 41 37 61 175 204 191 152 107 86 199 65 84 197 142 105 55 173 191 216 97 206 172 94 78 70 104 135 54 0 131 43 29 14 138 186 178 163 82 32 162 12 91 168 152 55 7 119 145 184 43 108 133 118 133 111 91 107 180 131 0 145 143 120 50 133 138 190 94 109 57 119 151 92 179 76 128 54 19 89 107 196 146 65 43 47 141 113 41 43 145 0 15 39 135 164 151 123 66 70 159 47 51 156 112 76 39 148 155 175 82 203 157 76 56 55 130 122 37 29 143 15 0 28 138 173 162 138 73 58 162 35 66 163 127 70 26 140 154 181 70 192 158 81 67 57 102 121 61 14 120 39 28 0 124 172 164 153 68 31 148 8 82 154 141 45 8 113 134 170 43 71 83 87 109 90 132 62 175 138 50 135 138 124 0 83 88 147 70 124 24 126 122 43 138 87 132 101 40 49 128 65 20 99 123 118 212 51 204 186 133 164 173 172 83 0 17 102 104 187 82 178 126 43 98 152 179 184 120 59 194 81 6 86 110 108 212 43 191 178 138 151 162 164 88 17 0 85 96 180 92 170 111 54 81 148 171 186 127 73 188 165 84 80 86 101 235 85 152 163 190 123 138 153 147 102 85 0 106 181 162 161 72 130 12 162 157 223 186 153 192 130 90 26 40 20 130 53 107 82 94 66 73 68 70 104 96 106 0 85 94 74 57 90 94 58 75 118 97 109 94 195 174 104 95 81 72 137 86 32 109 70 58 31 124 187 180 181 85 0 147 23 112 162 169 37 32 89 126 173 12 52 89 110 132 114 146 77 199 162 57 159 162 148 24 82 92 162 94 147 0 150 145 39 154 110 156 111 40 32 150 195 164 88 75 64 95 127 65 12 119 47 35 8 126 178 170 161 74 23 150 0 90 158 149 43 10 108 133 173 35 171 106 35 18 40 174 79 84 91 151 51 66 82 122 126 111 72 57 112 145 90 0 130 61 100 85 169 154 152 124 41 51 96 120 109 175 51 197 168 92 156 163 154 43 43 54 130 90 162 39 158 130 0 124 125 162 144 77 23 167 160 80 68 74 89 223 77 142 152 179 112 127 141 138 98 81 12 94 169 154 149 61 124 0 150 146 212 176 147 180 158 142 82 82 61 74 105 105 55 76 76 70 45 87 152 148 162 58 37 110 43 100 125 150 0 52 72 90 136 42 200 165 87 72 63 104 128 55 7 128 39 26 8 132 179 171 157 75 32 156 10 85 162 146 52 0 118 141 178 44 162 181 144 151 129 39 149 173 119 54 148 140 113 101 184 186 223 118 89 111 108 169 144 212 72 118 0 72 143 81 90 123 120 137 117 110 101 191 145 19 155 154 134 40 120 127 186 97 126 40 133 154 77 176 90 141 72 0 72 125 22 72 117 142 129 178 74 216 184 89 175 181 170 49 59 73 153 109 173 32 173 152 23 147 136 178 143 72 0 177 199 182 115 107 91 61 145 97 43 107 82 70 43 128 194 188 192 94 12 150 35 124 167 180 42 44 81 125 177 0 
0 126 211 51 67 140 136 157 191 81 19 21 156 122 57 123 65 165 116 158 31 38 168 100 50 94 32 169 163 104 126 0 131 132 93 160 12 31 115 155 120 138 57 119 134 125 61 40 101 83 148 95 47 26 77 32 108 161 201 119 211 131 0 182 145 132 136 127 20 182 217 211 74 107 179 111 156 132 102 54 242 198 99 141 165 146 211 101 168 125 51 132 182 0 42 90 144 162 162 31 70 37 143 81 6 79 74 172 80 135 79 76 165 107 58 103 78 123 112 61 67 93 145 42 0 86 105 122 125 62 78 66 101 58 42 60 44 132 49 95 98 69 123 71 36 68 78 107 120 43 140 160 132 90 86 0 172 181 118 70 156 127 135 41 84 35 127 190 59 110 169 154 169 146 122 145 160 39 42 43 136 12 136 144 105 172 0 21 120 167 130 149 62 131 146 137 72 29 113 90 158 104 44 37 88 42 117 172 213 131 157 31 127 162 122 181 21 0 115 184 151 169 57 140 163 146 92 10 122 87 179 125 29 57 108 63 138 176 223 143 191 115 20 162 125 118 120 115 0 164 197 191 58 89 159 94 137 121 82 35 222 179 88 123 145 127 192 90 155 107 81 155 182 31 62 70 167 184 164 0 100 63 156 76 26 73 101 194 83 143 105 107 183 133 87 129 109 108 83 57 19 120 217 70 78 156 130 151 197 100 0 40 157 136 76 137 64 159 127 163 28 26 165 95 52 89 14 183 182 118 21 138 211 37 66 127 149 169 191 63 40 0 163 116 43 116 77 178 113 161 42 58 180 112 61 107 53 160 146 97 156 57 74 143 101 135 62 57 58 156 157 163 0 95 142 101 93 65 79 30 184 135 35 70 106 75 148 123 177 104 122 119 107 81 58 41 131 140 89 76 136 116 95 0 76 6 95 149 18 73 153 127 128 107 92 107 136 50 83 20 57 134 179 6 42 84 146 163 159 26 76 43 142 76 0 75 77 173 77 133 85 81 165 110 62 106 83 118 106 56 123 125 111 79 60 35 137 146 94 73 137 116 101 6 75 0 99 155 24 79 154 129 134 112 95 112 138 47 77 19 65 61 156 74 44 127 72 92 137 101 64 77 93 95 77 99 0 101 80 102 91 42 103 35 16 30 55 144 164 84 165 40 132 172 132 190 29 10 121 194 159 178 65 149 173 155 101 0 131 95 187 133 33 66 117 71 146 185 232 153 116 101 102 80 49 59 113 122 82 83 127 113 79 18 77 24 80 131 0 60 147 115 111 89 79 90 126 65 101 26 158 83 54 135 95 110 90 87 35 143 163 161 30 73 133 79 102 95 60 0 189 144 65 88 111 92 157 93 151 86 31 148 242 79 98 169 158 179 222 105 28 42 184 153 85 154 91 187 147 189 0 54 193 123 78 117 41 200 188 135 38 95 198 76 69 154 104 125 179 107 26 58 135 127 81 129 42 133 115 144 54 0 140 70 36 64 13 176 184 112 168 47 99 165 123 169 44 29 88 183 165 180 35 128 165 134 103 33 111 65 193 140 0 70 119 76 153 158 211 135 100 26 141 107 71 146 37 57 123 133 95 112 70 107 110 112 35 66 89 88 123 70 70 0 51 6 83 153 185 103 50 77 165 58 36 122 88 108 145 87 52 61 106 92 62 95 16 117 79 111 78 36 119 51 0 46 47 142 155 79 94 32 146 103 68 145 42 63 127 129 89 107 75 107 106 112 30 71 90 92 117 64 76 6 46 0 77 154 184 102 32 108 211 78 78 160 117 138 192 109 14 53 148 136 83 138 55 146 126 157 41 13 153 83 47 77 0 185 189 120 169 161 101 123 107 39 172 176 90 108 183 160 123 50 118 47 144 185 65 93 200 176 158 153 142 154 185 0 67 65 163 201 168 112 120 42 213 223 155 83 182 146 177 83 106 77 164 232 101 151 188 184 211 185 155 184 189 67 0 82 104 119 125 61 43 43 131 143 107 57 118 97 104 20 56 19 84 153 26 86 135 112 135 103 79 102 120 65 82 0 
0 134 124 65 102 108 53 144 165 193 147 153 114 162 140 170 34 169 118 93 131 143 150 182 20 227 127 43 104 127 134 0 106 90 76 28 116 151 66 71 134 82 20 46 46 45 142 35 39 125 94 46 60 84 125 97 44 92 96 22 124 106 0 134 35 88 149 45 74 113 31 46 100 90 146 102 154 132 128 43 15 148 161 190 105 149 62 105 21 120 65 90 134 0 100 71 26 169 142 160 163 142 71 130 79 134 56 120 60 122 133 82 87 117 69 187 104 35 114 75 102 76 35 100 0 55 118 77 68 104 66 51 67 75 113 86 126 107 94 50 33 115 128 157 83 140 39 74 20 87 108 28 88 71 55 0 96 132 72 90 119 77 12 59 58 64 119 63 40 100 80 60 73 102 97 120 36 66 75 32 53 116 149 26 118 96 0 180 166 186 177 163 97 155 105 160 33 146 86 130 151 108 110 139 65 213 127 44 128 101 144 151 45 169 77 132 180 0 113 152 21 84 144 133 190 145 176 176 171 51 57 192 205 234 124 187 107 136 58 164 165 66 74 142 68 72 166 113 0 39 93 29 77 24 112 35 184 73 104 112 59 112 126 144 149 75 39 129 80 88 193 71 113 160 104 90 186 152 39 0 131 68 89 31 110 26 208 59 109 150 98 109 121 131 179 36 68 154 118 92 147 134 31 163 66 119 177 21 93 131 0 64 131 114 177 126 179 159 159 56 40 179 192 218 127 166 90 133 49 151 153 82 46 142 51 77 163 84 29 68 64 0 85 51 128 62 176 99 114 87 31 128 142 166 134 103 41 122 56 102 114 20 100 71 67 12 97 144 77 89 131 85 0 60 46 63 122 55 29 112 91 48 61 90 105 117 44 72 87 20 162 46 90 130 75 59 155 133 24 31 114 51 60 0 89 12 177 49 85 123 76 89 103 120 148 66 37 123 91 68 140 46 146 79 113 58 105 190 112 110 177 128 46 89 0 86 135 53 23 158 137 3 15 45 137 126 88 99 133 26 170 45 102 134 86 64 160 145 35 26 126 62 63 12 86 0 183 40 84 135 88 85 98 112 157 57 48 130 103 67 34 142 154 56 126 119 33 176 184 208 179 176 122 177 135 183 0 175 116 125 158 138 143 172 53 239 145 55 133 130 169 35 132 120 107 63 146 176 73 59 159 99 55 49 53 40 175 0 61 157 119 51 62 72 160 73 70 127 127 45 118 39 128 60 94 40 86 171 104 109 159 114 29 85 23 84 116 61 0 136 120 26 36 68 114 132 73 76 114 17 93 125 43 122 50 100 130 51 112 150 56 87 112 123 158 135 125 157 136 0 56 160 172 202 73 186 89 87 32 132 131 94 15 133 33 80 151 57 59 98 40 31 91 76 137 88 158 119 120 56 0 139 152 178 112 134 50 107 28 111 143 46 148 82 115 60 108 192 112 109 179 128 48 89 3 85 138 51 26 160 139 0 14 43 140 124 89 102 135 28 150 60 161 87 128 73 110 205 126 121 192 142 61 103 15 98 143 62 36 172 152 14 0 32 148 134 103 110 148 41 182 84 190 117 157 102 139 234 144 131 218 166 90 120 45 112 172 72 68 202 178 43 32 0 180 136 128 142 177 70 20 125 105 69 83 97 65 124 149 179 127 134 105 148 137 157 53 160 114 73 112 140 148 180 0 214 112 38 84 120 227 97 149 187 140 120 213 187 75 36 166 103 117 66 126 57 239 73 132 186 134 124 134 136 214 0 103 186 154 115 127 44 62 104 39 36 127 107 39 68 90 41 44 37 88 48 145 70 73 89 50 89 103 128 112 103 0 90 57 62 43 92 105 35 74 66 44 136 129 154 133 122 72 123 99 130 55 127 76 87 107 102 110 142 38 186 90 0 84 84 104 96 21 114 20 75 128 58 80 118 49 56 87 91 133 103 133 127 114 32 28 135 148 177 84 154 57 84 0 107 127 22 120 75 87 32 101 164 88 92 151 102 20 68 26 67 130 45 17 132 111 28 41 70 120 115 62 84 107 0 
0 23 94 58 55 125 74 161 166 161 57 33 56 79 128 130 95 123 186 149 30 87 149 56 97 150 114 74 74 42 23 0 113 80 50 147 96 179 183 184 55 35 59 94 142 153 99 145 209 172 10 96 163 50 118 161 133 78 97 51 94 113 0 50 146 55 45 172 186 133 147 123 76 26 165 102 170 53 138 104 115 149 182 147 21 193 126 151 68 122 58 80 50 0 101 67 16 133 145 114 100 79 75 53 118 81 120 65 132 95 86 99 137 103 43 146 85 101 26 73 55 50 146 101 0 167 117 155 155 179 7 23 108 134 111 153 52 165 212 177 58 60 131 2 144 123 118 36 106 31 125 147 55 67 167 0 51 138 155 86 165 145 126 80 147 60 174 2 83 53 152 149 160 169 35 175 101 158 62 137 74 96 45 16 117 51 0 129 142 102 115 95 87 55 120 69 131 49 117 80 102 108 137 118 31 148 82 113 23 88 161 179 172 133 155 138 129 0 18 68 148 149 204 184 48 78 118 139 109 97 189 97 40 157 152 60 49 121 107 131 166 183 186 145 155 155 142 18 0 86 148 152 213 196 44 95 113 155 127 115 193 95 28 157 167 47 60 119 119 134 161 184 133 114 179 86 102 68 86 0 174 164 189 154 101 33 159 87 42 34 191 133 103 181 112 123 64 154 89 148 57 55 147 100 7 165 115 148 148 174 0 24 112 135 104 149 46 163 208 173 64 53 124 9 143 116 112 29 103 28 33 35 123 79 23 145 95 149 152 164 24 0 88 111 109 137 64 144 196 160 45 61 130 24 122 126 107 43 86 18 56 59 76 75 108 126 87 204 213 189 112 88 0 50 179 156 151 124 204 167 54 142 200 108 91 203 155 130 101 98 79 94 26 53 134 80 55 184 196 154 135 111 50 0 171 122 165 78 162 128 94 148 190 135 45 199 136 144 77 113 128 142 165 118 111 147 120 48 44 101 104 109 179 171 0 96 70 146 143 121 152 51 21 113 149 28 46 75 97 92 130 153 102 81 153 60 69 78 95 33 149 137 156 122 96 0 141 61 59 26 160 115 104 155 81 122 50 132 57 122 95 99 170 120 52 174 131 118 113 159 46 64 151 165 70 141 0 173 198 167 109 26 86 54 162 75 95 21 112 53 123 145 53 65 165 2 49 139 155 87 163 144 124 78 146 61 173 0 85 54 150 148 160 167 33 174 101 157 61 135 186 209 138 132 212 83 117 109 127 42 208 196 204 162 143 59 198 85 0 37 216 172 145 214 117 165 103 191 112 181 149 172 104 95 177 53 80 97 115 34 173 160 167 128 121 26 167 54 37 0 179 141 128 179 83 147 76 158 75 146 30 10 115 86 58 152 102 189 193 191 64 45 54 94 152 160 109 150 216 179 0 106 173 58 121 171 143 88 104 61 87 96 149 99 60 149 108 97 95 133 53 61 142 148 51 115 26 148 172 141 106 0 71 62 139 65 69 24 88 45 149 163 182 137 131 160 137 40 28 103 124 130 200 190 21 104 86 160 145 128 173 71 0 133 166 20 59 95 114 113 56 50 147 103 2 169 118 157 157 181 9 24 108 135 113 155 54 167 214 179 58 62 133 0 146 125 120 38 108 33 97 118 21 43 144 35 31 152 167 112 143 122 91 45 149 81 162 33 117 83 121 139 166 146 0 177 108 144 53 116 150 161 193 146 123 175 148 60 47 123 116 126 203 199 28 122 75 174 165 147 171 65 20 125 177 0 74 87 125 110 114 133 126 85 118 101 82 49 60 64 112 107 155 136 46 50 95 101 103 76 143 69 59 120 108 74 0 90 59 90 74 78 151 101 36 158 113 121 119 154 29 43 130 144 75 132 21 157 191 158 88 24 95 38 144 87 90 0 96 32 74 97 68 26 106 62 23 107 119 89 103 86 101 77 97 57 112 61 112 75 104 88 114 108 53 125 59 96 0 75 42 51 122 73 31 137 88 131 134 148 28 18 98 113 92 122 53 135 181 146 61 45 113 33 116 110 90 32 75 0 
0 96 142 119 128 61 69 179 79 44 159 99 128 138 148 169 52 94 66 169 109 24 96 201 51 88 129 87 116 130 96 0 123 199 53 91 30 110 36 131 156 169 188 61 119 116 63 84 160 116 24 117 114 227 51 47 152 41 63 199 142 123 0 160 86 81 132 84 149 137 35 125 125 88 16 55 95 49 164 55 105 142 53 117 142 77 60 83 63 140 119 199 160 0 205 112 180 236 195 75 151 36 44 214 175 213 137 140 64 213 201 96 112 134 168 165 105 169 183 31 128 53 86 205 0 94 78 57 89 150 121 171 183 10 76 64 77 67 180 64 29 141 100 201 97 42 132 41 25 197 61 91 81 112 94 0 79 134 98 61 98 78 97 103 89 116 30 37 90 116 89 61 36 149 78 53 73 57 74 108 69 30 132 180 78 79 0 135 19 108 161 152 175 87 130 136 49 86 134 136 50 91 110 225 21 55 149 49 79 183 179 110 84 236 57 134 135 0 146 195 115 200 206 49 69 31 127 98 224 31 86 190 124 198 154 92 144 93 63 221 79 36 149 195 89 98 19 146 0 122 180 169 193 97 147 150 68 105 145 150 60 103 129 244 28 72 168 66 94 200 44 131 137 75 150 61 108 195 122 0 146 58 87 160 148 177 73 98 30 177 138 21 85 170 94 108 106 109 133 89 159 156 35 151 121 98 161 115 180 146 0 118 110 123 47 84 119 75 169 84 140 155 63 83 169 109 46 115 98 126 99 169 125 36 171 78 152 200 169 58 118 0 29 179 140 177 106 105 63 177 167 79 76 117 143 131 72 135 148 31 128 188 125 44 183 97 175 206 193 87 110 29 0 190 140 179 127 116 91 179 186 108 84 91 169 148 65 153 159 16 138 61 88 214 10 103 87 49 97 160 123 179 190 0 77 59 87 74 190 59 37 151 106 205 106 52 138 51 31 204 148 119 16 175 76 89 130 69 147 148 47 140 140 77 0 39 99 54 176 39 98 150 66 130 143 76 76 81 56 156 169 116 55 213 64 116 136 31 150 177 84 177 179 59 39 0 117 79 206 0 92 177 101 167 153 85 115 89 57 195 52 63 95 137 77 30 49 127 68 73 119 106 127 87 99 117 0 46 103 117 65 64 62 177 50 36 101 36 64 136 94 84 49 140 67 37 86 98 105 98 75 105 116 74 54 79 46 0 127 79 73 98 33 143 94 37 68 43 43 130 66 160 164 64 180 90 134 224 145 30 169 63 91 190 176 206 103 127 0 206 168 43 111 180 117 138 126 139 163 86 169 116 55 213 64 116 136 31 150 177 84 177 179 59 39 0 117 79 206 0 92 177 101 167 153 85 115 89 57 195 109 24 105 201 29 89 50 86 60 138 140 167 186 37 98 92 65 73 168 92 0 127 105 216 71 38 141 33 42 197 24 117 142 96 141 61 91 190 103 21 155 79 108 151 150 177 64 98 43 177 127 0 92 186 75 100 119 100 128 109 96 114 53 112 100 36 110 124 129 85 63 76 84 106 66 101 62 33 111 101 105 92 0 115 112 68 39 74 75 98 201 227 117 134 201 149 225 198 244 170 83 117 91 205 130 167 177 143 180 167 216 186 115 0 227 180 76 186 177 103 51 51 142 168 97 78 21 154 28 94 169 143 169 106 143 153 50 94 117 153 71 75 112 227 0 68 151 64 96 174 88 47 77 165 42 53 55 92 72 108 109 131 148 52 76 85 36 37 138 85 38 100 68 180 68 0 105 6 29 159 129 152 60 105 132 73 149 144 168 106 46 72 65 138 76 115 101 68 126 115 141 119 39 76 151 105 0 111 107 81 87 41 83 169 41 57 49 93 66 109 115 135 153 51 81 89 36 43 139 89 33 100 74 186 64 6 111 0 32 164 116 63 63 183 25 74 79 63 94 133 98 148 159 31 56 57 64 43 163 57 42 128 75 177 96 29 107 32 0 173 130 199 140 31 197 108 183 221 200 89 126 31 16 204 156 195 136 130 86 195 197 109 98 103 174 159 81 164 173 0 
0 170 249 252 218 168 182 205 119 110 11 52 187 44 172 90 157 46 106 100 124 129 221 41 113 119 150 187 167 217 170 0 84 84 73 139 122 37 51 60 165 124 89 137 8 121 24 124 125 83 53 77 67 149 90 109 64 65 143 49 249 84 0 25 44 162 190 67 133 139 245 207 96 220 79 182 106 204 178 152 125 131 32 232 174 191 108 125 167 63 252 84 25 0 65 182 175 56 134 142 248 208 116 221 80 194 102 207 191 160 131 143 51 233 169 184 121 110 187 49 218 73 44 65 0 118 194 76 110 113 217 181 52 194 65 144 97 176 138 118 95 93 14 206 161 181 70 131 123 80 168 139 162 182 118 0 245 169 127 118 174 160 66 170 133 79 152 147 62 94 103 70 131 182 183 203 75 202 5 179 182 122 190 175 194 245 0 123 118 129 172 133 209 138 130 194 101 146 207 158 142 175 185 142 73 63 175 65 248 127 205 37 67 56 76 169 123 0 86 97 199 156 110 169 39 158 48 159 161 120 90 113 64 180 113 128 96 58 173 12 119 51 133 134 110 127 118 86 0 13 114 74 101 87 54 82 40 73 91 43 24 57 109 99 58 78 61 85 130 98 110 60 139 142 113 118 129 97 13 0 106 68 98 81 62 69 53 65 79 30 19 48 114 93 65 85 57 98 120 109 11 165 245 248 217 174 172 199 114 106 0 44 189 34 168 95 151 41 112 100 122 130 219 30 104 109 150 179 173 211 52 124 207 208 181 160 133 156 74 68 44 0 161 13 128 85 108 15 102 72 86 103 182 25 62 70 120 135 161 168 187 89 96 116 52 66 209 110 101 98 189 161 0 173 81 103 108 151 93 89 79 59 65 185 159 179 41 154 71 119 44 137 220 221 194 170 138 169 87 81 34 13 173 0 141 93 121 23 110 84 99 115 195 12 70 75 133 146 170 181 172 8 79 80 65 133 130 39 54 62 168 128 81 141 0 120 32 127 122 82 52 74 59 153 98 116 59 73 137 51 90 121 182 194 144 79 194 158 82 69 95 85 103 93 120 0 121 70 17 40 69 51 151 104 122 140 74 167 78 170 157 24 106 102 97 152 101 48 40 53 151 108 108 121 32 121 0 111 127 81 53 85 91 132 68 85 77 50 156 60 46 124 204 207 176 147 146 159 73 65 41 15 151 23 127 70 111 0 87 62 81 93 178 35 73 83 112 143 147 171 106 125 178 191 138 62 207 161 91 79 112 102 93 110 122 17 127 87 0 49 74 48 146 121 136 154 70 176 61 173 100 83 152 160 118 94 158 120 43 30 100 72 89 84 82 40 81 62 49 0 30 31 123 96 90 109 50 128 95 132 124 53 125 131 95 103 142 90 24 19 122 86 79 99 52 69 53 81 74 30 0 33 97 111 82 102 38 103 106 102 129 77 131 143 93 70 175 113 57 48 130 103 59 115 74 51 85 93 48 31 33 0 100 127 113 133 23 135 73 125 221 67 32 51 14 131 185 64 109 114 219 182 65 195 59 151 91 178 146 123 97 100 0 207 157 175 77 121 136 67 41 149 232 233 206 182 142 180 99 93 30 25 185 12 153 104 132 35 121 96 111 127 207 0 77 79 145 154 182 192 113 90 174 169 161 183 73 113 58 65 104 62 159 70 98 122 68 73 136 90 82 113 157 77 0 20 119 77 185 123 119 109 191 184 181 203 63 128 78 85 109 70 179 75 116 140 85 83 154 109 102 133 175 79 20 0 139 84 204 137 150 64 108 121 70 75 175 96 61 57 150 120 41 133 59 74 77 112 70 50 38 23 77 145 119 139 0 127 79 107 187 65 125 110 131 202 65 58 85 98 179 135 154 146 73 167 50 143 176 128 103 135 121 154 77 84 127 0 206 62 167 143 167 187 123 5 248 173 130 120 173 161 71 170 137 78 156 147 61 95 106 73 136 182 185 204 79 206 0 184 217 49 63 49 80 179 127 12 98 109 211 168 119 181 51 170 60 171 173 132 102 125 67 192 123 137 107 62 184 0 
0 143 14 9 91 69 188 93 204 63 30 82 101 155 193 153 148 77 161 177 152 130 49 162 206 142 80 159 145 72 143 0 155 149 89 84 58 88 97 102 128 104 42 96 61 137 5 123 79 78 132 36 120 83 75 131 67 87 12 74 14 155 0 6 98 83 201 100 213 70 43 87 113 169 206 155 160 79 175 191 155 141 53 169 217 144 93 173 158 83 9 149 6 0 92 78 196 94 207 64 39 81 107 164 201 150 154 74 170 186 150 135 47 163 211 139 88 168 152 77 91 89 98 92 0 84 147 2 115 28 98 16 56 159 150 71 94 35 150 158 68 58 47 71 128 60 73 155 99 40 69 84 83 78 84 0 121 86 166 70 46 87 51 89 126 155 89 97 92 108 152 86 76 135 157 144 18 91 82 44 188 58 201 196 147 121 0 146 130 158 167 162 96 79 5 193 54 180 58 43 188 93 175 133 92 188 108 68 49 127 93 88 100 94 2 86 146 0 113 30 100 17 56 159 149 69 93 36 150 158 67 57 49 69 126 59 74 155 98 42 204 97 213 207 115 166 130 113 0 143 201 130 115 192 129 103 96 146 174 167 99 80 162 45 43 106 148 183 108 135 63 102 70 64 28 70 158 30 143 0 72 20 62 153 162 93 107 27 149 161 92 77 20 99 152 82 64 152 109 32 30 128 43 39 98 46 167 100 201 72 0 92 89 127 172 165 133 93 134 151 164 123 65 162 197 154 61 131 127 66 82 104 87 81 16 87 162 17 130 20 92 0 68 167 165 73 109 19 161 170 72 74 34 85 143 62 78 164 113 45 101 42 113 107 56 51 96 56 115 62 89 68 0 103 100 119 47 85 94 102 115 35 79 85 108 111 33 99 47 32 155 96 169 164 159 89 79 159 192 153 127 167 103 0 83 222 96 180 21 40 218 127 164 178 163 214 89 11 84 122 193 61 206 201 150 126 5 149 129 162 172 165 100 83 0 195 57 184 62 46 190 96 179 134 90 190 113 72 53 131 153 137 155 150 71 155 193 69 103 93 165 73 119 222 195 0 140 76 212 215 5 101 104 66 137 11 143 217 149 111 148 5 160 154 94 89 54 93 96 107 133 109 47 96 57 140 0 128 79 77 135 39 125 84 72 134 72 87 12 79 77 123 79 74 35 97 180 36 146 27 93 19 85 180 184 76 128 0 176 187 76 93 28 101 162 65 91 179 131 59 161 79 175 170 150 92 58 150 174 149 134 161 94 21 62 212 79 176 0 20 207 113 162 162 142 204 87 10 67 117 177 78 191 186 158 108 43 158 167 161 151 170 102 40 46 215 77 187 20 0 210 114 175 161 132 208 101 29 66 129 152 132 155 150 68 152 188 67 99 92 164 72 115 218 190 5 135 76 207 210 0 96 103 61 132 11 140 213 144 108 130 36 141 135 58 86 93 57 80 77 123 74 35 127 96 101 39 93 113 114 96 0 97 52 76 95 68 120 48 58 49 120 53 47 47 76 175 49 162 20 65 34 79 164 179 104 125 28 162 175 103 97 0 118 172 93 75 163 126 48 162 83 169 163 71 135 133 69 45 99 162 85 85 178 134 66 84 101 162 161 61 52 118 0 71 66 118 170 95 96 206 75 217 211 128 157 92 126 43 152 197 143 108 163 90 137 72 162 142 132 132 76 172 71 0 137 139 152 83 134 142 131 144 139 60 144 188 59 106 82 154 62 111 214 190 11 134 65 204 208 11 95 93 66 137 0 133 210 143 100 80 67 93 88 73 18 108 74 148 64 61 78 33 89 113 143 72 91 87 101 140 68 75 118 139 133 0 88 66 33 159 87 173 168 155 91 68 155 183 152 131 164 99 11 72 217 87 179 10 29 213 120 163 170 152 210 88 0 75 120 145 12 158 152 99 82 49 98 108 109 127 113 47 84 53 149 12 131 67 66 144 48 126 95 83 143 66 75 0 79 72 74 83 77 40 44 127 42 135 32 66 45 32 122 131 111 79 59 117 129 108 58 48 96 134 100 33 120 79 0 
