0 160 125 151 123 176 82 31 128 19 28 130 52 142 33 46 39 38 58 133 47 53 77 31 153 128 80 126 153 156 160 0 250 142 68 116 143 188 241 177 166 227 159 140 137 114 173 171 150 27 167 172 180 191 88 210 170 101 70 150 125 250 0 157 187 203 108 97 21 108 100 44 94 149 157 160 155 155 101 224 166 82 70 111 197 66 81 167 209 155 151 142 157 0 77 47 70 155 139 152 130 116 105 9 158 136 188 186 95 128 191 114 100 169 57 94 89 44 75 8 123 68 187 77 0 67 79 144 177 136 118 161 103 73 113 87 150 148 93 51 147 116 118 153 36 143 106 33 30 85 176 116 203 47 67 0 106 189 185 184 163 163 140 54 175 150 209 207 129 110 209 151 142 201 32 141 130 50 47 52 82 143 108 70 79 106 0 85 98 82 60 84 35 61 97 81 121 120 25 119 126 45 39 99 91 70 27 61 101 74 31 188 97 155 144 189 85 0 104 12 26 111 50 146 64 77 58 58 61 161 69 44 66 16 169 115 73 140 173 159 128 241 21 139 177 185 98 104 0 114 101 24 89 131 159 158 162 162 94 216 173 80 62 119 183 46 71 153 195 137 19 177 108 152 136 184 82 12 114 0 22 118 48 143 52 65 48 48 57 150 59 46 70 17 162 120 75 134 165 156 28 166 100 130 118 163 60 26 101 22 0 102 26 121 58 61 66 66 35 139 75 25 49 39 143 100 53 114 147 134 130 227 44 116 161 163 84 111 24 118 102 0 84 110 159 153 166 166 87 203 176 78 55 127 163 22 61 135 177 114 52 159 94 105 103 140 35 50 89 48 26 84 0 96 75 69 91 90 11 132 99 13 29 65 123 79 28 93 129 109 142 140 149 9 73 54 61 146 131 143 121 110 96 0 149 128 179 177 86 124 182 105 91 160 58 88 80 40 75 15 33 137 157 158 113 175 97 64 159 52 58 159 75 149 0 26 37 35 77 111 34 81 104 61 147 154 103 125 143 164 46 114 160 136 87 150 81 77 158 65 61 153 69 128 26 0 63 61 67 87 60 78 98 77 121 146 94 101 117 143 39 173 155 188 150 209 121 58 162 48 66 166 91 179 37 63 0 2 97 148 12 91 115 45 183 166 119 159 180 193 38 171 155 186 148 207 120 58 162 48 66 166 90 177 35 61 2 0 96 146 11 91 115 45 181 166 118 157 178 192 58 150 101 95 93 129 25 61 94 57 35 87 11 86 77 67 97 96 0 124 103 23 32 74 112 79 27 82 118 99 133 27 224 128 51 110 119 161 216 150 139 203 132 124 111 87 148 146 124 0 142 145 154 164 79 188 145 84 63 136 47 167 166 191 147 209 126 69 173 59 75 176 99 182 34 60 12 11 103 142 0 100 124 56 181 175 127 159 177 197 53 172 82 114 116 151 45 44 80 46 25 78 13 105 81 78 91 91 23 145 100 0 24 60 135 75 29 105 141 118 77 180 70 100 118 142 39 66 62 70 49 55 29 91 104 98 115 115 32 154 124 24 0 82 130 51 12 100 140 102 31 191 111 169 153 201 99 16 119 17 39 127 65 160 61 77 45 45 74 164 56 60 82 0 179 131 89 151 182 173 153 88 197 57 36 32 91 169 183 162 143 163 123 58 147 121 183 181 112 79 181 135 130 179 0 142 118 30 18 64 128 210 66 94 143 141 70 115 46 120 100 22 79 88 154 146 166 166 79 188 175 75 51 131 142 0 52 115 157 92 80 170 81 89 106 130 27 73 71 75 53 61 28 80 103 94 119 118 27 145 127 29 12 89 118 52 0 88 128 91 126 101 167 44 33 50 61 140 153 134 114 135 93 40 125 101 159 157 82 84 159 105 100 151 30 115 88 0 42 52 153 70 209 75 30 47 101 173 195 165 147 177 129 75 143 117 180 178 118 63 177 141 140 182 18 157 128 42 0 82 156 150 155 8 85 52 74 159 137 156 134 114 109 15 164 143 193 192 99 136 197 118 102 173 64 92 91 52 82 0 
0 91 111 154 103 99 119 177 156 33 138 121 116 181 80 94 95 104 99 175 164 41 126 124 140 35 95 22 104 210 91 0 176 211 136 88 131 177 111 120 182 71 30 167 65 69 160 146 164 212 121 110 100 101 52 122 143 70 94 196 111 176 0 44 59 113 88 128 169 83 45 155 186 146 120 128 16 46 12 79 171 71 134 130 206 81 38 116 112 165 154 211 44 0 79 137 101 121 184 127 37 179 217 144 151 155 59 67 55 48 183 114 152 148 235 125 68 158 134 155 103 136 59 79 0 58 29 81 110 91 46 100 139 94 73 76 51 13 54 77 112 65 75 71 156 91 22 98 55 118 99 88 113 137 58 0 44 90 62 107 103 42 82 86 25 19 102 71 106 128 68 80 28 25 99 108 75 82 7 115 119 131 88 101 29 44 0 58 83 114 64 82 126 66 66 63 80 42 83 84 84 86 51 47 141 114 51 109 38 92 177 177 128 121 81 90 58 0 90 171 87 112 164 25 115 108 127 88 128 81 83 144 78 76 172 171 100 166 83 37 156 111 169 184 110 62 83 90 0 169 147 41 89 70 76 62 160 123 163 159 10 142 36 40 89 170 131 137 60 94 33 120 83 127 91 107 114 171 169 0 117 137 142 180 94 108 69 89 72 154 174 28 134 131 166 2 77 50 110 206 138 182 45 37 46 103 64 87 147 117 0 145 185 109 119 122 51 36 50 37 146 97 115 111 202 115 43 137 100 124 121 71 155 179 100 42 82 112 41 137 145 0 53 99 43 30 144 113 148 166 51 114 34 37 61 139 117 100 45 127 116 30 186 217 139 82 126 164 89 142 185 53 0 152 66 63 171 150 175 210 99 127 86 88 24 144 150 94 88 180 181 167 146 144 94 86 66 25 70 180 109 99 152 0 111 101 142 103 144 106 62 152 67 67 157 180 115 167 80 29 80 65 120 151 73 25 66 115 76 94 119 43 66 111 0 14 106 84 110 148 84 71 48 46 86 96 84 61 32 140 94 69 128 155 76 19 63 108 62 108 122 30 63 101 14 0 115 88 119 147 70 84 35 34 80 110 91 75 25 130 95 160 16 59 51 102 80 127 160 69 51 144 171 142 106 115 0 39 4 88 163 55 124 120 192 67 29 100 101 164 104 146 46 67 13 71 42 88 123 89 36 113 150 103 84 88 39 0 41 71 125 64 88 84 168 88 12 102 68 125 99 164 12 55 54 106 83 128 163 72 50 148 175 144 110 119 4 41 0 86 166 59 127 123 196 70 32 104 105 165 175 212 79 48 77 128 84 81 159 154 37 166 210 106 148 147 88 71 86 0 156 134 133 130 225 152 80 173 122 112 164 121 171 183 112 68 84 83 10 174 146 51 99 62 84 70 163 125 166 156 0 147 40 44 99 175 134 145 64 85 41 110 71 114 65 80 86 144 142 28 97 114 127 152 71 84 55 64 59 134 147 0 107 104 150 28 54 45 83 178 126 100 134 152 75 28 51 78 36 134 115 34 86 67 48 35 124 88 127 133 40 107 0 4 95 135 96 108 24 96 124 101 130 148 71 25 47 76 40 131 111 37 88 67 46 34 120 84 123 130 44 104 4 0 98 132 92 106 21 96 140 52 206 235 156 99 141 172 89 166 202 61 24 157 86 80 192 168 196 225 99 150 95 98 0 168 170 118 103 183 35 122 81 125 91 108 114 171 170 2 115 139 144 180 96 110 67 88 70 152 175 28 135 132 168 0 76 52 111 206 95 143 38 68 22 75 51 100 131 77 43 117 150 115 84 91 29 12 32 80 134 54 96 92 170 76 0 94 74 137 22 70 116 158 98 82 109 166 137 50 137 100 94 167 61 75 100 102 104 173 145 45 108 106 118 52 94 0 88 196 104 94 112 134 55 7 38 83 60 110 100 45 88 80 32 25 101 68 105 122 64 83 24 21 103 111 74 88 0 109 210 196 165 155 118 115 92 37 94 206 124 127 180 29 140 130 164 125 165 112 85 178 96 96 183 206 137 196 109 0 
0 152 57 121 106 108 100 88 130 139 86 132 93 48 142 135 105 51 33 114 108 134 120 52 101 66 133 25 43 126 152 0 119 67 105 72 125 94 186 72 182 117 65 186 136 36 192 164 119 44 44 18 61 204 116 217 58 167 109 90 57 119 0 115 49 57 123 96 170 134 66 75 54 105 85 92 153 45 42 75 76 104 111 103 44 112 83 82 34 70 121 67 115 0 129 99 60 36 120 19 181 150 74 139 169 84 129 153 91 71 56 52 7 168 136 184 102 126 88 125 106 105 49 129 0 34 157 123 211 146 85 26 55 154 42 70 197 84 87 65 75 98 123 152 12 159 52 131 75 24 108 72 57 99 34 0 134 99 193 115 112 52 27 154 70 38 185 102 80 31 43 64 92 158 44 169 26 131 68 27 100 125 123 60 157 134 0 35 61 66 180 182 107 97 199 133 69 147 83 115 100 108 65 133 159 149 147 92 89 161 88 94 96 36 123 99 35 0 96 51 159 148 72 103 165 98 98 127 62 80 65 76 38 132 127 148 112 90 64 126 130 186 170 120 211 193 61 96 0 122 216 237 166 101 253 194 35 181 128 176 161 169 125 142 212 157 208 111 138 220 139 72 134 19 146 115 66 51 122 0 200 166 91 154 185 96 135 172 109 86 72 62 24 183 153 199 116 141 107 141 86 182 66 181 85 112 180 159 216 200 0 97 119 128 93 150 191 35 97 138 142 170 177 102 73 102 136 109 95 109 132 117 75 150 26 52 182 148 237 166 97 0 78 180 19 81 223 104 113 81 94 113 144 175 31 182 59 157 101 27 93 65 54 74 55 27 107 72 166 91 119 78 0 134 96 42 159 99 61 22 23 51 68 145 62 157 44 112 50 54 48 186 105 139 154 154 97 103 101 154 128 180 134 0 190 176 68 94 74 155 145 168 141 41 149 56 178 23 86 173 142 136 85 169 42 70 199 165 253 185 93 19 96 190 0 100 237 107 126 100 113 132 162 180 41 185 78 167 115 46 135 36 92 84 70 38 133 98 194 96 150 81 42 176 100 0 193 137 103 21 33 34 77 187 82 199 22 154 92 54 105 192 153 129 197 185 69 98 35 135 191 223 159 68 237 193 0 156 111 174 160 174 133 109 196 123 203 82 122 210 51 164 45 153 84 102 147 127 181 172 35 104 99 94 107 137 156 0 65 120 121 149 150 74 74 78 128 74 65 108 33 119 42 91 87 80 83 62 128 109 97 113 61 74 126 103 111 65 0 82 75 101 89 85 85 99 104 51 12 101 114 44 75 71 65 31 115 80 176 86 138 81 22 155 100 21 174 120 82 0 15 33 64 166 74 179 32 133 71 55 108 44 76 56 75 43 100 65 161 72 142 94 23 145 113 33 160 121 75 15 0 28 50 160 84 173 47 124 65 69 134 18 104 52 98 64 108 76 169 62 170 113 51 168 132 34 174 149 101 33 28 0 46 186 107 200 56 149 93 86 120 61 111 7 123 92 65 38 125 24 177 144 68 141 162 77 133 150 89 64 50 46 0 168 130 183 95 126 85 119 52 204 103 168 152 158 133 132 142 183 102 175 145 41 180 187 109 74 85 166 160 186 168 0 144 16 184 42 95 173 101 116 44 136 12 44 159 127 212 153 73 31 62 149 41 82 196 74 85 74 84 107 130 144 0 151 64 126 74 36 66 217 112 184 159 169 149 148 157 199 102 182 157 56 185 199 123 78 99 179 173 200 183 16 151 0 195 58 108 182 133 58 83 102 52 26 147 112 208 116 136 59 44 178 78 22 203 128 104 32 47 56 95 184 64 195 0 155 92 32 25 167 82 126 131 131 92 90 111 141 109 157 112 23 167 154 82 74 51 133 124 149 126 42 126 58 155 0 63 150 43 109 34 88 75 68 89 64 138 107 95 101 50 86 115 92 122 65 12 71 65 93 85 95 74 108 92 63 0 89 126 90 70 125 24 27 161 126 220 141 109 27 54 173 46 54 210 108 101 55 69 86 119 173 36 182 32 150 89 0 
0 89 43 155 149 29 81 172 159 141 117 83 149 65 206 63 191 198 50 119 56 80 174 121 149 106 175 153 42 117 89 0 86 89 62 70 8 84 84 64 105 62 79 100 127 87 106 113 97 36 33 39 85 32 72 129 104 89 96 30 43 86 0 126 148 23 81 168 167 119 149 51 123 23 212 20 192 199 91 121 61 58 165 116 126 146 148 124 84 106 155 89 126 0 99 126 96 105 140 29 193 75 13 122 166 111 133 139 179 103 112 75 86 80 26 218 22 2 177 66 149 62 148 99 0 132 68 23 41 71 119 115 86 160 71 147 45 52 144 31 93 94 35 32 74 157 102 100 145 46 29 70 23 126 132 0 64 154 148 114 126 54 121 46 194 39 176 183 71 104 41 52 153 102 122 125 147 124 64 94 81 8 81 96 68 64 0 91 86 72 100 63 86 97 131 84 112 119 89 40 25 40 93 40 80 122 112 95 88 38 172 84 168 105 23 154 91 0 49 79 138 133 92 180 61 167 28 35 167 54 116 114 22 52 79 178 102 106 168 64 159 84 167 140 41 148 86 49 0 111 94 145 127 183 47 170 44 50 140 48 107 122 70 65 115 138 143 141 144 81 141 64 119 29 71 114 72 79 111 0 166 70 16 120 139 108 107 114 159 74 92 62 63 51 8 193 40 30 157 38 117 105 149 193 119 126 100 138 94 166 0 157 182 172 132 163 138 144 73 95 97 136 154 117 173 44 206 193 80 128 83 62 51 75 115 54 63 133 145 70 157 0 73 50 185 38 159 166 120 97 60 23 125 83 77 169 97 73 115 69 149 79 123 13 86 121 86 92 127 16 182 73 0 123 153 111 120 127 171 90 104 69 75 67 13 208 26 14 169 54 65 100 23 122 160 46 97 180 183 120 172 50 123 0 227 13 205 212 114 136 81 66 175 128 127 169 144 120 107 116 206 127 212 166 71 194 131 61 47 139 132 185 153 227 0 214 33 30 186 91 153 164 81 102 140 176 163 167 190 117 63 87 20 111 147 39 84 167 170 108 163 38 111 13 214 0 192 199 110 123 70 53 162 115 115 164 133 109 103 103 191 106 192 133 45 176 112 28 44 107 138 159 120 205 33 192 0 7 180 72 135 139 48 77 107 182 130 134 183 90 198 113 199 139 52 183 119 35 50 114 144 166 127 212 30 199 7 0 187 79 142 146 53 84 114 188 135 140 190 97 50 97 91 179 144 71 89 167 140 159 73 120 171 114 186 110 180 187 0 113 67 107 177 125 167 56 197 178 8 127 119 36 121 103 31 104 40 54 48 74 95 97 90 136 91 123 72 79 113 0 63 74 64 23 79 130 112 103 114 37 56 33 61 112 93 41 25 116 107 92 97 60 104 81 153 70 135 142 67 63 0 42 118 65 100 110 130 111 65 63 80 39 58 75 94 52 40 114 122 62 136 23 69 66 164 53 139 146 107 74 42 0 109 62 70 152 95 74 103 50 174 85 165 86 35 153 93 22 70 63 154 125 75 175 81 162 48 53 177 64 118 109 0 53 62 192 82 88 178 59 121 32 116 80 32 102 40 52 65 51 117 83 67 128 102 115 77 84 125 23 65 62 53 0 56 149 89 80 126 16 149 72 126 26 74 122 80 79 115 8 173 77 13 127 140 115 107 114 167 79 100 70 62 56 0 201 33 27 165 45 106 129 146 218 157 125 122 178 138 193 44 169 208 169 176 164 182 188 56 130 110 152 192 149 201 0 233 217 64 157 175 104 148 22 102 147 112 102 143 40 206 97 26 144 163 133 130 135 197 112 130 95 82 89 33 233 0 24 195 78 153 89 124 2 100 124 95 106 141 30 193 73 14 120 167 109 134 140 178 103 111 74 88 80 27 217 24 0 176 66 42 96 84 177 145 64 88 168 144 157 80 115 169 107 190 103 183 190 8 114 65 103 178 126 165 64 195 176 0 126 117 30 106 66 46 94 38 64 81 38 128 69 54 116 117 103 90 97 127 37 63 50 59 16 45 157 78 66 126 0 
0 99 88 17 58 154 102 48 89 135 73 159 112 121 117 39 157 136 147 74 58 77 11 43 133 116 57 78 129 143 99 0 37 84 67 85 10 117 25 140 59 76 43 84 75 118 201 78 113 170 49 137 110 105 146 65 52 109 158 163 88 37 0 77 80 121 46 121 12 165 25 113 24 117 108 118 217 54 146 149 30 146 98 80 170 99 31 123 178 186 17 84 77 0 42 137 86 47 75 124 66 142 101 105 101 41 155 128 131 91 47 76 28 52 122 99 47 68 122 135 58 67 80 42 0 97 64 53 73 89 83 106 101 63 59 56 137 134 89 132 59 70 69 91 91 58 62 43 98 106 154 85 121 137 97 0 75 144 109 103 142 25 125 45 42 151 177 157 54 228 125 147 165 178 114 39 129 113 136 130 102 10 46 86 64 75 0 116 34 132 68 68 53 75 66 118 195 88 104 174 55 134 113 112 139 56 59 104 152 156 48 117 121 47 53 144 116 0 117 94 113 157 144 102 102 11 109 174 120 100 92 29 51 91 89 105 93 39 82 98 89 25 12 75 73 109 34 117 0 155 35 101 28 105 96 115 210 62 134 153 31 140 99 86 160 87 33 116 169 176 135 140 165 124 89 103 132 94 155 0 172 127 182 63 72 105 74 217 52 194 148 76 141 176 12 82 151 57 35 27 73 59 25 66 83 142 68 113 35 172 0 135 45 131 123 107 217 63 161 126 24 141 81 56 174 115 21 124 179 189 159 76 113 142 106 25 68 157 101 127 135 0 111 65 60 162 200 142 78 233 123 163 170 178 137 53 126 129 158 154 112 43 24 101 101 125 53 144 28 182 45 111 0 127 118 142 238 35 156 171 54 168 122 101 187 108 55 144 197 204 121 84 117 105 63 45 75 102 105 63 131 65 127 0 9 111 135 162 30 194 109 102 132 153 73 19 113 68 93 90 117 75 108 101 59 42 66 102 96 72 123 60 118 9 0 110 143 153 38 191 101 105 128 147 81 10 105 71 100 98 39 118 118 41 56 151 118 11 115 105 107 162 142 111 110 0 119 169 129 89 88 39 41 82 100 112 88 49 93 109 157 201 217 155 137 177 195 109 210 74 217 200 238 135 143 119 0 271 126 194 194 80 160 200 63 152 196 94 43 48 136 78 54 128 134 157 88 174 62 217 63 142 35 162 153 169 271 0 191 185 82 200 144 115 222 143 81 177 231 238 147 113 146 131 89 54 104 120 134 52 161 78 156 30 38 129 126 191 0 217 139 112 157 180 64 48 143 82 87 78 74 170 149 91 132 228 174 100 153 194 126 233 171 194 191 89 194 185 217 0 122 122 63 70 189 190 120 138 177 195 58 49 30 47 59 125 55 92 31 148 24 123 54 109 101 88 194 82 139 122 0 119 68 57 150 95 4 100 155 165 77 137 146 76 70 147 134 29 140 76 141 163 168 102 105 39 80 200 112 122 119 0 80 120 68 110 121 34 55 73 11 110 98 28 69 165 113 51 99 141 81 170 122 132 128 41 160 144 157 63 68 80 0 41 139 127 67 84 133 149 43 105 80 52 91 178 112 91 86 176 56 178 101 153 147 82 200 115 180 70 57 120 41 0 174 143 53 119 172 186 133 146 170 122 91 114 139 89 160 12 174 137 187 73 81 100 63 222 64 189 150 68 139 174 0 91 153 55 23 17 116 65 99 99 58 39 56 105 87 82 115 53 108 19 10 112 152 143 48 190 95 110 127 143 91 0 99 76 109 108 57 52 31 47 62 129 59 93 33 151 21 126 55 113 105 88 196 81 143 120 4 121 67 53 153 99 0 103 158 168 78 109 123 68 43 113 104 39 116 57 124 129 144 68 71 49 94 177 82 138 100 34 84 119 55 76 103 0 55 67 129 158 178 122 98 136 152 82 169 35 179 158 197 93 100 93 43 231 87 177 155 55 133 172 23 109 158 55 0 18 143 163 186 135 106 130 156 98 176 27 189 154 204 90 98 109 48 238 78 195 165 73 149 186 17 108 168 67 18 0 
0 124 114 190 113 105 159 79 82 121 112 191 89 29 171 22 104 117 114 142 55 116 64 173 84 122 120 87 56 51 124 0 176 207 147 39 57 120 43 17 38 122 45 147 80 102 71 116 34 155 140 8 72 154 75 46 124 72 90 81 114 176 0 86 37 138 174 57 156 162 142 160 170 94 169 125 110 73 190 59 59 169 109 101 182 141 67 184 160 149 190 207 86 0 77 169 181 113 205 190 169 134 219 176 165 193 137 92 232 53 138 201 160 62 239 161 84 240 225 212 113 147 37 77 0 108 139 36 134 131 110 123 148 102 132 116 77 36 166 31 64 140 87 70 166 107 30 166 148 135 105 39 138 169 108 0 54 83 47 24 7 101 58 122 69 87 32 77 64 116 109 32 43 120 87 19 85 86 90 78 159 57 174 181 139 54 0 124 93 45 47 69 99 175 25 141 67 103 91 136 157 58 96 121 130 39 111 128 140 130 79 120 57 113 36 83 124 0 100 107 87 128 114 73 125 80 57 40 134 63 39 112 53 94 130 87 41 131 112 99 82 43 156 205 134 47 93 100 0 48 53 148 14 108 113 60 72 113 36 152 110 38 47 162 40 66 121 39 47 38 121 17 162 190 131 24 45 107 48 0 21 106 54 141 67 101 54 99 49 138 131 14 63 137 85 29 107 83 95 86 112 38 142 169 110 7 47 87 53 21 0 95 63 129 62 94 33 78 66 117 114 32 50 118 93 13 86 91 97 85 191 122 160 134 123 101 69 128 148 106 95 0 158 197 45 177 87 90 155 105 167 120 128 72 188 82 94 186 190 177 89 45 170 219 148 58 99 114 14 54 63 158 0 117 121 67 85 127 25 166 123 41 61 175 31 76 135 29 46 42 29 147 94 176 102 122 175 73 108 141 129 197 117 0 184 51 113 113 142 133 38 139 79 167 113 136 114 116 85 80 171 80 169 165 132 69 25 125 113 67 62 45 121 184 0 154 71 96 114 125 161 81 107 103 152 50 103 150 159 147 22 102 125 193 116 87 141 80 60 101 94 177 67 51 154 0 90 112 92 143 67 95 49 168 63 104 117 66 37 29 104 71 110 137 77 32 67 57 72 54 33 87 85 113 71 90 0 45 96 84 90 64 41 90 111 31 53 111 106 93 117 116 73 92 36 77 103 40 113 99 78 90 127 113 96 112 45 0 140 39 79 109 70 56 149 73 8 149 137 124 114 34 190 232 166 64 91 134 36 49 66 155 25 142 114 92 96 140 0 179 146 35 81 184 47 78 148 44 70 67 142 155 59 53 31 116 136 63 152 138 117 105 166 133 125 143 84 39 179 0 95 148 107 42 186 111 31 187 172 159 55 140 59 138 64 109 157 39 110 131 114 167 123 38 161 67 90 79 146 95 0 132 68 131 128 118 80 130 104 94 116 8 169 201 140 32 58 112 38 14 32 120 41 139 81 95 64 109 35 148 132 0 64 150 72 43 117 70 85 76 64 72 109 160 87 43 96 53 47 63 50 128 61 79 107 49 41 70 81 107 68 64 0 124 79 58 77 80 67 54 173 154 101 62 70 120 121 94 162 137 118 72 175 167 103 168 90 56 184 42 131 150 124 0 201 108 53 201 191 178 84 75 182 239 166 87 130 130 40 85 93 188 31 113 152 63 111 149 47 186 128 72 79 201 0 106 156 3 29 34 122 46 141 161 107 19 39 87 66 29 13 82 76 136 50 104 31 73 78 111 118 43 58 108 106 0 81 104 109 97 120 124 67 84 30 85 111 41 121 107 86 94 135 114 103 117 53 8 148 31 80 117 77 53 156 81 0 156 143 130 87 72 184 240 166 86 128 131 39 83 91 186 29 116 150 66 111 149 44 187 130 70 80 201 3 104 156 0 32 37 56 90 160 225 148 90 140 112 47 95 97 190 46 85 159 37 106 137 70 172 104 85 67 191 29 109 143 32 0 13 51 81 149 212 135 78 130 99 38 86 85 177 42 80 147 29 93 124 67 159 94 76 54 178 34 97 130 37 13 0 
0 140 188 93 103 8 96 175 23 218 25 138 129 140 166 118 109 38 116 78 22 35 107 133 102 104 33 73 39 27 140 0 50 77 67 142 93 125 149 91 145 56 71 36 56 22 38 111 143 85 150 135 34 7 38 61 114 145 123 136 188 50 0 124 102 192 140 150 199 74 195 74 93 58 52 72 81 161 187 126 200 185 81 57 88 108 161 194 173 186 93 77 124 0 96 91 18 88 90 130 85 112 117 100 127 57 73 55 69 91 91 72 64 70 45 16 85 70 60 76 103 67 102 96 0 110 113 174 123 158 121 35 26 44 65 58 31 94 162 27 123 117 40 65 56 89 71 143 107 114 8 142 192 91 110 0 93 172 15 218 17 144 136 145 171 120 114 36 109 85 14 28 111 135 104 103 40 66 34 20 96 93 140 18 113 93 0 79 89 138 84 130 135 118 145 75 91 58 51 106 91 70 82 86 63 32 94 58 60 76 175 125 150 88 174 172 79 0 165 107 160 179 190 160 181 119 145 137 81 176 167 146 135 121 118 87 173 121 138 153 23 149 199 90 123 15 89 165 0 220 5 156 149 155 182 127 123 38 100 98 2 19 120 142 111 105 54 54 30 14 218 91 74 130 158 218 138 107 220 0 215 141 159 121 124 106 128 183 172 175 221 202 123 94 119 116 198 196 190 206 25 145 195 85 121 17 84 160 5 215 0 154 147 152 180 123 120 34 95 97 7 14 117 138 107 100 54 50 25 9 138 56 74 112 35 144 130 179 156 141 154 0 19 20 30 60 39 125 181 62 156 149 48 58 67 101 106 170 138 147 129 71 93 117 26 136 135 190 149 159 147 19 0 38 47 71 45 120 185 51 149 143 55 72 74 108 96 169 133 140 140 36 58 100 44 145 118 160 155 121 152 20 38 0 28 44 32 121 169 70 156 145 38 39 55 87 110 162 134 144 166 56 52 127 65 171 145 181 182 124 180 30 47 28 0 70 60 149 195 92 183 173 66 61 83 113 135 190 162 172 118 22 72 57 58 120 75 119 127 106 123 60 71 44 70 0 27 89 125 70 128 113 19 15 16 43 94 124 101 114 109 38 81 73 31 114 91 145 123 128 120 39 45 32 60 27 0 89 142 47 124 113 10 34 29 63 80 132 102 112 38 111 161 55 94 36 58 137 38 183 34 125 120 121 149 89 89 0 85 75 39 24 84 104 73 67 43 51 13 25 116 143 187 69 162 109 51 81 100 172 95 181 185 169 195 125 142 85 0 151 102 81 133 136 114 82 127 46 78 89 78 85 126 91 27 85 106 176 98 175 97 62 51 70 92 70 47 75 151 0 98 95 52 81 62 89 45 126 87 91 22 150 200 91 123 14 91 167 2 221 7 156 149 156 183 128 124 39 102 98 0 21 121 143 112 106 54 56 31 15 35 135 185 72 117 28 70 146 19 202 14 149 143 145 173 113 113 24 81 95 21 0 108 128 97 87 56 38 12 8 107 34 81 64 40 111 82 135 120 123 117 48 55 38 66 19 10 84 133 52 121 108 0 29 19 53 80 124 97 108 133 7 57 70 65 135 86 121 142 94 138 58 72 39 61 15 34 104 136 81 143 128 29 0 31 54 108 138 116 129 102 38 88 45 56 104 63 118 111 119 107 67 74 55 83 16 29 73 114 62 112 97 19 31 0 34 79 109 85 98 104 61 108 16 89 103 32 87 105 116 100 101 108 87 113 43 63 67 82 89 106 87 53 54 34 0 91 86 75 91 33 114 161 85 71 40 94 173 54 198 54 106 96 110 135 94 80 43 127 45 54 56 80 108 79 91 0 92 52 50 73 145 194 70 143 66 58 121 54 196 50 170 169 162 190 124 132 51 46 126 56 38 124 138 109 86 92 0 40 46 39 123 173 60 107 34 60 138 30 190 25 138 133 134 162 101 102 13 78 87 31 12 97 116 85 75 52 40 0 16 27 136 186 76 114 20 76 153 14 206 9 147 140 144 172 114 112 25 89 91 15 8 108 129 98 91 50 46 16 0 
0 57 126 99 63 113 57 11 60 189 102 163 57 39 118 94 174 44 156 37 72 42 94 190 120 148 94 107 120 130 57 0 167 156 12 156 113 59 3 211 89 173 9 82 118 101 204 101 159 94 34 26 149 220 84 119 127 97 98 178 126 167 0 101 165 13 85 117 168 84 126 95 161 88 104 92 58 100 105 104 156 141 70 73 170 170 41 120 146 31 99 156 101 0 161 88 47 98 159 184 172 187 155 88 169 146 159 55 190 62 167 137 31 174 205 222 104 172 194 79 63 12 165 161 0 155 117 63 10 204 79 165 6 82 109 93 199 106 150 99 22 25 153 215 72 107 125 87 86 178 113 156 13 88 155 0 72 104 157 96 121 102 150 76 103 88 71 87 110 91 147 130 57 86 165 168 35 117 143 29 57 113 85 47 117 72 0 54 116 164 126 154 111 41 127 103 143 16 154 22 120 92 37 158 158 176 71 127 148 79 11 59 117 98 63 104 54 0 62 178 93 152 57 29 108 83 164 43 145 37 69 39 90 180 114 140 84 97 112 123 60 3 168 159 10 157 116 62 0 211 88 173 8 84 117 100 205 104 158 97 32 27 152 220 82 117 128 96 96 180 189 211 84 184 204 96 164 178 211 0 136 51 203 150 103 111 30 177 70 179 188 186 153 26 177 158 96 127 148 111 102 89 126 172 79 121 126 93 88 136 0 89 80 86 33 34 140 126 73 122 58 72 149 152 44 50 86 9 22 150 163 173 95 187 165 102 154 152 173 51 89 0 165 129 56 73 69 163 19 163 146 150 156 75 128 107 83 80 99 126 57 9 161 155 6 150 111 57 8 203 80 165 0 77 109 92 197 100 150 93 25 20 147 212 76 111 121 88 89 173 39 82 88 88 82 76 41 29 84 150 86 129 77 0 91 66 135 40 124 37 82 57 71 151 117 136 55 87 107 96 118 118 104 169 109 103 127 108 117 103 33 56 109 91 0 25 108 131 41 128 90 97 143 120 75 66 70 24 46 132 94 101 92 146 93 88 103 83 100 111 34 73 92 66 25 0 110 106 62 103 77 77 120 124 78 81 53 29 55 117 174 204 58 159 199 71 143 164 205 30 140 69 197 135 108 110 0 156 87 160 186 178 128 16 183 171 80 132 154 82 44 101 100 55 106 87 16 43 104 177 126 163 100 40 131 106 156 0 161 7 112 82 52 172 154 176 82 127 147 95 156 159 105 190 150 110 154 145 158 70 73 19 150 124 41 62 87 161 0 160 131 138 160 94 109 88 86 64 80 136 37 94 104 62 99 91 22 37 97 179 122 163 93 37 128 103 160 7 160 0 106 76 59 176 149 171 83 124 143 101 72 34 156 167 22 147 120 69 32 188 58 146 25 82 90 77 186 112 131 106 0 30 153 200 51 86 115 67 64 173 42 26 141 137 25 130 92 39 27 186 72 150 20 57 97 77 178 82 138 76 30 0 128 194 80 111 101 79 85 153 94 149 70 31 153 57 37 90 152 153 149 156 147 71 143 120 128 52 160 59 153 128 0 143 187 199 75 148 171 51 190 220 73 174 215 86 158 180 220 26 152 75 212 151 120 124 16 172 94 176 200 194 143 0 195 181 96 144 166 95 120 84 170 205 72 165 158 114 82 177 44 128 76 117 75 78 183 154 109 149 51 80 187 195 0 37 130 51 29 193 148 119 170 222 107 168 176 140 117 158 50 107 111 136 66 81 171 176 88 171 86 111 199 181 37 0 134 52 29 197 94 127 41 104 125 35 71 84 128 96 86 83 121 55 70 53 80 82 86 83 115 101 75 96 130 134 0 82 108 64 107 97 120 172 87 117 127 97 96 127 9 80 88 87 24 29 132 127 64 124 67 79 148 144 51 52 82 0 26 146 120 98 146 194 86 143 148 112 96 148 22 99 89 107 46 55 154 147 80 143 64 85 171 166 29 29 108 26 0 172 130 178 31 79 178 29 79 123 180 111 150 126 173 96 132 117 82 95 136 101 173 153 51 95 193 197 64 146 172 0 
0 48 167 135 146 105 78 92 108 122 115 95 27 101 100 95 60 128 75 166 109 113 74 87 194 94 11 132 21 59 48 0 137 87 111 70 46 47 60 89 127 47 75 117 85 47 64 126 90 118 92 68 102 83 160 117 54 127 28 38 167 137 0 109 34 67 92 99 127 48 128 119 188 135 75 125 118 89 128 124 67 90 153 95 32 149 164 81 157 108 135 87 109 0 75 65 76 46 32 75 176 40 162 173 113 42 125 154 150 32 113 30 171 125 114 179 139 150 115 92 146 111 34 75 0 41 68 68 93 25 133 87 170 136 70 93 106 99 124 93 65 56 149 90 49 148 146 92 133 88 105 70 67 65 41 0 27 34 69 19 113 57 129 111 48 63 71 89 93 94 48 35 116 63 90 121 105 85 92 47 78 46 92 76 68 27 0 31 67 44 102 52 102 97 45 57 49 88 74 108 50 47 95 51 116 103 78 87 65 20 92 47 99 46 68 34 31 0 37 52 133 23 119 128 74 29 79 118 105 78 77 21 125 82 117 134 96 115 74 46 108 60 127 32 93 69 67 37 0 85 169 16 134 164 111 13 112 155 138 59 114 37 156 118 139 167 114 152 87 78 122 89 48 75 25 19 44 52 85 0 112 74 145 113 47 80 81 83 99 100 43 48 124 66 72 124 121 77 109 63 115 127 128 176 133 113 102 133 169 112 0 154 116 15 66 158 63 40 40 207 69 146 47 51 160 30 104 49 123 94 95 47 119 40 87 57 52 23 16 74 154 0 122 148 96 6 96 140 122 71 100 31 141 103 134 151 101 138 75 62 27 75 188 162 170 129 102 119 134 145 116 122 0 101 116 121 73 138 80 193 125 140 71 101 217 91 24 144 47 82 101 117 135 173 136 111 97 128 164 113 15 148 101 0 66 151 53 51 27 204 71 143 32 48 167 16 90 59 110 86 100 85 75 113 70 48 45 74 111 47 66 96 116 66 0 101 43 44 54 142 9 83 79 20 107 78 94 42 95 48 95 47 125 42 93 63 57 29 13 80 158 6 121 151 101 0 99 145 125 72 105 37 143 108 140 154 101 143 74 65 60 64 118 125 106 71 49 79 112 81 63 96 73 53 43 99 0 68 26 157 52 96 46 28 149 55 52 73 62 34 128 126 89 154 99 89 88 118 155 83 40 140 138 51 44 145 68 0 59 183 41 124 79 43 120 67 120 9 130 88 75 90 128 150 124 93 74 105 138 99 40 122 80 27 54 125 26 59 0 182 61 121 25 34 160 29 64 66 83 60 166 118 124 32 93 94 108 78 59 100 207 71 193 204 142 72 157 183 182 0 142 61 203 156 122 211 171 177 146 124 109 92 67 113 65 48 50 77 114 43 69 100 125 71 9 105 52 41 61 142 0 83 86 28 99 84 103 38 104 55 113 68 90 30 56 35 47 21 37 48 146 31 140 143 83 37 96 124 121 61 83 0 142 95 103 150 117 120 95 65 74 102 153 171 149 116 95 125 156 124 47 141 71 32 79 143 46 79 25 203 86 142 0 59 185 20 63 87 89 79 87 83 95 125 90 63 51 82 118 66 51 103 101 48 20 108 28 43 34 156 28 95 59 0 127 58 80 45 87 46 194 160 32 114 49 90 116 117 139 72 160 134 217 167 107 140 149 120 160 122 99 103 185 127 0 181 193 112 181 135 94 117 149 179 148 121 103 134 167 124 30 151 91 16 78 154 55 67 29 211 84 150 20 58 181 0 83 75 106 89 11 54 164 139 146 105 78 96 114 121 104 101 24 90 94 101 52 120 64 171 103 117 63 80 193 83 0 124 30 58 132 127 81 150 92 85 87 115 152 77 49 138 144 59 42 143 73 9 66 177 38 120 87 45 112 75 124 0 132 89 21 28 157 115 133 92 65 74 87 109 123 75 47 110 95 74 62 130 83 146 104 95 89 87 181 106 30 132 0 50 59 38 108 92 88 47 20 46 78 63 94 62 82 86 48 65 34 88 60 124 55 65 79 46 135 89 58 89 50 0 
0 89 91 26 146 148 94 124 87 132 104 147 29 99 105 76 125 119 65 104 111 140 137 71 35 215 81 126 156 96 89 0 58 103 57 80 134 57 85 89 46 113 60 29 89 106 106 143 37 80 155 59 134 121 59 151 130 118 92 65 91 58 0 89 96 61 89 41 31 42 23 61 74 87 31 62 48 89 34 22 110 66 76 83 58 124 89 60 66 7 26 103 89 0 160 150 69 126 76 127 106 137 48 118 94 56 114 97 71 96 86 147 119 46 44 212 56 111 155 92 146 57 96 160 0 73 183 66 127 105 74 130 117 56 124 155 134 185 90 114 204 44 167 173 116 133 181 150 87 100 148 80 61 150 73 0 144 24 86 40 44 60 125 103 74 119 73 134 83 65 163 29 105 141 113 71 146 90 14 60 94 134 89 69 183 144 0 128 58 107 112 104 105 159 70 28 79 30 97 79 21 153 65 23 89 186 15 65 142 86 124 57 41 126 66 24 128 0 70 39 20 64 101 83 61 103 68 123 59 51 149 26 101 124 89 95 130 85 35 42 87 85 31 76 127 86 58 70 0 53 54 61 81 114 18 33 38 58 52 22 79 95 54 55 62 138 60 40 86 28 132 89 42 127 105 40 107 39 53 0 43 25 116 118 37 86 33 95 75 31 125 63 65 108 99 85 112 50 35 36 104 46 23 106 74 44 112 20 54 43 0 67 82 75 50 85 63 111 39 40 133 43 94 106 69 113 112 77 53 26 147 113 61 137 130 60 104 64 61 25 67 0 134 142 43 90 26 86 95 43 119 86 50 112 117 82 113 40 50 54 29 60 74 48 117 125 105 101 81 116 82 134 0 70 95 81 116 125 43 92 125 115 134 84 19 195 94 121 135 80 99 29 87 118 56 103 159 83 114 118 75 142 70 0 118 131 135 170 62 109 180 78 163 144 76 173 153 147 116 94 105 89 31 94 124 74 70 61 18 37 50 43 95 118 0 49 21 62 61 10 89 87 45 71 77 121 75 29 72 24 76 106 62 56 155 119 28 103 33 86 85 90 81 131 49 0 64 44 69 55 49 128 63 22 63 170 27 56 119 61 125 106 48 114 134 73 79 68 38 33 63 26 116 135 21 64 0 63 81 26 94 94 33 86 98 108 87 17 67 41 119 143 89 97 185 134 30 123 58 95 111 86 125 170 62 44 63 0 108 72 34 149 39 51 107 168 44 46 130 85 65 37 34 71 90 83 97 59 52 75 39 95 43 62 61 69 81 108 0 55 118 76 105 84 30 152 93 89 92 41 104 80 22 96 114 65 79 51 22 31 40 43 92 109 10 55 26 72 55 0 98 77 55 77 74 116 82 38 64 15 111 155 110 86 204 163 21 149 79 125 133 119 125 180 89 49 94 34 118 98 0 174 73 41 110 201 31 79 160 107 140 59 66 147 44 29 153 26 95 63 43 86 115 78 87 128 94 149 76 77 174 0 127 149 106 95 155 111 43 67 137 134 76 119 167 105 65 101 54 65 94 50 134 163 45 63 33 39 105 55 73 127 0 80 115 130 77 17 98 69 71 121 83 46 173 141 23 124 55 108 106 112 84 144 71 22 86 51 84 77 41 149 80 0 70 192 10 77 141 82 35 59 58 44 116 113 89 89 62 99 69 117 19 76 77 63 98 107 30 74 110 106 115 70 0 181 79 102 121 63 215 151 124 212 133 71 186 95 138 85 113 82 195 173 121 170 108 168 152 116 201 95 130 192 181 0 195 122 60 120 81 130 89 56 181 146 15 130 60 112 112 113 94 153 75 27 87 44 93 82 31 155 77 10 79 195 0 76 146 88 126 118 60 111 150 90 65 85 40 50 77 40 121 147 29 56 17 46 89 38 79 111 17 77 102 122 76 0 84 53 156 92 66 155 87 14 142 35 86 35 53 50 135 116 72 119 67 130 92 64 160 43 98 141 121 60 146 84 0 63 96 65 7 92 100 60 86 42 28 36 26 54 80 94 24 61 41 85 41 15 107 67 69 82 63 120 88 53 63 0 
0 113 36 81 71 35 140 87 131 69 103 90 80 21 57 41 84 134 129 128 166 15 87 120 80 86 4 123 50 103 113 0 133 38 178 80 108 69 18 146 95 86 104 133 69 135 146 22 100 113 53 115 46 36 70 58 111 83 144 14 36 133 0 97 45 67 132 121 150 98 139 85 66 24 66 70 117 155 164 116 186 50 117 132 114 91 40 120 14 121 81 38 97 0 142 56 87 74 54 130 102 52 67 100 31 112 134 60 116 86 90 88 53 39 71 24 81 62 106 25 71 178 45 142 0 106 170 158 195 111 171 126 104 50 111 87 132 200 198 152 231 79 158 177 151 136 74 161 38 166 35 80 67 56 106 0 132 55 98 74 75 84 83 56 43 56 82 100 99 124 132 35 52 95 48 69 33 111 80 72 140 108 132 87 170 132 0 161 110 205 189 50 66 149 89 181 214 120 202 18 135 154 139 73 158 65 143 25 132 96 87 69 121 74 158 55 161 0 84 88 28 122 129 108 85 87 81 79 45 160 107 80 23 100 7 98 84 136 135 71 131 18 150 54 195 98 110 84 0 164 108 96 116 151 85 153 163 10 109 118 36 133 62 37 86 70 129 86 160 29 69 146 98 130 111 74 205 88 164 0 82 156 148 75 116 28 21 162 107 195 193 54 104 168 83 143 66 184 110 143 103 95 139 102 171 75 189 28 108 82 0 149 154 122 110 90 69 102 27 187 128 92 51 128 31 125 99 164 153 99 90 86 85 52 126 84 50 122 96 156 149 0 24 100 41 131 166 105 166 40 129 104 103 63 118 28 93 35 88 72 80 104 66 67 104 83 66 129 116 148 154 24 0 84 44 121 161 124 173 50 151 94 113 86 123 46 83 58 66 90 21 133 24 100 50 56 149 108 151 75 122 100 84 0 72 47 93 154 149 134 186 30 108 138 101 100 24 135 35 122 57 69 66 31 111 43 89 85 85 116 110 41 44 72 0 93 125 91 129 81 121 67 69 66 79 29 58 68 75 56 41 135 70 112 87 56 181 87 153 28 90 131 121 47 93 0 47 153 117 169 185 27 97 151 80 122 38 161 82 128 84 146 117 134 132 82 214 81 163 21 69 166 161 93 125 47 0 159 92 206 188 69 101 171 77 151 81 193 128 144 134 22 155 60 200 100 120 79 10 162 102 105 124 154 91 153 159 0 100 128 32 135 58 47 82 78 132 96 166 35 129 100 164 116 198 99 202 45 109 107 27 166 173 149 129 117 92 100 0 202 120 119 63 135 51 140 125 177 178 107 128 113 116 86 152 124 18 160 118 195 187 40 50 134 81 169 206 128 202 0 145 142 139 81 156 62 131 32 116 100 166 53 186 90 231 132 135 107 36 193 128 129 151 186 121 185 188 32 120 145 0 167 89 66 111 105 164 113 196 65 15 115 50 88 79 35 154 80 133 54 92 104 94 30 67 27 69 135 119 142 167 0 84 127 73 96 12 135 63 107 87 46 117 53 158 52 139 23 62 104 51 103 113 108 69 97 101 58 63 139 89 84 0 77 24 77 85 114 130 48 120 36 132 39 177 95 73 100 37 168 128 63 86 138 66 151 171 47 135 81 66 127 77 0 100 41 120 49 139 29 80 70 114 71 151 48 158 7 86 83 31 118 123 101 79 80 77 82 51 156 111 73 24 100 0 94 77 133 128 71 86 58 91 24 136 69 65 98 70 143 125 28 46 100 29 122 151 78 140 62 105 96 77 41 94 0 87 42 98 44 4 111 40 81 74 33 143 84 129 66 99 93 83 24 58 38 81 132 125 131 164 12 85 120 77 87 0 125 54 102 123 83 120 62 161 111 25 136 86 184 164 35 58 135 68 161 193 96 177 32 113 135 114 49 133 42 125 0 123 71 50 144 14 106 38 80 132 135 160 110 153 88 66 35 75 82 128 166 178 116 196 63 130 139 128 98 54 123 0 131 103 14 121 25 166 72 96 71 29 143 99 72 90 122 56 128 144 35 107 100 65 107 48 29 71 44 102 71 131 0 
0 149 141 124 38 152 51 36 63 186 65 85 135 97 22 119 86 135 158 123 102 67 107 85 40 19 145 190 109 107 149 0 8 35 161 18 98 169 136 163 111 82 127 69 164 134 72 189 175 239 171 169 159 154 187 168 152 169 83 154 141 8 0 27 153 19 90 161 128 159 104 74 121 63 156 127 64 182 169 231 163 162 152 146 179 160 146 165 76 147 124 35 27 0 130 28 75 148 122 136 98 72 95 64 141 100 40 155 143 205 136 154 125 119 163 142 120 142 49 120 38 161 153 130 0 158 71 70 101 161 98 112 114 122 55 94 90 99 127 88 66 105 74 53 58 35 118 164 102 76 152 18 19 28 158 0 102 175 145 145 120 92 112 81 168 120 68 176 159 232 161 178 148 145 191 170 136 151 71 143 51 98 90 75 71 102 0 73 59 165 40 42 114 51 66 104 41 141 151 158 111 85 108 91 89 70 131 171 74 106 36 169 161 148 70 175 73 0 49 222 64 93 171 106 15 155 114 169 194 147 136 36 143 121 30 36 181 226 142 143 63 136 128 122 101 145 59 49 0 224 25 54 173 67 56 162 98 191 208 186 159 34 160 140 79 76 189 230 133 159 186 163 159 136 161 145 165 222 224 0 205 193 51 190 208 67 132 88 46 174 105 246 90 109 219 194 43 6 96 86 65 111 104 98 98 120 40 64 25 205 0 30 154 43 66 144 76 180 191 186 149 58 148 129 91 82 171 211 112 146 85 82 74 72 112 92 42 93 54 193 30 0 143 13 92 138 61 181 185 200 152 88 148 132 117 104 165 199 97 145 135 127 121 95 114 112 114 171 173 51 154 143 0 142 157 21 82 71 48 145 69 195 53 67 170 145 25 57 49 48 97 69 63 64 122 81 51 106 67 190 43 13 142 0 105 139 60 184 186 209 157 101 152 137 130 116 164 196 94 148 22 164 156 141 55 168 66 15 56 208 66 92 157 105 0 141 104 154 179 133 121 50 128 106 25 22 167 212 130 128 119 134 127 100 94 120 104 155 162 67 144 138 21 139 141 0 79 56 47 125 49 181 33 46 152 127 27 71 51 28 86 72 64 40 90 68 41 114 98 132 76 61 82 60 104 79 0 126 126 167 103 126 95 85 126 103 104 138 36 90 135 189 182 155 99 176 141 169 191 88 180 181 71 184 154 56 126 0 42 86 33 202 33 51 156 134 52 89 106 36 158 175 169 143 127 159 151 194 208 46 191 185 48 186 179 47 126 42 0 128 64 224 53 74 185 162 23 47 96 51 123 239 231 205 88 232 158 147 186 174 186 200 145 209 133 125 167 86 128 0 76 183 92 87 121 111 135 175 163 97 102 171 163 136 66 161 111 136 159 105 149 152 69 157 121 49 103 33 64 76 0 169 16 20 124 101 62 107 90 21 67 169 162 154 105 178 85 36 34 246 58 88 195 101 50 181 126 202 224 183 169 0 174 152 63 72 208 252 159 173 107 159 152 125 74 148 108 143 160 90 148 148 53 152 128 33 95 33 53 92 16 174 0 22 132 109 47 93 77 5 85 154 146 119 53 145 91 121 140 109 129 132 67 137 106 46 85 51 74 87 20 152 22 0 111 88 66 112 76 23 40 187 179 163 58 191 89 30 79 219 91 117 170 130 25 152 126 156 185 121 124 63 132 111 0 25 176 222 149 134 19 168 160 142 35 170 70 36 76 194 82 104 145 116 22 127 103 134 162 111 101 72 109 88 25 0 152 198 124 111 145 152 146 120 118 136 131 181 189 43 171 165 25 164 167 27 104 52 23 135 62 208 47 66 176 152 0 46 73 43 190 169 165 142 164 151 171 226 230 6 211 199 57 196 212 71 138 89 47 175 107 252 93 112 222 198 46 0 102 89 109 83 76 49 102 71 74 142 133 96 112 97 49 94 130 51 36 106 96 163 90 159 77 76 149 124 73 102 0 72 107 154 147 120 76 143 106 143 159 86 146 145 48 148 128 28 90 36 51 97 21 173 5 23 134 111 43 89 72 0 
