0 161 169 103 109 107 135 46 105 128 82 215 136 12 79 149 118 68 156 117 138 111 105 146 43 112 182 31 126 38 161 0 43 85 173 54 77 185 71 46 143 112 28 159 90 103 163 181 11 154 23 64 69 35 122 187 57 170 70 189 169 43 0 117 204 68 117 182 64 80 171 155 61 170 90 144 196 203 54 188 46 95 64 24 136 217 100 184 49 202 103 85 117 0 88 55 32 144 86 39 59 112 57 96 77 50 79 100 74 71 71 22 82 95 60 102 82 99 104 118 109 173 204 88 0 138 103 155 161 127 35 162 145 97 141 93 17 48 162 25 159 110 158 181 91 14 158 81 182 91 107 54 68 55 138 0 71 132 33 37 104 139 32 106 38 98 133 135 50 125 31 37 29 44 69 150 90 117 49 136 135 77 117 32 103 71 0 176 104 37 82 80 56 128 101 27 90 125 66 81 72 34 100 98 92 117 56 129 118 148 46 185 182 144 155 132 176 0 119 161 128 256 164 58 95 192 164 112 182 163 162 147 120 162 84 157 217 75 134 71 105 71 64 86 161 33 104 119 0 69 126 170 60 107 26 131 159 149 72 152 50 70 4 43 79 172 118 124 22 139 128 46 80 39 127 37 37 161 69 0 98 102 19 123 74 64 118 137 35 109 35 19 65 61 85 141 56 130 82 149 82 143 171 59 35 104 82 128 126 98 0 153 115 70 106 81 38 44 133 35 127 79 123 148 57 46 138 60 147 77 215 112 155 112 162 139 80 256 170 102 153 0 110 208 175 72 146 197 104 137 124 111 166 146 172 176 55 208 177 227 136 28 61 57 145 32 56 164 60 19 115 110 0 133 70 83 136 153 20 128 16 36 56 42 95 159 58 143 68 162 12 159 170 96 97 106 128 58 107 123 70 208 133 0 81 140 106 57 153 105 137 106 107 146 38 100 177 21 128 32 79 90 90 77 141 38 101 95 26 74 106 175 70 81 0 126 141 124 88 135 67 67 26 68 54 151 128 98 47 113 149 103 144 50 93 98 27 192 131 64 81 72 83 140 126 0 77 125 92 68 99 61 127 125 108 107 69 137 145 155 118 163 196 79 17 133 90 164 159 118 38 146 136 106 141 77 0 63 152 9 150 101 155 174 94 30 144 92 179 105 68 181 203 100 48 135 125 112 149 137 44 197 153 57 124 125 63 0 172 67 162 118 147 179 70 46 181 37 171 43 156 11 54 74 162 50 66 182 72 35 133 104 20 153 88 92 152 172 0 143 22 54 69 42 115 176 49 163 75 182 117 154 188 71 25 125 81 163 152 109 35 137 128 105 135 68 9 67 143 0 142 93 148 166 91 39 135 93 172 108 138 23 46 71 159 31 72 162 50 35 127 124 16 137 67 99 150 162 22 142 0 49 47 26 100 172 70 148 53 167 111 64 95 22 110 37 34 147 70 19 79 111 36 106 67 61 101 118 54 93 49 0 66 73 68 123 71 112 86 131 105 69 64 82 158 29 100 120 4 65 123 166 56 107 26 127 155 147 69 148 47 66 0 42 77 169 114 123 24 139 146 35 24 95 181 44 98 162 43 61 148 146 42 146 68 125 174 179 42 166 26 73 42 0 112 194 91 160 36 178 43 122 136 60 91 69 92 84 79 85 57 172 95 38 54 108 94 70 115 91 100 68 77 112 0 99 139 48 101 67 112 187 217 102 14 150 117 157 172 141 46 176 159 100 151 107 30 46 176 39 172 123 169 194 99 0 172 82 193 89 182 57 100 82 158 90 56 217 118 56 138 55 58 177 128 69 144 181 49 135 70 71 114 91 139 172 0 181 123 200 31 170 184 99 81 117 129 75 124 130 60 208 143 21 98 137 92 37 163 93 148 112 123 160 48 82 181 0 145 19 126 70 49 104 182 49 118 134 22 82 147 177 68 128 47 145 179 171 75 172 53 86 24 36 101 193 123 145 0 160 38 189 202 118 91 136 148 71 139 149 77 227 162 32 113 155 105 43 182 108 167 131 139 178 67 89 200 19 160 0 
0 186 157 55 82 104 195 25 106 184 58 170 181 120 176 75 150 154 58 52 129 142 101 194 120 31 9 28 154 127 186 0 29 203 121 83 38 161 128 28 207 50 12 116 11 124 166 48 203 178 59 73 85 108 66 177 181 165 62 181 157 29 0 177 96 54 48 132 107 34 181 48 24 98 19 98 147 29 177 149 30 52 56 103 37 148 152 136 45 158 55 203 177 0 82 128 221 65 90 207 5 173 201 107 192 79 202 182 3 107 153 176 122 235 141 85 63 48 186 181 82 121 96 82 0 55 143 62 31 129 86 92 120 41 110 7 168 107 82 106 77 107 48 171 64 91 81 54 115 160 104 83 54 128 55 0 93 79 79 80 133 77 77 79 73 54 124 54 129 99 25 52 8 116 17 94 98 85 60 125 195 38 48 221 143 93 0 171 155 14 226 86 29 146 45 144 144 41 221 177 68 60 99 74 80 180 188 178 46 164 25 161 132 65 62 79 171 0 89 159 69 146 156 102 151 55 137 130 67 50 104 118 76 173 95 30 20 19 130 119 106 128 107 90 31 79 155 89 0 141 94 88 130 17 117 37 198 125 89 136 95 131 71 195 82 119 107 78 135 190 184 28 34 207 129 80 14 159 141 0 212 74 17 132 33 130 143 31 207 168 55 53 85 80 66 169 177 165 40 160 58 207 181 5 86 133 226 69 94 212 0 177 205 111 196 83 206 187 5 110 158 181 127 240 146 89 67 53 191 185 170 50 48 173 92 77 86 146 88 74 177 0 57 73 41 97 191 77 172 175 66 98 75 151 63 168 166 144 93 199 181 12 24 201 120 77 29 156 130 17 205 57 0 119 16 122 154 36 201 170 52 61 80 97 61 170 175 160 50 169 120 116 98 107 41 79 146 102 17 132 111 73 119 0 105 48 201 119 106 147 90 127 71 190 78 132 121 92 130 197 176 11 19 192 110 73 45 151 117 33 196 41 16 105 0 113 163 44 192 168 49 69 75 112 56 167 171 154 60 176 75 124 98 79 7 54 144 55 37 130 83 97 122 48 113 0 163 106 79 99 77 106 46 170 64 84 74 48 114 154 150 166 147 202 168 124 144 137 198 143 206 191 154 201 163 163 0 119 204 100 126 95 132 85 132 119 141 156 104 31 154 48 29 182 107 54 41 130 125 31 187 77 36 119 44 106 119 0 182 137 30 25 60 75 43 139 147 138 16 133 58 203 177 3 82 129 221 67 89 207 5 172 201 106 192 79 204 182 0 110 153 177 122 237 141 88 66 50 187 184 52 178 149 107 106 99 177 50 136 168 110 175 170 147 168 99 100 137 110 0 119 117 100 157 116 22 44 68 131 75 129 59 30 153 77 25 68 104 95 55 158 66 52 90 49 77 126 30 153 119 0 38 31 100 13 118 123 110 40 133 142 73 52 176 107 52 60 118 131 53 181 98 61 127 69 106 95 25 177 117 38 0 60 64 49 122 134 129 14 108 101 85 56 122 48 8 99 76 71 85 127 75 80 71 75 46 132 60 122 100 31 60 0 124 19 94 96 80 68 131 194 108 103 235 171 116 74 173 195 80 240 151 97 190 112 170 85 75 237 157 100 64 124 0 113 169 185 187 60 114 120 66 37 141 64 17 80 95 82 66 146 63 61 78 56 64 132 43 141 116 13 49 19 113 0 111 115 99 53 136 31 177 148 85 91 94 180 30 119 169 89 168 170 132 167 84 119 139 88 22 118 122 94 169 111 0 22 47 136 96 9 181 152 63 81 98 188 20 107 177 67 166 175 121 171 74 141 147 66 44 123 134 96 185 115 22 0 29 147 118 28 165 136 48 54 85 178 19 78 165 53 144 160 92 154 48 156 138 50 68 110 129 80 187 99 47 29 0 141 138 154 62 45 186 115 60 46 130 135 40 191 93 50 130 60 114 104 16 187 131 40 14 68 60 53 136 147 141 0 120 127 181 158 181 160 125 164 119 190 160 185 199 169 197 176 154 31 133 184 75 133 108 131 114 136 96 118 138 120 0 
0 61 156 64 105 112 50 68 154 61 173 125 117 123 171 108 163 123 146 188 55 37 17 175 191 87 97 140 153 147 61 0 193 22 133 80 78 67 186 2 171 82 160 122 120 70 188 130 121 152 30 24 51 137 166 109 105 169 122 146 156 193 0 175 61 162 115 129 16 195 112 185 43 104 232 172 36 90 156 200 164 176 172 196 176 85 98 30 170 102 64 22 175 0 115 59 64 47 168 24 149 64 146 100 108 50 168 108 99 132 12 32 59 118 145 91 84 151 101 124 105 133 61 115 0 104 57 68 53 135 90 127 43 56 177 114 58 44 108 155 104 118 119 148 138 24 40 36 121 68 112 80 162 59 104 0 81 50 150 82 100 23 146 62 73 13 143 75 41 76 60 88 112 63 86 83 64 133 43 81 50 78 115 64 57 81 0 31 110 80 123 101 82 73 152 84 115 73 107 153 52 61 63 142 150 37 47 93 117 97 68 67 129 47 68 50 31 0 121 69 109 70 104 58 121 53 121 63 78 123 37 60 75 111 123 44 38 104 87 83 154 186 16 168 53 150 110 121 0 188 96 173 48 90 218 160 21 76 142 185 157 171 170 182 160 77 87 17 156 87 61 2 195 24 135 82 80 69 188 0 173 84 162 124 122 72 190 132 123 154 32 24 50 139 168 111 107 171 124 148 173 171 112 149 90 100 123 109 96 173 0 117 127 51 147 113 78 51 69 97 143 169 183 100 67 91 76 86 80 26 125 82 185 64 127 23 101 70 173 84 117 0 169 84 51 17 166 98 50 70 70 96 123 55 89 106 87 156 45 101 117 160 43 146 43 146 82 104 48 162 127 169 0 99 219 154 67 87 151 198 134 141 133 191 181 63 83 45 164 108 123 122 104 100 56 62 73 58 90 124 51 84 99 0 128 75 82 14 52 99 93 118 132 93 83 47 26 74 66 25 171 120 232 108 177 73 152 121 218 122 147 51 219 128 0 68 209 142 80 62 116 139 167 51 95 156 137 202 67 138 108 70 172 50 114 13 84 53 160 72 113 17 154 75 68 0 155 87 53 82 54 81 107 68 96 91 74 143 52 94 163 188 36 168 58 143 115 121 21 190 78 166 67 82 209 155 0 68 130 171 158 175 177 169 144 79 85 24 144 73 123 130 90 108 44 75 73 63 76 132 51 98 87 14 142 87 68 0 66 112 100 123 134 107 94 40 26 60 80 25 146 121 156 99 108 41 107 78 142 123 69 50 151 52 80 53 130 66 0 48 99 127 149 41 46 92 70 126 14 58 188 152 200 132 155 76 153 123 185 154 97 70 198 99 62 82 171 112 48 0 136 163 188 15 35 140 118 170 36 98 55 30 164 12 104 60 52 37 157 32 143 70 134 93 116 54 158 100 99 136 0 28 53 122 145 80 75 140 103 118 37 24 176 32 118 88 61 60 171 24 169 96 141 118 139 81 175 123 127 163 28 0 28 149 173 96 97 154 131 143 17 51 172 59 119 112 63 75 170 50 183 123 133 132 167 107 177 134 149 188 53 28 0 175 195 100 108 155 155 157 175 137 196 118 148 63 142 111 182 139 100 55 191 93 51 68 169 107 41 15 122 149 175 0 44 132 110 166 27 96 191 166 176 145 138 86 150 123 160 168 67 89 181 83 95 96 144 94 46 35 145 173 195 44 0 130 108 147 44 74 87 109 85 91 24 83 37 44 77 111 91 106 63 47 156 91 79 40 92 140 80 96 100 132 130 0 22 60 105 65 97 105 98 84 40 64 47 38 87 107 76 87 83 26 137 74 85 26 70 118 75 97 108 110 108 22 0 70 83 50 140 169 30 151 36 133 93 104 17 171 86 156 45 74 202 143 24 60 126 170 140 154 155 166 147 60 70 0 140 73 153 122 170 101 121 43 117 87 156 124 80 45 164 66 67 52 144 80 14 36 103 131 155 27 44 105 83 140 0 72 147 146 102 124 68 81 97 83 87 148 26 101 108 25 138 94 73 25 58 98 118 143 157 96 74 65 50 73 72 0 
0 58 119 48 42 99 159 71 27 73 84 113 61 93 17 103 49 38 116 109 57 102 97 82 100 18 129 96 52 75 58 0 168 78 33 108 172 86 51 15 136 168 4 151 42 138 75 63 174 111 22 56 155 74 133 48 185 39 105 133 119 168 0 92 161 107 116 100 145 182 35 30 170 90 128 52 155 149 85 120 175 187 70 130 57 137 44 197 115 84 48 78 92 0 81 53 111 25 73 91 66 99 79 108 46 60 97 86 126 64 90 96 103 48 56 63 118 105 87 90 42 33 161 81 0 124 188 98 21 44 126 155 37 127 35 140 42 31 152 130 18 89 135 96 136 25 170 69 78 111 99 108 107 53 124 0 64 28 122 117 97 127 108 155 92 55 148 136 167 14 127 97 144 37 50 112 145 119 140 138 159 172 116 111 188 64 0 90 184 180 125 145 172 191 154 72 208 197 197 63 191 155 175 99 70 174 160 180 191 177 71 86 100 25 98 28 90 0 94 97 81 114 86 132 65 55 120 108 147 39 103 89 124 30 50 84 133 104 112 114 27 51 145 73 21 122 184 94 0 64 110 136 55 106 30 130 27 14 131 131 39 105 114 100 127 10 151 89 57 90 73 15 182 91 44 117 180 97 64 0 151 183 13 166 57 151 86 75 189 118 29 49 170 81 146 63 200 25 120 148 84 136 35 66 126 97 125 81 110 151 0 33 139 66 95 53 120 114 72 111 141 162 50 111 56 102 52 169 81 55 113 168 30 99 155 127 145 114 136 183 33 0 170 62 126 76 142 139 55 141 170 195 42 144 80 130 19 201 96 61 61 4 170 79 37 108 172 86 55 13 139 170 0 154 45 139 79 67 177 110 26 52 158 73 134 52 188 35 109 136 93 151 90 108 127 155 191 132 106 166 66 62 154 0 110 119 99 101 26 169 145 194 20 156 121 104 65 189 50 18 17 42 128 46 35 92 154 65 30 57 95 126 45 110 0 105 57 44 133 101 47 86 113 70 101 20 143 79 69 92 103 138 52 60 140 55 72 55 130 151 53 76 139 119 105 0 150 140 125 68 150 144 103 83 5 121 93 159 123 106 49 75 155 97 42 148 208 120 27 86 120 142 79 99 57 150 0 13 125 158 59 131 111 127 147 37 154 111 49 86 38 63 149 86 31 136 197 108 14 75 114 139 67 101 44 140 13 0 127 145 48 118 112 114 138 24 152 100 51 87 116 174 85 126 152 167 197 147 131 189 72 55 177 26 133 125 125 127 0 181 170 216 23 174 128 128 50 212 76 41 109 111 120 64 130 14 63 39 131 118 111 141 110 169 101 68 158 145 181 0 132 93 158 37 63 121 159 117 151 152 57 22 175 90 18 127 191 103 39 29 141 170 26 145 47 150 59 48 170 132 0 77 152 95 146 42 186 54 96 129 102 56 187 96 89 97 155 89 105 49 162 195 52 194 86 144 131 118 216 93 77 0 194 61 139 99 214 31 154 176 97 155 70 103 135 144 175 124 114 170 50 42 158 20 113 103 111 112 23 158 152 194 0 151 106 110 45 192 63 25 82 74 130 48 96 37 99 30 100 81 111 144 73 156 70 83 127 114 174 37 95 61 151 0 78 90 163 82 131 138 100 133 57 56 136 50 70 50 127 146 56 80 134 121 101 5 147 138 128 63 146 139 106 78 0 117 98 154 122 107 18 48 137 63 25 112 174 84 10 63 102 130 52 104 20 121 37 24 128 121 42 99 110 90 117 0 145 87 57 87 129 185 44 118 170 145 160 133 151 200 52 19 188 65 143 93 154 152 50 159 186 214 45 163 98 145 0 219 107 69 96 39 197 105 69 119 180 104 89 25 169 201 35 189 79 159 111 100 212 117 54 31 192 82 154 87 219 0 144 171 52 105 115 87 78 140 191 112 57 120 81 96 109 50 69 123 49 51 76 151 96 154 63 131 122 57 107 144 0 38 75 133 84 90 111 138 177 114 90 148 55 61 136 18 92 106 86 87 41 152 129 176 25 138 107 87 69 171 38 0 
0 150 40 86 141 164 79 171 137 46 72 94 115 59 223 112 184 127 149 90 186 150 104 35 119 159 131 83 219 132 150 0 110 64 155 125 134 190 59 132 188 169 56 182 196 203 96 198 66 192 127 36 142 151 201 228 49 117 171 194 40 110 0 49 136 146 79 171 105 50 98 106 82 89 213 132 156 141 118 112 165 114 102 56 136 175 97 73 203 143 86 64 49 0 122 114 81 159 60 70 126 115 37 120 187 148 111 148 73 133 128 65 96 87 148 180 50 66 171 146 141 155 136 122 0 52 62 37 97 95 106 63 101 114 83 86 101 63 97 92 74 123 37 110 75 81 106 63 86 54 164 125 146 114 52 0 91 76 66 118 148 108 81 152 74 136 50 115 59 138 24 89 73 138 126 132 77 81 57 106 79 134 79 81 62 91 0 93 91 33 61 35 80 63 144 69 124 67 100 58 114 114 25 49 68 100 92 17 142 66 171 190 171 159 37 76 93 0 132 126 123 82 138 133 68 90 126 64 130 105 92 158 69 137 78 64 141 98 85 54 137 59 105 60 97 66 91 132 0 103 151 124 23 150 139 158 51 147 13 149 73 26 91 125 153 174 12 74 117 141 46 132 50 70 95 118 33 126 103 0 56 56 85 50 177 83 144 91 114 65 141 122 58 22 87 125 100 37 173 93 72 188 98 126 106 148 61 123 151 56 0 43 137 13 187 42 185 64 160 20 172 174 75 42 52 92 152 77 192 72 94 169 106 115 63 108 35 82 124 56 43 0 115 51 144 34 149 35 130 30 132 149 36 59 33 69 127 52 149 38 115 56 82 37 101 81 80 138 23 85 137 115 0 134 155 149 74 142 36 138 93 37 86 106 146 172 16 63 136 138 59 182 89 120 114 152 63 133 150 50 13 51 134 0 195 55 187 77 160 33 176 171 80 33 65 105 149 77 199 84 223 196 213 187 83 74 144 68 139 177 187 144 155 195 0 158 107 132 130 171 70 160 120 193 146 131 151 142 31 122 112 203 132 148 86 136 69 90 158 83 42 34 149 55 158 0 180 26 164 22 159 183 68 79 12 50 161 86 170 36 184 96 156 111 101 50 124 126 51 144 185 149 74 187 107 180 0 162 38 178 37 60 113 166 172 182 62 110 79 154 127 198 141 148 63 115 67 64 147 91 64 35 142 77 132 26 162 0 150 44 137 173 56 92 14 34 151 82 145 10 149 66 118 73 97 59 100 130 13 114 160 130 36 160 130 164 38 150 0 158 62 30 96 136 158 176 24 83 106 144 90 192 112 133 92 138 58 105 149 65 20 30 138 33 171 22 178 44 158 0 162 172 65 57 32 72 150 75 178 53 186 127 165 128 74 24 114 92 73 141 172 132 93 176 70 159 37 137 62 162 0 91 97 161 149 152 85 104 44 128 150 36 114 65 123 89 114 158 26 122 174 149 37 171 160 183 60 173 30 172 91 0 117 143 179 200 22 97 135 167 104 142 102 96 37 73 25 69 91 58 75 36 86 80 120 68 113 56 96 65 97 117 0 73 62 86 95 31 120 52 35 151 56 87 110 138 49 137 125 22 42 59 106 33 193 79 166 92 136 57 161 143 73 0 85 125 122 57 191 97 119 201 136 148 75 126 68 78 153 87 52 33 146 65 146 12 172 14 158 32 149 179 62 85 0 40 157 84 159 24 159 228 175 180 81 132 100 64 174 125 92 69 172 105 131 50 182 34 176 72 152 200 86 125 40 0 180 114 149 34 131 49 97 50 106 77 92 141 12 100 152 127 16 149 151 161 62 151 24 150 85 22 95 122 157 180 0 75 129 147 83 117 73 66 63 81 17 98 74 37 77 52 63 77 142 86 110 82 83 75 104 97 31 57 84 114 75 0 136 80 219 171 203 171 86 57 142 85 117 173 192 149 136 199 31 170 79 145 106 178 44 135 120 191 159 149 129 136 0 135 132 194 143 146 54 106 66 54 141 93 72 38 138 84 122 36 154 10 144 53 128 167 52 97 24 34 147 80 135 0 
0 100 52 74 131 141 104 27 87 60 135 128 128 78 140 176 135 143 81 95 169 127 110 160 99 148 37 151 151 113 100 0 71 79 49 63 9 127 61 51 43 86 35 78 40 123 131 138 56 51 74 132 51 101 42 74 137 103 77 18 52 71 0 94 116 130 71 74 36 20 113 76 89 97 107 124 89 97 86 94 128 84 105 109 93 98 85 99 101 88 74 79 94 0 79 84 88 93 113 83 89 153 114 4 112 197 182 190 24 37 151 177 52 176 47 153 97 173 156 79 131 49 116 79 0 14 55 157 110 96 15 133 67 76 49 163 179 186 57 42 88 181 27 141 34 112 165 146 114 31 141 63 130 84 14 0 69 166 124 110 27 147 80 80 61 176 193 200 64 49 98 195 33 154 42 125 174 159 127 45 104 9 71 88 55 69 0 131 55 51 47 78 27 87 37 114 124 131 65 60 67 126 60 92 51 65 141 94 68 24 27 127 74 93 157 166 131 0 110 86 161 150 155 97 167 198 149 156 104 119 196 139 134 183 124 172 11 173 175 140 87 61 36 113 110 124 55 110 0 32 102 42 63 115 86 90 71 79 99 102 98 71 107 73 96 63 121 65 66 79 60 51 20 83 96 110 51 86 32 0 93 74 71 85 87 121 99 107 71 77 111 96 86 103 74 88 97 96 91 68 135 43 113 89 15 27 47 161 102 93 0 122 53 87 34 149 170 177 66 53 73 173 40 127 42 98 170 132 100 25 128 86 76 153 133 147 78 150 42 74 122 0 70 154 94 48 53 58 135 136 88 60 137 34 128 40 161 23 43 102 128 35 89 114 67 80 27 155 63 71 53 70 0 113 24 96 122 128 91 84 41 126 79 74 74 45 165 79 47 40 78 78 97 4 76 80 87 97 115 85 87 154 113 0 110 197 184 192 22 34 149 180 49 176 45 152 101 174 155 77 140 40 107 112 49 61 37 167 86 87 34 94 24 110 0 116 146 152 88 78 40 150 69 94 67 65 177 102 67 33 176 123 124 197 163 176 114 198 90 121 149 48 96 197 116 0 75 75 177 174 92 87 173 22 165 51 209 25 49 135 135 131 89 182 179 193 124 149 71 99 170 53 122 184 146 75 0 8 170 173 141 13 178 76 167 93 160 60 94 148 143 138 97 190 186 200 131 156 79 107 177 58 128 192 152 75 8 0 177 181 146 17 186 78 175 97 166 62 99 155 81 56 86 24 57 64 65 104 99 71 66 135 91 22 88 177 170 177 0 15 127 167 31 156 24 130 111 155 133 55 95 51 94 37 42 49 60 119 102 77 53 136 84 34 78 174 173 181 15 0 117 172 16 152 11 125 125 153 128 45 169 74 128 151 88 98 67 196 98 111 73 88 41 149 40 92 141 146 127 117 0 148 109 74 106 49 206 87 48 72 127 132 84 177 181 195 126 139 71 96 173 60 126 180 150 87 13 17 167 172 148 0 178 86 167 100 149 70 103 150 110 51 105 52 27 33 60 134 107 86 40 137 79 49 69 173 178 186 31 16 109 178 0 151 12 123 141 154 126 39 160 101 109 176 141 154 92 183 73 103 127 34 74 176 94 22 76 78 156 152 74 86 151 0 143 29 194 16 28 113 99 42 93 47 34 42 51 124 96 74 42 128 74 45 67 165 167 175 24 11 106 167 12 143 0 116 132 145 119 34 148 74 98 153 112 125 65 172 63 88 98 40 45 152 65 51 93 97 130 125 49 100 123 29 116 0 183 38 3 84 37 137 85 97 165 174 141 11 121 97 170 161 165 101 177 209 160 166 111 125 206 149 141 194 132 183 0 184 186 149 151 103 99 173 146 159 94 173 65 96 132 23 79 174 102 25 60 62 155 153 87 70 154 16 145 38 184 0 39 116 151 77 101 156 114 127 68 175 66 91 100 43 47 155 67 49 94 99 133 128 48 103 126 28 119 3 186 39 0 87 113 18 88 79 31 45 24 140 79 68 25 102 40 77 33 135 148 155 55 45 72 150 39 113 34 84 149 116 87 0 
0 207 221 167 157 116 172 171 119 154 121 174 133 84 26 201 32 70 209 228 194 95 166 180 195 58 198 9 68 188 207 0 14 41 160 102 48 62 157 79 110 70 75 131 231 7 237 138 12 22 19 160 106 34 19 149 35 200 166 28 221 14 0 55 170 115 59 72 168 89 122 80 89 145 245 20 251 152 17 8 30 171 114 45 29 163 41 214 180 39 167 41 55 0 126 74 19 33 136 65 70 43 34 90 191 35 196 97 42 63 27 133 99 34 38 109 53 160 125 21 157 160 170 126 0 155 112 98 211 175 69 90 113 94 170 153 170 113 153 178 141 194 209 160 163 129 179 148 90 132 116 102 115 74 155 0 88 97 64 38 86 106 51 71 142 99 148 62 110 121 97 59 59 70 86 61 85 111 104 94 172 48 59 19 112 88 0 15 152 84 63 25 41 90 196 41 200 102 44 67 29 147 118 51 52 116 69 165 123 20 171 62 72 33 98 97 15 0 161 97 55 10 47 87 193 55 197 101 56 80 43 154 131 66 67 117 84 163 117 34 119 157 168 136 211 64 152 161 0 79 145 170 115 119 141 156 148 101 167 173 157 24 65 123 139 89 130 119 140 155 154 79 89 65 175 38 84 97 79 0 108 107 62 104 180 78 186 98 89 94 80 85 34 45 60 99 52 149 139 81 121 110 122 70 69 86 63 55 145 108 0 55 46 38 142 103 144 57 107 130 92 130 140 100 108 74 121 112 62 83 174 70 80 43 90 106 25 10 170 107 55 0 55 90 196 63 199 106 63 88 51 162 141 76 76 121 94 166 117 42 133 75 89 34 113 51 41 47 115 62 46 55 0 56 157 69 162 63 76 97 61 107 96 56 67 75 77 126 92 55 84 131 145 90 94 71 90 87 119 104 38 90 56 0 106 125 110 20 131 153 116 100 130 112 123 37 132 76 36 108 26 231 245 191 170 142 196 193 141 180 142 196 157 106 0 226 7 94 233 253 218 118 192 205 220 83 224 31 83 212 201 7 20 35 153 99 41 55 156 78 103 63 69 125 226 0 231 132 11 28 12 157 107 33 20 143 39 195 160 21 32 237 251 196 170 148 200 197 148 186 144 199 162 110 7 231 0 99 238 259 223 125 198 211 226 89 230 37 85 217 70 138 152 97 113 62 102 101 101 98 57 106 63 20 94 132 99 0 139 160 124 82 121 114 128 17 134 63 42 118 209 12 17 42 153 110 44 56 167 89 107 63 76 131 233 11 238 139 0 25 15 168 117 44 30 151 47 202 166 24 228 22 8 63 178 121 67 80 173 94 130 88 97 153 253 28 259 160 25 0 38 177 117 51 35 170 44 222 188 47 194 19 30 27 141 97 29 43 157 80 92 51 61 116 218 12 223 124 15 38 0 156 111 37 29 136 48 187 151 9 95 160 171 133 194 59 147 154 24 85 130 162 107 100 118 157 125 82 168 177 156 0 81 126 142 68 137 95 119 153 166 106 114 99 209 59 118 131 65 34 140 141 96 130 192 107 198 121 117 117 111 81 0 74 87 118 73 164 163 113 180 34 45 34 160 70 51 66 123 45 100 76 56 112 205 33 211 114 44 51 37 126 74 0 16 122 21 174 148 40 195 19 29 38 163 86 52 67 139 60 108 76 67 123 220 20 226 128 30 35 29 142 87 16 0 137 19 189 159 35 58 149 163 109 129 61 116 117 89 99 74 121 75 37 83 143 89 17 151 170 136 68 118 122 137 0 141 52 51 130 198 35 41 53 179 85 69 84 130 52 121 94 77 132 224 39 230 134 47 44 48 137 73 21 19 141 0 193 168 54 9 200 214 160 148 111 165 163 119 149 112 166 126 76 31 195 37 63 202 222 187 95 164 174 189 52 193 0 59 181 68 166 180 125 90 104 123 117 140 139 62 117 92 36 83 160 85 42 166 188 151 119 163 148 159 51 168 59 0 142 188 28 39 21 132 94 20 34 155 81 83 42 55 108 212 21 217 118 24 47 9 153 113 40 35 130 54 181 142 0 
0 138 161 116 141 172 172 79 192 60 52 127 31 165 115 148 21 81 177 167 145 180 202 120 120 29 124 79 92 171 138 0 86 119 129 37 72 117 61 78 120 58 122 29 74 12 126 65 69 104 71 56 66 18 47 129 88 79 114 92 161 86 0 70 62 74 157 179 70 116 170 39 162 76 46 79 141 86 36 18 19 135 88 88 128 169 169 82 84 178 116 119 70 0 25 127 188 165 134 98 146 63 131 125 46 119 95 73 103 64 65 175 152 110 144 136 175 57 24 203 141 129 62 25 0 130 200 187 132 120 171 71 156 130 57 127 120 94 98 50 64 184 150 122 160 161 195 79 49 217 172 37 74 127 130 0 91 154 24 112 157 64 158 8 83 25 157 92 43 92 66 63 30 54 83 165 123 103 130 116 172 72 157 188 200 91 0 114 111 118 132 130 145 85 143 78 168 122 133 175 143 32 103 78 53 151 60 139 179 26 79 117 179 165 187 154 114 0 178 67 27 140 48 146 140 129 89 97 179 192 160 134 182 102 75 50 54 108 143 103 192 61 70 134 132 24 111 178 0 133 180 74 180 32 93 49 176 111 34 87 69 81 18 77 107 187 147 119 140 137 60 78 116 98 120 112 118 67 133 0 54 77 47 105 73 88 51 30 123 126 97 122 142 60 65 54 84 41 78 123 52 120 170 146 171 157 132 27 180 54 0 131 21 149 127 132 63 84 175 180 151 147 186 103 85 23 77 93 123 126 127 58 39 63 71 64 130 140 74 77 131 0 123 62 19 56 108 47 51 53 20 113 91 54 93 130 132 48 66 148 31 122 162 131 156 158 145 48 180 47 21 123 0 150 117 133 42 76 170 171 143 157 187 104 95 7 94 81 107 141 165 29 76 125 130 8 85 146 32 105 149 62 150 0 81 17 151 86 48 94 66 59 37 46 75 157 115 98 126 110 115 74 46 46 57 83 143 140 93 73 127 19 117 81 0 73 95 43 67 54 30 130 110 65 103 123 139 36 47 160 148 12 79 119 127 25 78 129 49 88 132 56 133 17 73 0 135 72 58 97 65 57 54 29 59 140 100 85 117 100 21 126 141 95 120 157 168 89 176 51 63 108 42 151 95 135 0 65 159 146 125 173 187 108 115 44 126 60 71 170 81 65 86 73 94 92 122 97 111 30 84 47 76 86 43 72 65 0 96 96 67 117 122 48 72 83 102 17 58 132 177 69 36 103 98 43 133 179 34 123 175 51 170 48 67 58 159 96 0 53 38 106 52 78 116 177 157 99 112 157 167 104 18 64 50 92 175 192 87 126 180 53 171 94 54 97 146 96 53 0 34 153 105 104 144 177 185 90 82 196 145 71 19 65 64 66 143 160 69 97 151 20 143 66 30 65 125 67 38 34 0 122 87 70 110 150 151 66 74 163 180 56 135 175 184 63 32 134 81 122 147 113 157 59 130 57 173 117 106 153 122 0 71 69 62 164 86 133 170 58 202 66 88 152 150 30 103 182 18 142 186 91 187 37 110 54 187 122 52 105 87 71 0 83 108 194 145 132 157 129 120 18 88 110 122 54 78 102 77 60 103 54 104 46 65 29 108 48 78 104 70 69 83 0 40 111 81 64 101 95 120 47 128 144 160 83 53 75 107 65 85 93 95 75 103 59 115 72 116 144 110 62 108 40 0 102 41 89 130 60 29 129 169 136 161 165 151 50 187 54 23 130 7 157 123 140 44 83 177 177 150 164 194 111 102 0 99 87 112 147 124 88 169 175 195 123 60 54 147 84 77 132 94 115 139 100 126 102 157 185 151 86 145 81 41 99 0 119 160 49 79 79 82 57 79 103 139 108 119 41 93 48 81 98 36 85 60 17 99 90 66 133 132 64 89 87 119 0 41 149 92 114 84 24 49 130 179 143 140 78 123 66 107 126 47 117 71 58 112 82 74 170 157 101 130 112 160 41 0 190 171 92 178 203 217 116 26 103 137 123 126 148 141 110 160 100 170 132 157 196 163 58 129 95 60 147 49 149 190 0 
0 35 73 167 59 74 132 129 74 133 158 154 140 107 134 55 97 148 118 129 60 63 134 182 168 35 29 68 81 111 35 0 49 144 60 70 115 106 90 136 127 141 108 90 135 23 71 122 105 138 88 69 103 165 145 65 17 97 104 78 73 49 0 95 46 44 68 57 85 105 88 94 74 43 103 29 24 75 60 117 101 59 63 117 96 108 44 111 108 88 167 144 95 0 117 102 40 38 143 108 69 40 82 60 103 123 74 38 57 134 172 124 66 31 8 202 138 181 166 156 59 60 46 117 0 16 78 83 39 77 130 98 119 57 77 56 65 110 62 80 58 13 105 127 119 91 43 68 62 126 74 70 44 102 16 0 62 69 47 66 121 82 111 43 65 62 57 98 46 74 70 22 97 111 105 107 55 79 70 130 132 115 68 40 78 62 0 26 103 73 86 26 88 25 68 97 55 53 17 97 132 84 69 50 45 167 106 141 126 146 129 106 57 38 83 69 26 0 114 97 60 49 62 26 93 85 36 30 36 119 139 91 43 63 39 164 100 148 137 123 74 90 85 143 39 47 103 114 0 67 168 115 158 88 70 94 104 144 86 56 32 26 144 146 148 95 73 39 23 164 133 136 105 108 77 66 73 97 67 0 157 69 157 77 5 128 109 126 61 27 99 70 139 98 115 159 120 104 82 193 158 127 88 69 130 121 86 60 168 157 0 102 22 83 153 104 65 34 96 179 187 142 25 100 62 192 129 197 191 102 154 141 94 40 98 82 26 49 115 69 102 0 110 51 64 123 81 68 36 96 147 101 91 31 47 188 130 154 137 171 140 108 74 82 119 111 88 62 158 157 22 110 0 80 153 85 54 44 96 177 175 132 19 113 76 173 112 185 181 80 107 90 43 60 57 43 25 26 88 77 83 51 80 0 73 72 34 56 19 97 113 65 62 75 62 142 81 122 111 124 134 135 103 103 77 65 68 93 70 5 153 64 153 73 0 127 106 121 57 32 102 71 135 93 110 161 119 107 86 191 55 23 29 123 56 62 97 85 94 128 104 123 85 72 127 0 49 99 89 135 99 69 80 146 123 88 28 109 112 70 97 71 24 74 65 57 55 36 104 109 65 81 54 34 106 49 0 51 53 125 122 78 40 99 74 132 68 132 127 91 148 122 75 38 110 98 53 30 144 126 34 68 44 56 121 99 51 0 65 148 168 120 29 69 32 183 119 177 167 120 118 105 60 57 62 46 17 36 86 61 96 36 96 19 57 89 53 65 0 83 115 68 78 65 62 152 94 124 109 143 129 138 117 134 80 74 97 119 56 27 179 96 177 97 32 135 125 148 83 0 84 69 159 125 141 151 121 87 64 204 60 88 101 172 58 70 132 139 32 99 187 147 175 113 102 99 122 168 115 84 0 48 162 178 175 70 73 10 22 166 63 69 59 124 13 22 84 91 26 70 142 101 132 65 71 69 78 120 68 69 48 0 118 132 127 91 52 57 49 139 134 103 63 66 105 97 69 43 144 139 25 91 19 62 135 80 40 29 78 159 162 118 0 97 61 168 105 172 167 91 182 165 117 31 127 111 50 63 146 98 100 31 113 75 93 146 99 69 65 125 178 132 97 0 38 217 156 185 168 185 168 145 96 8 119 105 45 39 148 115 62 47 76 62 110 123 74 32 62 141 175 127 61 38 0 203 139 184 171 152 35 65 108 202 91 107 167 164 95 159 192 188 173 142 161 88 132 183 152 151 70 91 168 217 203 0 64 72 92 133 29 17 44 138 43 55 106 100 73 120 129 130 112 81 119 28 68 119 94 121 73 52 105 156 139 64 0 82 87 93 68 97 111 181 68 79 141 148 39 104 197 154 185 122 107 109 132 177 124 87 10 57 172 185 184 72 82 0 23 175 81 104 108 166 62 70 126 137 23 82 191 137 181 111 86 112 127 167 109 64 22 49 167 168 171 92 87 23 0 180 111 78 88 156 126 130 146 123 164 193 102 171 80 124 191 70 91 120 143 204 166 139 91 185 152 133 93 175 180 0 
0 80 68 162 151 71 54 115 9 118 158 114 150 103 73 119 116 147 92 103 62 113 6 120 131 101 27 52 64 103 80 0 108 129 151 149 31 39 77 138 195 75 115 164 148 39 42 105 148 36 40 50 76 101 158 52 54 130 19 150 68 108 0 120 89 77 78 147 77 50 92 91 111 60 66 136 125 115 42 111 115 111 73 76 63 93 68 67 89 42 162 129 120 0 63 197 122 148 168 93 144 55 14 169 186 118 103 25 152 98 164 83 164 44 108 77 141 185 123 140 151 151 89 63 0 163 131 182 159 42 81 85 66 120 149 155 140 78 106 131 177 119 155 52 49 106 139 156 138 90 71 149 77 197 163 0 121 186 78 121 132 163 188 59 14 187 182 190 61 168 132 173 76 153 123 158 95 19 132 78 54 31 78 122 131 121 0 70 55 111 167 68 108 133 118 66 62 101 117 49 46 59 53 86 130 50 27 102 12 120 115 39 147 148 182 186 70 0 111 174 233 98 135 203 186 31 46 123 187 52 60 66 111 131 194 77 92 167 58 189 9 77 77 168 159 78 55 111 0 127 167 118 155 112 81 116 115 151 101 104 55 114 4 126 140 103 28 59 62 112 118 138 50 93 42 121 111 174 127 0 60 89 90 78 107 153 140 98 64 127 155 120 123 59 20 103 111 115 121 48 158 195 92 144 81 132 167 233 167 60 0 149 144 74 118 213 200 155 72 187 207 180 164 118 40 163 160 136 177 56 114 75 91 55 85 163 68 98 118 89 149 0 41 150 154 70 55 33 132 46 109 34 115 33 109 23 90 147 68 125 150 115 111 14 66 188 108 135 155 90 144 41 0 163 177 105 90 13 146 84 150 69 152 35 106 63 128 176 109 135 103 164 60 169 120 59 133 203 112 78 74 150 163 0 45 195 185 169 18 171 163 171 109 129 74 153 116 66 145 30 73 148 66 186 149 14 118 186 81 107 118 154 177 45 0 183 178 180 47 164 135 167 79 142 109 151 94 24 129 64 119 39 136 118 155 187 66 31 116 153 213 70 105 195 183 0 15 93 178 26 76 36 115 103 173 51 92 168 55 177 116 42 125 103 140 182 62 46 115 140 200 55 90 185 178 15 0 78 167 14 82 21 114 88 160 37 89 163 53 166 147 105 115 25 78 190 101 123 151 98 155 33 13 169 180 93 78 0 151 73 142 58 148 40 116 54 123 176 101 141 92 148 42 152 106 61 117 187 101 64 72 132 146 18 47 178 167 151 0 153 149 153 98 111 62 135 102 64 129 17 103 36 111 98 131 168 49 52 104 127 187 46 84 171 164 26 14 73 153 0 76 15 102 79 147 25 76 150 42 152 62 40 115 164 177 132 46 60 55 155 207 109 150 163 135 76 82 142 149 76 0 90 56 132 173 88 47 113 41 156 113 50 111 83 119 173 59 66 114 120 180 34 69 171 167 36 21 58 153 15 90 0 112 67 140 18 86 155 53 149 6 76 73 164 155 76 53 111 4 123 164 115 152 109 79 115 114 148 98 102 56 112 0 122 136 101 26 57 61 109 120 101 76 44 52 153 86 131 126 59 118 33 35 129 142 103 88 40 111 79 132 67 122 0 78 54 100 141 91 101 131 158 63 108 49 123 130 194 140 20 40 109 106 74 109 173 160 116 62 147 173 140 136 78 0 123 128 121 140 45 101 52 93 77 106 158 50 77 103 103 163 23 63 153 151 51 37 54 135 25 88 18 101 54 123 0 75 141 48 131 27 54 68 141 139 95 27 92 28 111 160 90 128 116 94 92 89 123 102 76 47 86 26 100 128 75 0 76 37 109 52 130 67 185 156 19 102 167 59 115 136 147 176 66 24 168 163 176 64 150 113 155 57 141 121 141 76 0 113 80 64 19 89 123 138 132 12 58 62 121 177 68 109 145 129 55 53 101 129 42 41 53 61 91 140 48 37 113 0 131 103 150 42 140 90 78 120 189 112 48 56 125 135 30 64 177 166 141 17 152 156 149 109 101 45 131 109 80 131 0 
0 115 125 150 98 54 75 29 54 136 64 80 145 105 77 103 85 14 82 134 73 28 71 26 92 78 152 75 107 132 115 0 73 95 86 130 122 99 72 74 129 169 30 41 152 166 74 119 102 78 79 88 69 95 24 108 39 97 25 58 125 73 0 27 147 164 169 97 71 147 99 141 82 33 120 211 41 120 61 9 53 99 120 118 78 158 99 148 49 21 150 95 27 0 173 191 196 121 97 169 116 157 98 59 135 238 65 144 78 18 77 125 146 145 104 185 115 174 73 37 98 86 147 173 0 71 51 106 99 47 150 177 107 114 169 91 126 111 145 155 123 88 32 73 69 34 102 27 101 139 54 130 164 191 71 0 27 80 95 118 118 129 158 137 131 49 128 68 133 173 118 68 63 47 106 39 160 44 132 166 75 122 169 196 51 27 0 96 104 98 139 154 149 138 152 44 137 89 146 178 129 81 53 59 100 17 148 27 131 167 29 99 97 121 106 80 96 0 30 137 44 74 129 81 63 129 56 24 53 106 44 18 75 38 79 95 138 88 86 106 54 72 71 97 99 95 104 30 0 120 59 98 100 51 82 143 33 53 46 80 25 28 67 48 54 97 111 88 56 78 136 74 147 169 47 118 98 137 120 0 178 210 81 114 200 136 138 147 163 152 139 119 65 110 71 81 70 74 98 132 64 129 99 116 150 118 139 44 59 178 0 43 155 98 23 167 62 51 38 107 52 62 119 81 113 138 168 132 109 115 80 169 141 157 177 129 154 74 98 210 43 0 197 140 22 173 105 66 80 149 94 91 147 104 152 158 208 154 151 158 145 30 82 98 107 158 149 129 100 81 155 197 0 60 178 193 96 149 125 84 104 118 96 125 54 133 17 122 46 63 105 41 33 59 114 137 138 81 51 114 98 140 60 0 121 182 36 104 65 41 46 77 88 93 45 127 76 116 16 29 77 152 120 135 169 131 152 63 82 200 23 22 178 121 0 177 85 63 59 127 75 81 138 98 136 154 191 149 132 137 103 166 211 238 91 49 44 129 143 136 167 173 193 182 177 0 176 116 182 220 167 117 97 96 144 60 191 71 175 211 85 74 41 65 126 128 137 56 33 138 62 105 96 36 85 176 0 79 29 50 12 60 95 81 67 129 110 119 50 54 14 119 120 144 111 68 89 24 53 147 51 66 149 104 63 116 79 0 72 129 67 31 82 38 97 92 157 88 109 130 82 102 61 78 145 133 146 53 46 163 38 80 125 65 59 182 29 72 0 69 24 65 113 87 92 142 139 133 79 78 134 78 9 18 155 173 178 106 80 152 107 149 84 41 127 220 50 129 69 0 62 108 128 127 86 167 101 156 55 21 73 79 53 77 123 118 129 44 25 139 52 94 104 46 75 167 12 67 24 62 0 50 91 72 68 122 118 113 58 66 28 88 99 125 88 68 81 18 28 119 62 91 118 77 81 117 60 31 65 108 50 0 57 22 66 78 126 71 79 105 71 69 120 146 32 63 53 75 67 65 119 147 96 88 138 97 95 82 113 128 91 57 0 45 47 39 97 28 78 116 26 95 118 145 73 47 59 38 48 110 81 104 125 93 98 96 81 38 87 127 72 22 45 0 71 57 130 51 91 121 92 24 78 104 69 106 100 79 54 71 113 152 54 45 136 144 67 97 92 86 68 66 47 71 0 86 60 75 32 70 78 108 158 185 34 39 17 95 97 81 138 158 133 127 154 60 129 92 142 167 122 78 39 57 86 0 131 11 117 155 152 39 99 115 102 160 148 138 111 70 168 208 17 76 191 191 110 157 139 101 118 126 97 130 60 131 0 121 60 80 75 97 148 174 27 44 27 88 88 74 132 154 122 116 149 71 119 88 133 156 113 71 28 51 75 11 121 0 106 144 107 25 49 73 101 132 131 86 56 98 109 151 46 16 132 175 50 109 79 55 58 79 78 91 32 117 60 106 0 38 132 58 21 37 139 166 167 106 78 132 115 158 63 29 137 211 54 130 78 21 66 105 116 121 70 155 80 144 38 0 
0 128 132 166 132 30 123 133 167 164 163 164 191 35 182 36 180 170 219 171 168 50 238 112 27 130 142 158 96 191 128 0 131 40 143 113 110 46 45 118 55 162 174 156 166 154 133 91 147 52 43 123 148 37 142 57 79 132 164 157 132 131 0 165 14 102 21 91 132 50 113 34 59 128 50 123 60 85 106 131 169 84 136 94 118 79 66 31 71 61 166 40 165 0 179 153 145 74 44 143 65 192 201 196 194 194 155 107 157 50 4 163 151 75 182 86 105 160 204 181 132 143 14 179 0 103 34 105 146 62 127 32 61 124 52 119 71 99 117 145 183 82 148 106 115 93 80 42 61 67 30 113 102 153 103 0 93 109 146 134 139 135 161 43 152 41 150 142 190 149 155 23 210 89 29 104 114 128 75 161 123 110 21 145 34 93 0 71 112 43 94 53 74 125 65 120 59 70 101 112 149 78 128 73 112 59 47 35 79 68 133 46 91 74 105 109 71 0 42 72 30 118 129 152 122 149 87 47 103 44 78 110 112 23 138 12 33 88 139 111 167 45 132 44 146 146 112 42 0 102 21 155 160 189 155 187 112 63 113 7 48 150 108 57 175 54 67 122 181 138 164 118 50 143 62 134 43 72 102 0 81 57 58 168 53 163 17 42 58 99 147 121 86 87 155 61 39 23 120 39 163 55 113 65 127 139 94 30 21 81 0 135 139 182 134 179 91 42 94 18 69 140 93 51 168 39 47 101 167 117 164 162 34 192 32 135 53 118 155 57 135 0 30 156 21 151 58 99 101 153 196 114 134 125 147 106 88 34 88 43 191 174 59 201 61 161 74 129 160 58 139 30 0 185 9 180 49 98 83 157 205 143 117 140 176 117 96 42 118 24 35 156 128 196 124 43 125 152 189 168 182 156 185 0 176 5 184 183 226 192 198 47 250 132 14 146 155 158 76 189 182 166 50 194 52 152 65 122 155 53 134 21 9 176 0 171 47 94 85 152 198 134 119 132 167 110 89 34 109 25 36 154 123 194 119 41 120 149 187 163 179 151 180 5 171 0 179 178 221 190 196 42 245 130 12 143 150 153 71 184 180 133 60 155 71 150 59 87 112 17 91 58 49 184 47 179 0 49 46 108 159 137 77 103 171 76 54 29 131 26 170 91 85 107 99 142 70 47 63 42 42 99 98 183 94 178 49 0 56 59 111 136 68 69 169 43 28 65 149 75 219 147 106 157 117 190 101 103 113 58 94 101 83 226 85 221 46 56 0 107 161 179 34 125 213 99 79 75 177 60 171 52 131 50 145 149 112 44 7 99 18 153 157 192 152 190 108 59 107 0 54 153 101 60 178 54 65 119 182 134 168 43 169 4 183 155 149 78 48 147 69 196 205 198 198 196 159 111 161 54 0 166 155 78 184 90 109 164 207 185 50 123 84 163 82 23 78 110 150 121 140 114 143 47 134 42 137 136 179 153 166 0 203 94 34 103 108 112 52 144 238 148 136 151 148 210 128 112 108 86 93 134 117 250 119 245 77 68 34 101 155 203 0 135 236 110 96 106 206 94 112 37 94 75 106 89 73 23 57 87 51 125 140 132 132 130 103 69 125 60 78 94 135 0 118 27 49 98 129 126 27 142 118 182 115 29 112 138 175 155 168 147 176 14 167 12 171 169 213 178 184 34 236 118 0 132 141 146 71 178 130 57 79 86 93 104 59 12 54 61 39 106 117 146 110 143 76 43 99 54 90 103 110 27 132 0 22 76 128 100 142 79 66 105 80 114 47 33 67 39 47 88 96 155 89 150 54 28 79 65 109 108 96 49 141 22 0 55 124 78 158 132 31 160 42 128 35 88 122 23 101 34 42 158 34 153 29 65 75 119 164 112 106 98 146 76 55 0 102 33 96 164 71 204 61 75 79 139 181 120 167 88 118 76 109 71 131 149 177 182 207 52 206 129 71 128 124 102 0 128 191 157 61 181 67 161 68 111 138 39 117 43 24 189 25 184 26 75 60 134 185 144 94 126 178 100 78 33 128 0 
