0 139 30 108 51 33 125 31 54 34 127 90 125 135 100 25 87 87 67 20 111 151 130 84 85 23 15 28 77 67 139 0 131 93 118 133 156 108 193 105 172 76 40 111 140 155 52 222 73 159 142 31 19 188 63 129 153 113 87 206 30 131 0 81 71 3 148 32 64 34 98 68 108 107 70 25 80 91 59 36 81 136 119 67 70 46 31 36 54 87 108 93 81 0 123 80 193 85 143 82 79 26 53 30 49 105 73 161 65 117 49 78 74 111 48 112 112 93 33 168 51 118 71 123 0 74 77 43 102 44 166 99 119 153 134 76 71 136 61 70 144 139 116 135 82 28 66 36 90 101 33 133 3 80 74 0 151 35 64 37 95 68 109 105 67 25 82 90 61 38 78 137 120 64 71 49 33 39 53 89 125 156 148 193 77 151 0 120 165 121 243 167 174 223 211 150 127 198 128 139 221 185 163 209 147 103 137 113 163 151 31 108 32 85 43 35 120 0 85 3 124 64 94 115 91 49 56 116 36 51 101 120 99 99 54 27 45 8 52 98 54 193 64 143 102 64 165 85 0 88 130 132 172 163 115 39 141 34 121 34 126 200 182 64 133 75 40 82 117 34 34 105 34 82 44 37 121 3 88 0 123 61 91 112 91 52 53 119 33 54 100 117 96 101 51 30 48 11 49 101 127 172 98 79 166 95 243 124 130 123 0 98 132 71 34 108 141 131 126 124 30 157 153 70 118 144 122 130 91 164 90 76 68 26 99 68 167 64 132 61 98 0 42 56 65 93 47 157 39 104 68 70 58 114 22 91 98 72 15 155 125 40 108 53 119 109 174 94 172 91 132 42 0 71 102 133 49 198 59 142 102 28 21 156 40 119 136 101 56 192 135 111 107 30 153 105 223 115 163 112 71 56 71 0 54 128 102 178 95 143 47 91 92 121 78 141 138 123 63 192 100 140 70 49 134 67 211 91 115 91 34 65 102 54 0 85 107 125 92 101 11 127 121 67 84 114 97 99 57 147 25 155 25 105 76 25 150 49 39 52 108 93 133 128 85 0 103 68 82 16 96 161 143 59 94 48 14 48 78 64 87 52 80 73 71 82 127 56 141 53 141 47 49 102 107 103 0 171 21 107 113 68 45 143 25 77 101 61 50 154 87 222 91 161 136 90 198 116 34 119 131 157 198 178 125 68 171 0 150 67 135 226 210 61 161 109 73 115 142 54 67 73 59 65 61 61 128 36 121 33 126 39 59 95 92 82 21 150 0 87 99 84 63 122 21 60 81 42 36 134 20 159 36 117 70 38 139 51 34 54 124 104 142 143 101 16 107 67 87 0 112 169 149 72 102 42 6 48 90 51 111 142 81 49 144 78 221 101 126 100 30 68 102 47 11 96 113 135 99 112 0 127 123 76 89 124 108 109 63 158 151 31 136 78 139 137 185 120 200 117 157 70 28 91 127 161 68 226 84 169 127 0 23 184 67 144 163 126 84 218 130 19 119 74 116 120 163 99 182 96 153 58 21 92 121 143 45 210 63 149 123 23 0 172 49 122 143 105 71 197 84 188 67 111 135 64 209 99 64 101 70 114 156 121 67 59 143 61 122 72 76 184 172 0 125 107 73 102 101 98 85 63 70 48 82 71 147 54 133 51 118 22 40 78 84 94 25 161 21 102 89 67 49 125 0 80 96 61 27 152 23 129 46 112 28 49 103 27 75 30 144 91 119 141 114 48 77 109 60 42 124 144 122 107 80 0 38 19 79 80 15 153 31 112 66 33 137 45 40 48 122 98 136 138 97 14 101 73 81 6 108 163 143 73 96 38 0 42 84 57 28 113 36 93 36 39 113 8 82 11 130 72 101 123 99 48 61 115 42 48 109 126 105 102 61 19 42 0 60 94 77 87 54 33 90 53 163 52 117 49 91 15 56 63 57 78 50 142 36 90 63 84 71 101 27 79 84 60 0 141 67 206 87 168 101 89 151 98 34 101 164 155 192 192 147 64 154 54 134 51 158 218 197 98 152 80 57 94 141 0 
0 41 146 74 190 122 85 120 156 101 146 94 60 154 68 120 84 193 32 50 142 171 90 168 137 113 174 145 36 162 41 0 137 104 178 109 120 118 142 60 126 93 101 163 96 88 43 181 11 11 149 181 49 171 114 129 178 172 10 174 146 137 0 123 45 29 144 29 23 133 39 54 177 69 117 85 143 47 144 128 55 84 149 58 50 85 64 134 129 83 74 104 123 0 167 112 22 94 143 153 143 74 62 97 9 146 143 168 101 107 92 110 150 118 142 52 123 71 95 101 190 178 45 167 0 69 187 74 36 164 57 99 222 95 161 110 177 4 185 168 86 103 183 75 72 124 77 167 170 107 122 109 29 112 69 0 134 28 35 105 31 38 159 84 104 60 114 72 116 100 68 102 121 80 33 85 87 138 101 98 85 120 144 22 187 134 0 115 164 172 165 96 55 111 31 168 160 188 115 124 108 121 167 133 164 67 137 69 111 112 120 118 29 94 74 28 115 0 49 127 57 26 148 57 88 87 132 75 124 111 41 75 139 57 61 59 64 111 109 71 156 142 23 143 36 35 164 49 0 128 23 70 193 92 136 75 141 40 150 132 77 105 147 78 37 107 83 157 135 105 101 60 133 153 164 105 172 127 128 0 107 111 161 182 144 54 21 168 71 51 166 200 22 184 92 162 191 212 65 196 146 126 39 143 57 31 165 57 23 107 0 69 189 108 135 53 120 61 136 116 93 123 126 97 15 116 103 168 121 122 94 93 54 74 99 38 96 26 70 111 69 0 123 72 66 82 113 101 99 88 56 90 120 78 69 54 85 107 84 85 60 101 177 62 222 159 55 148 193 161 189 123 0 159 64 174 144 223 92 110 153 172 150 179 183 114 185 124 96 163 154 163 69 97 95 84 111 57 92 182 108 72 159 0 96 144 185 94 167 159 16 18 192 23 117 45 26 72 153 14 68 96 117 9 161 104 31 88 136 144 135 66 64 96 0 137 135 162 94 99 89 110 142 115 133 51 121 77 87 101 120 88 85 146 110 60 168 87 75 54 53 82 174 144 137 0 70 114 99 77 128 162 75 140 38 136 147 189 87 158 84 43 143 143 177 114 160 132 141 21 120 113 144 185 135 70 0 181 53 36 169 203 7 189 106 159 196 207 50 198 193 181 47 168 4 72 188 75 40 168 61 101 223 94 162 114 181 0 188 172 85 101 187 73 76 124 75 166 173 105 32 11 144 101 185 116 115 124 150 71 136 99 92 167 94 99 53 188 0 22 153 185 58 177 124 131 184 171 15 177 50 11 128 107 168 100 124 111 132 51 116 88 110 159 99 77 36 172 22 0 144 177 43 166 103 128 173 173 14 171 142 149 55 92 86 68 108 41 77 166 93 56 153 16 89 128 169 85 153 144 0 34 176 26 101 41 32 81 139 30 171 181 84 110 103 102 121 75 105 200 123 90 172 18 110 162 203 101 185 177 34 0 210 28 133 59 26 73 171 9 90 49 149 150 183 121 167 139 147 22 126 120 150 192 142 75 7 187 58 43 176 210 0 196 111 166 203 214 57 205 168 171 58 118 75 80 133 57 78 184 97 78 179 23 115 140 189 73 177 166 26 28 196 0 108 66 7 95 162 32 137 114 50 142 72 33 164 61 37 92 15 69 183 117 133 38 106 76 124 103 101 133 111 108 0 118 114 171 109 131 113 129 85 52 124 85 67 59 107 162 116 54 114 45 51 136 159 124 131 128 41 59 166 66 118 0 71 53 119 50 174 178 64 123 77 87 137 64 83 191 103 85 185 26 121 147 196 75 184 173 32 26 203 7 114 71 0 97 169 32 145 172 134 71 167 138 69 111 157 212 168 107 124 72 77 189 207 166 171 173 81 73 214 95 171 53 97 0 162 65 36 10 129 95 170 101 111 109 135 65 121 84 96 153 87 87 50 173 15 14 139 171 57 162 109 119 169 162 0 164 162 174 83 101 107 98 112 71 105 196 122 85 163 14 101 158 198 105 177 171 30 9 205 32 131 50 32 65 164 0 
0 202 3 173 57 138 161 141 61 127 69 70 109 127 40 54 83 138 124 103 143 162 58 42 89 156 135 45 34 33 202 0 200 72 169 72 84 77 152 93 180 241 165 101 182 162 140 70 92 163 59 88 171 160 171 113 77 164 170 171 3 200 0 170 54 137 161 138 61 127 71 68 111 127 37 51 80 135 123 100 141 162 55 41 91 153 134 42 31 33 173 72 170 0 124 90 125 33 140 111 176 193 178 121 140 121 93 44 106 102 60 130 125 135 175 41 95 128 139 148 57 169 54 124 0 119 154 97 74 119 103 72 134 124 17 12 31 99 113 47 112 156 4 47 118 102 119 22 33 54 138 72 137 90 119 0 41 64 82 22 108 188 95 32 126 109 99 49 20 132 30 45 122 96 99 112 5 106 109 105 161 84 161 125 154 41 0 104 101 36 116 220 89 34 158 143 137 89 41 172 68 5 158 123 101 152 38 138 139 128 141 77 138 33 97 64 104 0 107 83 143 168 147 93 112 92 67 15 78 86 36 108 99 103 143 48 69 98 107 116 61 152 61 140 74 82 101 107 0 68 36 125 60 67 70 62 78 98 66 114 96 102 77 28 45 140 79 52 45 28 127 93 127 111 119 22 36 83 68 0 88 184 73 10 122 107 103 68 6 140 51 38 122 87 78 131 17 102 103 94 69 180 71 176 103 108 116 143 36 88 0 139 41 83 94 93 113 132 88 147 127 115 106 57 21 176 103 81 70 49 70 241 68 193 72 188 220 168 125 184 139 0 179 187 62 81 101 171 180 96 184 222 70 99 159 163 188 82 82 97 109 165 111 178 134 95 89 147 60 73 41 179 0 64 129 122 136 134 75 173 122 87 137 87 20 188 90 112 104 84 127 101 127 121 124 32 34 93 67 10 83 187 64 0 127 112 111 78 16 148 61 35 128 89 71 141 27 107 105 94 40 182 37 140 17 126 158 112 70 122 94 62 129 127 0 20 47 112 118 63 123 160 18 42 111 119 126 20 25 46 54 162 51 121 12 109 143 92 62 107 93 81 122 112 20 0 29 92 102 55 103 145 16 36 107 102 108 12 24 45 83 140 80 93 31 99 137 67 78 103 113 101 136 111 47 29 0 70 98 37 86 141 32 57 123 73 100 39 52 69 138 70 135 44 99 49 89 15 98 68 132 171 134 78 112 92 70 0 63 95 22 94 101 97 131 63 54 96 104 110 124 92 123 106 113 20 41 78 66 6 88 180 75 16 118 102 98 63 0 134 47 43 117 83 79 125 15 98 98 91 103 163 100 102 47 132 172 86 114 140 147 96 173 148 63 55 37 95 134 0 114 176 45 90 159 68 134 67 79 100 143 59 141 60 112 30 68 36 96 51 127 184 122 61 123 103 86 22 47 114 0 72 115 101 122 84 35 105 111 112 162 88 162 130 156 45 5 108 102 38 115 222 87 35 160 145 141 94 43 176 72 0 160 124 99 156 42 140 140 129 58 171 55 125 4 122 158 99 77 122 106 70 137 128 18 16 32 101 117 45 115 160 0 50 121 102 123 25 36 57 42 160 41 135 47 96 123 103 28 87 57 99 87 89 42 36 57 97 83 90 101 124 50 0 71 126 93 25 17 13 89 171 91 175 118 99 101 143 45 78 21 159 20 71 111 107 123 131 79 159 122 99 121 71 0 181 94 96 86 65 156 113 153 41 102 112 152 48 140 131 176 163 188 141 119 102 73 63 125 68 84 156 102 126 181 0 117 112 124 139 135 77 134 95 119 5 38 69 79 17 103 188 90 27 126 108 100 54 15 134 35 42 123 93 94 117 0 106 108 102 45 164 42 128 22 106 138 98 52 102 81 82 112 107 20 12 39 96 98 67 105 140 25 25 96 112 106 0 13 33 34 170 31 139 33 109 139 107 45 103 70 82 104 105 25 24 52 104 98 79 111 140 36 17 86 124 108 13 0 21 33 171 33 148 54 105 128 116 28 94 49 97 84 94 46 45 69 110 91 100 112 129 57 13 65 139 102 33 21 0 
0 56 154 139 143 125 154 107 96 108 167 101 65 146 108 168 30 176 110 73 52 83 82 154 148 93 179 87 164 126 56 0 110 102 87 110 100 51 48 60 137 57 105 91 60 115 68 139 75 79 26 95 115 125 122 60 131 100 134 75 154 110 0 24 65 78 48 83 122 122 52 132 166 53 124 45 176 34 48 188 103 122 162 50 54 150 27 124 51 41 139 102 24 0 80 54 66 88 124 127 38 135 144 69 129 67 163 37 29 181 89 99 139 31 33 150 51 101 36 49 143 87 65 80 0 125 21 38 73 68 116 81 179 12 70 35 154 98 78 150 96 148 183 111 113 101 66 152 114 33 125 110 78 54 125 0 117 121 148 155 53 159 105 117 157 121 153 75 48 185 87 56 95 40 33 169 105 56 50 92 154 100 48 66 21 117 0 54 91 88 100 100 182 9 90 15 168 80 72 167 104 147 184 96 99 119 45 151 99 30 107 51 83 88 38 121 54 0 39 39 126 49 150 45 41 69 116 117 73 113 66 128 158 118 118 67 95 133 124 42 96 48 122 124 73 148 91 39 0 12 162 11 153 82 12 106 95 156 104 79 73 142 163 153 151 28 134 147 160 81 108 60 122 127 68 155 88 39 12 0 165 14 165 79 2 103 107 156 110 88 84 153 175 157 156 34 132 158 163 81 167 137 52 38 116 53 100 126 162 165 0 173 158 104 167 96 193 28 62 216 121 109 148 13 20 188 69 109 3 87 101 57 132 135 81 159 100 49 11 14 173 0 159 91 12 115 96 166 115 74 82 151 171 164 162 20 144 156 171 91 65 105 166 144 179 105 182 150 153 165 158 159 0 177 165 194 90 176 118 138 84 49 19 145 138 156 193 50 155 152 146 91 53 69 12 117 9 45 82 79 104 91 177 0 81 24 159 86 71 158 97 144 180 100 102 110 54 147 103 26 108 60 124 129 70 157 90 41 12 2 167 12 165 81 0 105 106 158 111 86 84 153 175 159 158 32 134 158 165 83 168 115 45 67 35 121 15 69 106 103 96 115 194 24 105 0 183 74 79 182 117 155 194 95 99 134 34 158 96 42 30 68 176 163 154 153 168 116 95 107 193 96 90 159 106 183 0 200 134 48 74 113 109 180 175 83 198 117 190 143 176 139 34 37 98 75 80 117 156 156 28 166 176 86 158 74 200 0 66 218 126 129 169 35 42 183 42 130 29 75 110 75 48 29 78 48 72 73 104 110 62 115 118 71 111 79 134 66 0 154 60 76 115 50 47 128 75 79 59 45 73 79 188 181 150 185 167 113 79 88 216 74 138 158 86 182 48 218 154 0 98 154 155 204 201 55 206 159 213 150 52 26 103 89 96 87 104 66 73 84 121 82 84 97 84 117 74 126 60 98 0 69 92 108 103 86 127 74 118 75 83 95 122 99 148 56 147 128 142 153 109 151 49 144 153 155 113 129 76 154 69 0 40 96 89 155 149 5 106 118 82 115 162 139 183 95 184 158 163 175 148 171 19 180 175 194 109 169 115 155 92 40 0 135 128 170 189 39 145 154 154 125 50 31 111 40 96 118 153 157 13 164 145 100 159 95 180 35 50 204 108 96 135 0 7 178 71 96 10 80 148 122 54 33 113 33 99 118 151 156 20 162 138 102 158 99 175 42 47 201 103 89 128 7 0 175 77 89 17 81 93 60 150 150 101 169 119 67 28 34 188 20 156 110 32 134 83 183 128 55 86 155 170 178 175 0 162 160 186 109 179 131 27 51 66 105 45 95 134 132 69 144 193 54 134 34 198 42 75 206 127 149 189 71 77 162 0 151 69 56 87 100 124 101 152 56 151 133 147 158 109 156 50 147 158 158 117 130 79 159 74 5 39 96 89 160 151 0 106 121 164 134 51 36 114 50 99 124 160 163 3 171 155 103 165 96 190 29 59 213 118 106 145 10 17 186 69 106 0 85 126 75 41 49 33 92 30 42 81 81 87 91 152 26 83 42 143 75 45 150 75 118 154 80 81 109 56 121 85 0 
0 158 158 106 69 47 119 110 158 159 170 121 181 83 14 78 70 158 132 197 162 30 122 107 189 47 67 83 72 78 158 0 19 76 183 118 96 160 24 13 15 97 58 121 147 84 98 48 80 41 22 165 143 72 56 130 112 157 90 198 158 19 0 87 176 115 110 147 5 32 17 111 40 131 146 89 104 29 96 41 5 162 129 83 40 135 105 146 95 191 106 76 87 0 157 86 27 161 90 69 91 29 125 45 100 33 36 107 28 116 92 126 154 4 127 65 95 145 38 171 69 183 176 157 0 71 176 60 174 188 191 179 185 148 65 124 123 164 185 217 179 39 82 156 195 113 71 37 119 15 47 118 115 86 71 0 108 82 114 122 129 111 135 86 33 53 55 112 114 156 119 47 86 85 143 58 21 60 49 85 119 96 110 27 176 108 0 185 114 86 110 3 149 40 115 56 53 132 19 133 115 142 181 31 150 72 119 167 59 189 110 160 147 161 60 82 185 0 144 170 164 188 145 168 99 129 135 127 188 186 149 85 25 158 155 140 66 27 126 69 158 24 5 90 174 114 114 144 0 37 21 115 35 133 145 91 106 24 100 43 5 161 124 86 37 137 103 144 96 188 159 13 32 69 188 122 86 170 37 0 25 87 71 114 149 82 95 61 69 47 35 169 154 65 68 127 117 164 88 203 170 15 17 91 191 129 110 164 21 25 0 111 47 136 159 98 112 44 94 27 16 176 145 87 43 144 120 163 104 206 121 97 111 29 179 111 3 188 115 87 111 0 150 42 118 59 56 134 19 133 116 145 183 33 151 75 122 170 62 192 181 58 40 125 185 135 149 145 35 71 47 150 0 167 168 122 137 23 135 51 36 180 122 121 10 168 120 151 127 200 83 121 131 45 148 86 40 168 133 114 136 42 167 0 84 49 36 147 58 161 136 111 169 49 170 36 103 146 47 160 14 147 146 100 65 33 115 99 145 149 159 118 168 84 0 70 64 145 126 186 150 27 109 100 176 48 53 73 64 76 78 84 89 33 124 53 56 129 91 82 98 59 122 49 70 0 15 100 61 125 94 94 125 32 127 46 63 112 6 138 70 98 104 36 123 55 53 135 106 95 112 56 137 36 64 15 0 115 62 139 109 90 134 37 142 32 69 115 11 136 158 48 29 107 164 112 132 127 24 61 44 134 23 147 145 100 115 0 121 59 28 157 106 103 31 145 97 131 104 178 132 80 96 28 185 114 19 188 100 69 94 19 135 58 126 61 62 121 0 115 100 152 180 30 135 87 123 173 66 198 197 41 41 116 217 156 133 186 43 47 27 133 51 161 186 125 139 59 115 0 38 203 165 112 42 171 146 187 131 231 162 22 5 92 179 119 115 149 5 35 16 116 36 136 150 94 109 28 100 38 0 166 129 88 35 140 108 149 99 193 30 165 162 126 39 47 142 85 161 169 176 145 180 111 27 94 90 157 152 203 166 0 101 126 188 75 60 58 89 49 122 143 129 154 82 86 181 25 124 154 145 183 122 169 109 125 134 106 180 165 129 101 0 151 132 144 66 46 124 92 107 72 83 4 156 85 31 158 86 65 87 33 121 49 100 32 37 103 30 112 88 126 151 0 123 67 93 143 37 170 189 56 40 127 195 143 150 155 37 68 43 151 10 170 176 127 142 31 135 42 35 188 132 123 0 173 128 161 132 209 47 130 135 65 113 58 72 140 137 127 144 75 168 36 48 46 32 145 87 171 140 75 144 67 173 0 78 115 41 124 67 112 105 95 71 21 119 66 103 117 120 122 120 103 53 63 69 97 123 146 108 60 66 93 128 78 0 50 60 86 83 157 146 145 37 60 167 27 144 164 163 170 151 146 73 112 115 131 173 187 149 58 46 143 161 115 50 0 108 49 72 90 95 38 119 49 59 126 96 88 104 62 127 47 64 6 11 104 66 131 99 89 124 37 132 41 60 108 0 133 78 198 191 171 15 85 189 69 188 203 206 192 200 160 76 138 136 178 198 231 193 49 92 170 209 124 86 49 133 0 
0 86 15 72 120 100 38 77 108 25 76 108 83 99 69 86 68 74 93 101 26 58 93 118 75 27 33 103 89 60 86 0 79 149 182 186 124 9 48 83 145 170 83 102 115 30 123 32 25 175 64 51 178 203 42 113 70 133 115 114 15 79 0 71 115 110 50 71 96 11 91 102 68 84 83 84 83 62 82 116 29 61 99 129 76 37 18 116 101 50 72 149 71 0 55 71 57 142 153 66 108 45 99 103 125 155 118 125 145 116 98 130 43 97 147 52 79 159 151 45 120 182 115 55 0 114 112 176 173 105 163 13 112 104 180 195 173 153 172 169 144 176 83 140 190 105 114 214 204 68 100 186 110 71 114 0 62 177 205 112 76 109 163 170 112 182 101 172 192 65 123 151 31 26 169 73 126 138 138 112 38 124 50 57 112 62 0 115 146 54 54 101 112 124 69 120 61 112 131 71 61 90 60 80 108 14 68 102 95 72 77 9 71 142 176 177 115 0 54 76 136 164 82 102 106 26 114 32 31 166 55 42 170 194 36 104 63 125 107 108 108 48 96 153 173 205 146 54 0 93 179 161 61 75 156 78 161 35 23 208 95 94 190 225 90 133 79 177 159 110 25 83 11 66 105 112 54 76 93 0 100 93 59 74 94 91 93 61 81 123 39 71 97 132 85 40 14 127 112 39 76 145 91 108 163 76 54 136 179 100 0 153 159 173 40 130 28 144 159 30 84 98 94 75 114 66 109 62 64 125 108 170 102 45 13 109 101 164 161 93 153 0 101 94 169 183 162 141 160 161 131 163 78 135 178 94 102 203 193 56 83 83 68 99 112 163 112 82 61 59 159 101 0 20 149 108 150 51 65 182 85 105 142 187 111 98 50 179 162 54 99 102 84 103 104 170 124 102 75 74 173 94 20 0 166 128 167 70 83 195 104 125 146 194 131 110 67 198 181 58 69 115 83 125 180 112 69 106 156 94 40 169 149 166 0 95 12 122 134 68 64 65 124 115 79 75 99 34 26 128 86 30 84 155 195 182 120 26 78 91 130 183 108 128 95 0 104 58 55 160 60 32 179 194 16 113 81 108 90 127 68 123 83 118 173 101 61 114 161 93 28 162 150 167 12 104 0 127 141 57 68 73 114 103 88 69 100 41 37 125 74 32 62 125 153 172 112 32 35 61 144 141 51 70 122 58 127 0 20 173 60 65 158 191 65 99 47 147 129 86 93 25 82 145 172 192 131 31 23 81 159 160 65 83 134 55 141 20 0 188 75 72 178 211 67 119 67 155 137 106 101 175 116 116 169 65 71 166 208 123 30 161 182 195 68 160 57 173 188 0 113 128 91 54 144 85 134 83 89 142 26 64 29 98 144 123 61 55 95 39 84 131 85 104 64 60 68 60 75 113 0 33 119 139 49 53 38 94 77 78 58 51 61 130 176 151 90 42 94 71 98 163 105 125 65 32 73 65 72 128 33 0 150 162 18 84 65 83 65 110 93 178 99 43 83 31 60 170 190 97 94 78 142 146 124 179 114 158 178 91 119 150 0 57 168 66 111 155 150 88 118 203 129 97 140 26 80 194 225 132 75 135 187 194 115 194 103 191 211 54 139 162 57 0 180 92 146 136 139 136 75 42 76 147 190 169 108 36 90 85 114 178 111 131 79 16 88 65 67 144 49 18 168 180 0 102 77 92 74 123 27 113 37 52 105 73 14 104 133 40 66 94 98 110 75 113 69 99 119 85 53 84 66 92 102 0 54 109 99 59 33 70 18 79 114 126 68 63 79 14 109 102 50 67 99 81 100 47 67 134 38 65 111 146 77 54 0 131 115 46 103 133 116 159 214 138 102 125 177 127 62 203 179 198 34 108 41 147 155 83 94 83 155 136 92 109 131 0 18 162 89 115 101 151 204 138 95 107 159 112 64 193 162 181 26 90 37 129 137 89 77 65 150 139 74 99 115 18 0 149 60 114 50 45 68 112 72 108 110 39 125 56 54 58 128 127 125 86 106 142 78 110 88 136 123 59 46 162 149 0 
0 66 135 165 127 181 109 166 182 119 65 50 206 115 99 184 154 56 71 141 36 164 207 151 57 62 124 101 112 175 66 0 88 117 62 117 54 101 138 57 5 74 146 54 108 145 89 55 17 141 35 124 158 127 36 60 60 114 46 112 135 88 0 30 68 78 119 112 50 48 84 104 78 43 95 59 67 83 73 101 100 38 72 56 124 79 54 103 83 133 165 117 30 0 87 75 144 123 23 71 114 132 59 68 114 36 76 112 102 110 130 22 42 55 153 107 75 122 107 144 127 62 68 87 0 57 59 49 110 21 62 123 94 28 139 123 29 100 59 159 94 104 119 123 89 101 14 147 23 68 181 117 78 75 57 0 111 61 92 62 116 168 45 68 170 109 28 144 110 179 145 97 85 129 146 143 57 178 79 81 109 54 119 144 59 111 0 67 167 73 59 128 151 76 161 178 84 109 67 193 87 157 177 169 53 114 69 168 37 69 166 101 112 123 49 61 67 0 144 70 103 169 106 77 188 159 47 147 103 208 136 143 144 168 116 149 62 196 55 21 182 138 50 23 110 92 167 144 0 94 134 145 65 91 121 17 97 128 123 109 149 20 30 53 174 123 98 127 130 165 119 57 48 71 21 62 73 70 94 0 55 108 89 7 119 105 37 84 48 138 83 85 106 102 90 84 8 127 36 89 65 5 84 114 62 116 59 103 134 55 0 70 144 52 103 141 89 50 12 136 33 120 154 122 41 55 59 109 48 115 50 74 104 132 123 168 128 169 145 108 70 0 181 101 49 143 145 24 66 91 42 125 173 107 89 25 115 51 115 183 206 146 78 59 94 45 151 106 65 89 144 181 0 92 172 82 67 159 136 169 170 79 46 114 179 156 88 179 117 126 115 54 43 68 28 68 76 77 91 7 52 101 92 0 112 102 44 77 44 131 79 81 106 96 89 77 15 120 40 96 99 108 95 114 139 170 161 188 121 119 103 49 172 112 0 113 153 54 94 42 85 101 151 72 132 48 127 8 140 206 184 145 59 36 123 109 178 159 17 105 141 143 82 102 113 0 112 128 129 96 152 21 43 42 181 122 110 119 141 180 154 89 67 76 29 28 84 47 97 37 89 145 67 44 153 112 0 121 83 167 118 96 99 123 118 121 30 161 51 68 56 55 83 112 100 144 109 147 128 84 50 24 159 77 54 128 121 0 44 92 31 108 154 95 78 7 91 60 93 161 71 17 73 102 59 110 67 103 123 48 12 66 136 44 94 129 83 44 0 126 35 108 144 110 52 48 53 101 49 117 141 141 101 110 159 179 193 208 109 138 136 91 169 131 42 96 167 92 126 0 123 91 138 56 170 86 146 41 166 227 36 35 100 130 94 145 87 136 149 83 33 42 170 79 85 152 118 31 35 123 0 131 172 123 47 38 88 90 81 147 164 124 38 22 104 97 157 143 20 85 120 125 79 81 101 21 96 108 108 91 131 0 50 35 160 103 90 107 121 164 207 158 72 42 119 85 177 144 30 106 154 173 46 106 151 43 99 154 144 138 172 50 0 83 194 149 108 157 140 165 151 127 56 55 123 129 169 168 53 102 122 107 114 96 72 42 123 95 110 56 123 35 83 0 162 89 109 78 136 189 57 36 124 153 89 146 53 116 174 90 41 89 179 89 132 181 118 78 52 170 47 160 194 162 0 84 92 137 67 121 62 60 79 107 101 143 114 149 123 84 55 25 156 77 48 122 121 7 48 86 38 103 149 89 84 0 91 54 96 164 124 60 54 75 14 57 69 62 98 8 59 115 88 15 127 110 30 91 53 146 88 90 108 109 92 91 0 135 32 82 101 114 103 122 147 178 168 196 127 127 109 51 179 120 8 119 161 60 101 41 90 107 157 78 137 54 135 0 147 214 112 46 83 107 23 79 37 55 130 36 48 115 117 40 140 141 51 93 49 166 81 121 140 136 67 96 32 147 0 68 175 112 133 144 68 81 69 21 165 89 115 183 126 96 206 180 68 161 117 227 147 164 165 189 121 164 82 214 68 0 
0 61 140 145 167 150 181 113 167 123 59 78 72 71 158 33 157 108 51 44 70 108 118 194 114 116 82 69 146 82 61 0 93 93 120 100 121 64 106 96 101 61 68 66 97 91 112 88 18 89 50 106 57 137 84 99 72 10 87 73 140 93 0 13 161 11 110 122 68 47 146 72 86 157 78 173 20 61 91 178 74 195 64 148 160 180 162 93 104 162 145 93 13 0 151 8 97 115 55 60 155 81 95 156 66 178 28 72 94 181 81 192 57 136 154 175 159 92 93 160 167 120 161 151 0 159 78 56 111 193 219 175 185 109 92 186 179 194 138 166 165 109 98 49 64 80 100 110 58 101 150 100 11 8 159 0 104 123 60 58 157 83 97 163 73 183 20 72 100 187 85 200 65 143 162 183 167 99 101 168 181 121 110 97 78 104 0 84 44 153 218 154 167 150 32 210 124 160 136 199 147 168 68 41 119 141 146 112 38 147 113 64 122 115 56 123 84 0 94 146 163 122 130 66 77 135 142 143 82 120 111 86 58 83 40 62 62 54 46 63 167 106 68 55 111 60 44 94 0 114 193 123 137 153 19 197 80 123 116 193 119 180 49 84 134 156 152 99 55 153 123 96 47 60 193 58 153 146 114 0 112 45 54 161 121 154 48 18 85 166 54 202 96 188 177 194 168 101 140 169 59 101 146 155 219 157 218 163 193 112 0 74 61 130 190 69 157 94 84 94 75 167 150 238 171 175 141 111 188 141 78 61 72 81 175 83 154 122 123 45 74 0 14 122 123 109 84 30 45 121 11 163 87 181 145 159 130 69 130 130 72 68 86 95 185 97 167 130 137 54 61 14 0 124 137 101 96 37 50 116 20 165 99 193 151 164 133 77 142 133 71 66 157 156 109 163 150 66 153 161 130 122 124 0 138 79 177 151 77 57 111 41 107 148 47 45 11 64 112 11 158 97 78 66 92 73 32 77 19 121 190 123 137 138 0 187 93 128 109 181 117 163 40 70 117 139 136 89 36 137 33 91 173 178 186 183 210 135 197 154 69 109 101 79 187 0 190 138 84 27 102 107 148 218 126 123 90 98 173 89 157 112 20 28 179 20 124 142 80 48 157 84 96 177 93 190 0 65 109 196 88 215 84 163 180 200 182 113 121 182 108 88 61 72 194 72 160 143 123 18 94 30 37 151 128 138 65 0 74 151 41 192 98 193 171 187 159 94 142 159 51 18 91 94 138 100 136 82 116 85 84 45 50 77 109 84 109 74 0 87 34 118 69 155 101 114 85 28 104 85 44 89 178 181 166 187 199 120 193 166 94 121 116 57 181 27 196 151 87 0 112 81 144 203 104 99 68 94 161 67 70 50 74 81 165 85 147 111 119 54 75 11 20 111 117 102 88 41 34 112 0 152 79 173 134 148 119 58 122 119 108 106 195 192 109 200 168 86 180 202 167 163 165 41 163 107 215 192 118 81 152 0 138 155 49 29 34 103 131 33 118 57 64 57 98 65 68 58 49 96 150 87 99 107 40 148 84 98 69 144 79 138 0 95 98 119 107 50 44 108 194 137 148 136 49 143 41 83 84 188 238 181 193 148 70 218 163 193 155 203 173 155 95 0 107 127 141 127 51 142 114 84 160 154 64 162 119 40 134 177 171 145 151 47 117 126 180 171 101 104 134 49 98 107 0 22 37 77 83 38 116 99 180 175 80 183 141 62 156 194 175 159 164 45 139 123 200 187 114 99 148 29 119 127 22 0 34 93 105 34 82 72 162 159 100 167 146 62 152 168 141 130 133 11 136 90 182 159 85 68 119 34 107 141 37 34 0 69 108 1 69 10 93 92 110 99 112 54 99 101 111 69 77 64 89 98 113 94 28 94 58 103 50 127 77 93 69 0 77 70 146 87 104 93 58 101 38 46 55 140 188 130 142 112 36 173 121 142 104 161 122 131 44 51 83 105 108 77 0 109 82 73 162 160 101 168 147 63 153 169 141 130 133 11 137 89 182 159 85 67 119 33 108 142 38 34 1 70 109 0 
0 87 77 64 160 83 40 39 68 78 32 158 95 102 70 44 108 82 58 103 112 80 48 99 28 61 17 30 84 49 87 0 137 113 137 95 123 49 142 106 55 143 144 178 59 131 77 165 39 18 72 165 69 175 105 121 102 115 58 136 77 137 0 25 237 160 90 104 124 155 99 235 163 143 144 71 182 111 124 155 184 103 125 142 96 129 65 63 96 74 64 113 25 0 219 146 88 84 122 142 79 220 155 146 124 73 162 117 104 131 164 110 108 144 87 121 56 60 72 77 160 137 237 219 0 78 167 137 154 91 140 13 116 179 95 188 60 191 119 128 65 198 112 177 150 129 175 183 190 191 83 95 160 146 78 0 89 70 82 17 71 75 57 113 36 110 45 118 61 98 54 123 39 110 72 55 97 105 135 113 40 123 90 88 167 89 0 75 34 76 68 162 73 62 92 22 126 42 89 138 132 42 68 60 20 41 33 28 123 24 39 49 104 84 137 70 75 0 95 74 7 139 105 131 42 83 79 117 20 64 80 117 32 128 56 77 56 69 66 88 68 142 124 122 154 82 34 95 0 65 89 148 45 36 98 53 125 37 104 153 133 44 76 33 41 27 66 62 152 52 78 106 155 142 91 17 76 74 65 0 73 86 41 96 48 98 62 101 69 111 71 107 42 93 61 38 90 95 140 100 32 55 99 79 140 71 68 7 89 73 0 142 102 125 45 76 83 110 26 71 85 110 32 122 50 72 49 62 68 81 158 143 235 220 13 75 162 139 148 86 142 0 107 170 97 184 66 185 123 136 72 192 112 168 147 123 172 180 196 186 95 144 163 155 116 57 73 105 45 41 102 107 0 63 88 95 102 81 106 151 111 89 76 61 68 34 99 100 170 95 102 178 143 146 179 113 62 131 36 96 125 170 63 0 133 73 158 32 140 189 167 41 112 3 75 61 95 87 185 69 70 59 144 124 95 36 92 42 98 48 45 97 88 133 0 108 38 130 26 63 42 132 24 130 72 72 87 98 101 112 44 131 71 73 188 110 22 83 53 98 76 184 95 73 108 0 144 45 101 147 149 39 84 72 38 63 30 17 120 5 108 77 182 162 60 45 126 79 125 62 83 66 102 158 38 144 0 161 60 71 9 165 61 155 107 98 125 135 130 148 82 165 111 117 191 118 42 117 37 101 110 185 81 32 130 45 161 0 131 180 168 9 106 32 61 63 72 61 164 40 58 39 124 104 119 61 89 20 104 69 26 123 106 140 26 101 60 131 0 49 60 131 30 137 70 82 75 88 75 106 103 18 155 131 128 98 138 64 153 111 71 136 151 189 63 147 71 180 49 0 64 180 78 186 119 131 119 132 74 152 112 72 184 164 65 54 132 80 133 71 85 72 111 167 42 149 9 168 60 64 0 172 65 164 113 106 129 139 127 153 80 165 103 110 198 123 42 117 44 107 110 192 89 41 132 39 165 9 131 180 172 0 109 41 62 69 68 56 159 34 48 69 125 108 112 39 68 32 76 42 32 112 76 112 24 84 61 106 30 78 65 109 0 109 48 53 64 74 98 88 99 175 142 144 177 110 60 128 33 93 122 168 61 3 130 72 155 32 137 186 164 41 109 0 73 58 93 85 183 68 28 105 96 87 150 72 20 56 41 61 50 147 68 75 72 38 107 61 70 119 113 62 48 73 0 34 31 34 111 41 61 121 129 121 129 55 41 77 27 38 72 123 34 61 72 63 98 63 82 131 106 69 53 58 34 0 65 66 139 65 17 102 65 56 175 97 33 56 66 90 49 172 99 95 87 30 125 72 75 119 129 68 64 93 31 65 0 13 92 35 30 115 63 60 183 105 28 69 62 95 62 180 100 87 98 17 135 61 88 132 139 56 74 85 34 66 13 0 103 22 84 58 96 72 190 135 123 66 152 140 68 196 170 185 101 120 130 164 75 74 127 159 98 183 111 139 92 103 0 125 49 136 74 77 191 113 24 88 52 100 81 186 95 69 112 5 148 40 106 152 153 34 88 68 41 65 35 22 125 0 
0 48 103 13 41 90 55 100 41 125 106 59 154 57 86 101 98 25 128 56 141 106 46 44 92 126 47 137 62 101 48 0 142 44 56 105 101 148 20 173 141 107 202 104 108 114 144 26 154 21 187 140 91 89 132 172 1 183 84 146 103 142 0 100 89 71 98 81 125 92 19 67 123 60 166 76 109 116 50 137 65 157 59 103 12 124 141 63 147 122 13 44 100 0 28 79 66 106 33 131 100 64 161 60 99 90 108 18 119 48 143 119 47 56 89 136 43 139 75 112 41 56 89 28 0 52 87 117 37 140 85 76 172 68 127 63 126 34 98 48 143 145 52 80 81 154 55 140 103 133 90 105 71 79 52 0 122 134 85 152 56 99 184 90 175 11 153 85 53 91 136 184 76 119 70 176 104 134 152 162 55 101 98 66 87 122 0 53 96 77 110 31 102 38 68 133 43 80 140 111 109 62 47 13 86 71 100 104 55 46 100 148 81 106 117 134 53 0 139 25 98 42 55 49 113 143 32 124 130 154 61 87 65 65 72 43 147 56 106 45 41 20 125 33 37 85 96 139 0 164 122 97 194 93 117 94 139 16 134 15 174 144 78 85 115 167 19 170 92 142 125 173 92 131 140 152 77 25 164 0 111 67 32 72 133 161 45 149 142 179 51 99 88 89 86 39 172 47 128 56 106 141 19 100 85 56 110 98 122 111 0 80 142 72 176 59 125 115 32 133 82 171 67 114 26 141 140 81 156 137 59 107 67 64 76 99 31 42 97 67 80 0 97 9 99 109 54 82 111 112 85 91 24 37 55 79 106 80 82 63 154 202 123 161 172 184 102 55 194 32 142 97 0 104 147 193 61 179 173 209 71 108 120 115 118 39 201 68 147 68 57 104 60 60 68 90 38 49 93 72 72 9 104 0 106 100 63 78 102 108 85 100 16 43 48 87 103 80 88 72 86 108 166 99 127 175 68 113 117 133 176 99 147 106 0 186 88 103 204 128 174 45 109 63 154 108 108 169 25 79 101 114 76 90 63 11 133 143 94 161 59 109 193 100 186 0 163 96 49 99 141 195 87 130 76 186 113 139 163 172 98 144 109 108 126 153 43 32 139 45 125 54 61 63 88 163 0 123 157 154 92 56 78 55 99 28 143 87 86 13 25 26 116 18 34 85 80 124 16 149 115 82 179 78 103 96 123 0 131 31 161 128 65 69 106 151 25 157 78 126 128 154 50 119 98 53 140 130 134 142 32 111 173 102 204 49 157 131 0 142 109 202 95 142 58 173 153 109 183 169 56 21 137 48 48 91 111 154 15 179 133 112 209 108 128 99 154 31 142 0 189 157 93 100 129 182 21 185 104 157 141 187 65 143 143 136 109 61 174 51 82 85 71 85 174 141 92 161 109 189 0 148 96 120 66 90 186 5 164 105 106 140 157 119 145 184 62 87 144 99 171 91 108 100 45 195 56 128 202 157 148 0 109 65 145 69 140 143 58 43 46 91 59 47 52 76 47 65 78 88 67 24 120 16 109 87 78 65 95 93 96 109 0 47 47 103 90 92 89 87 44 89 103 56 80 119 13 65 85 89 114 37 115 43 63 130 55 69 142 100 120 65 47 0 91 83 88 115 45 57 92 132 12 89 81 70 86 72 115 86 26 55 118 48 154 76 99 106 58 129 66 145 47 91 0 115 131 64 135 111 126 172 124 136 154 176 71 43 167 39 141 79 39 87 108 186 28 151 173 182 90 69 103 83 115 0 171 86 110 30 47 1 141 43 55 104 100 147 19 172 140 106 201 103 108 113 143 25 153 21 186 140 90 88 131 171 0 182 84 145 137 183 63 139 140 134 104 56 170 47 81 80 68 80 169 139 87 157 109 185 5 143 92 115 64 86 182 0 159 100 62 84 147 75 103 152 55 106 92 128 156 82 147 88 25 163 86 78 183 104 164 58 89 45 135 110 84 159 0 80 101 146 122 112 133 162 46 45 142 56 137 63 68 72 79 172 13 126 169 157 105 43 87 57 111 30 145 100 80 0 
0 78 62 108 80 96 161 148 41 75 112 51 73 24 149 179 31 10 104 144 118 117 49 110 127 99 89 46 95 42 78 0 98 64 55 45 109 74 119 127 34 129 93 57 71 115 107 87 72 84 47 99 82 100 58 70 67 87 35 83 62 98 0 152 58 135 130 171 77 32 123 73 17 75 164 156 82 70 72 181 115 70 17 59 156 149 140 108 91 20 108 64 152 0 119 19 166 64 144 177 74 157 152 85 79 164 127 112 136 41 100 163 135 164 41 17 25 85 97 134 80 55 58 119 0 100 81 120 116 90 69 118 47 74 110 102 111 90 24 138 57 45 49 45 110 123 117 113 34 55 96 45 135 19 100 0 148 58 135 162 56 147 134 72 70 147 119 102 117 48 82 144 119 145 34 29 31 81 78 118 161 109 130 166 81 148 0 132 197 159 92 198 114 152 112 32 192 171 59 165 66 66 127 78 137 177 175 189 74 134 148 74 171 64 120 58 132 0 188 201 51 199 165 125 21 119 174 155 127 37 73 156 156 161 24 81 87 139 87 157 41 119 77 144 116 135 197 188 0 72 153 15 93 63 190 218 17 33 138 183 159 143 71 134 166 131 121 63 135 64 75 127 32 177 90 162 159 201 72 0 154 63 45 95 195 186 83 79 102 208 147 95 45 84 184 172 162 120 123 44 112 34 123 74 69 56 92 51 153 154 0 162 115 91 41 91 141 121 76 75 26 105 109 110 46 85 86 119 36 112 51 129 73 157 118 147 198 199 15 63 162 0 90 75 200 220 32 45 139 195 165 143 71 132 178 145 135 78 140 64 73 93 17 152 47 134 114 165 93 45 115 90 0 82 156 141 96 82 57 177 104 53 24 42 151 151 143 117 80 31 24 57 75 85 74 72 152 125 63 95 91 75 82 0 127 166 50 30 98 120 101 117 59 112 103 77 67 39 80 55 149 71 164 79 110 70 112 21 190 195 41 200 156 127 0 98 177 157 112 58 57 140 150 146 38 96 100 148 76 153 179 115 156 164 102 147 32 119 218 186 91 220 141 166 98 0 210 189 84 155 68 96 151 108 130 176 177 202 86 157 31 107 82 127 111 119 192 174 17 83 141 32 96 50 177 210 0 21 134 167 149 144 72 135 151 114 104 46 126 65 10 87 70 112 90 102 171 155 33 79 121 45 82 30 157 189 21 0 114 150 128 127 58 120 133 101 91 41 105 51 104 72 72 136 24 117 59 127 138 102 76 139 57 98 112 84 134 114 0 149 55 29 68 34 120 142 138 137 41 75 144 84 181 41 138 48 165 37 183 208 75 195 177 120 58 155 167 150 149 0 101 178 165 182 29 57 66 126 108 164 118 47 115 100 57 82 66 73 159 147 26 165 104 101 57 68 149 128 55 101 0 83 103 89 72 111 110 134 25 108 117 99 70 163 45 144 66 156 143 95 105 143 53 117 140 96 144 127 29 178 83 0 72 12 149 168 162 156 70 79 49 82 17 135 49 119 127 156 71 45 109 71 24 59 150 151 72 58 68 165 103 72 0 63 140 132 123 94 78 7 110 100 59 164 45 145 78 161 134 84 110 132 42 112 146 108 135 120 34 182 89 12 63 0 153 168 162 151 74 70 127 58 156 41 110 34 137 24 166 184 46 178 151 103 38 130 151 133 120 29 72 149 140 153 0 58 63 115 79 140 99 70 149 17 123 29 177 81 131 172 85 145 151 77 96 176 114 101 142 57 111 168 132 168 58 0 10 71 105 129 89 67 140 25 117 31 175 87 121 162 86 135 143 67 100 177 104 91 138 66 110 162 123 162 63 10 0 61 102 120 46 87 108 85 113 81 189 139 63 120 119 78 117 39 148 202 46 41 137 126 134 156 94 151 115 71 61 0 116 88 95 35 91 97 34 78 74 87 135 123 36 140 80 80 76 86 126 105 41 108 25 70 78 74 79 105 102 116 0 83 42 83 20 134 55 118 134 157 64 44 112 64 31 55 153 157 65 51 75 164 108 79 7 70 140 129 120 88 83 0 
0 90 49 133 99 176 69 71 97 125 69 56 42 80 32 136 111 110 38 114 60 130 170 145 79 26 118 78 88 48 90 0 94 75 101 153 68 100 145 97 137 134 69 122 113 184 62 158 121 69 56 78 140 107 159 75 189 12 114 64 49 94 0 159 142 216 108 117 146 163 117 103 26 129 80 185 139 159 42 144 94 158 209 181 122 69 165 86 135 30 133 75 159 0 71 85 68 94 134 38 144 151 133 115 140 165 22 144 171 21 73 8 70 36 173 107 187 77 98 131 99 101 142 71 0 78 36 32 63 40 80 91 122 46 88 94 56 73 136 52 52 64 75 62 110 73 116 94 27 123 176 153 216 85 78 0 108 110 122 56 151 165 194 116 166 134 91 126 214 84 123 78 15 49 180 150 172 150 98 194 69 68 108 68 36 108 0 33 79 56 79 84 86 56 72 118 46 92 107 47 16 63 101 76 107 43 127 59 46 87 71 100 117 94 32 110 33 0 46 70 50 60 101 23 56 85 74 59 106 73 44 88 107 92 80 48 95 89 18 104 97 145 146 134 63 122 79 46 0 102 36 54 136 23 69 39 117 13 122 114 89 126 126 123 59 84 53 134 36 140 125 97 163 38 40 56 56 70 102 0 120 130 139 86 124 129 36 111 163 29 69 30 46 22 150 99 155 94 67 139 69 137 117 144 80 151 79 50 36 120 0 18 110 35 37 68 124 45 88 123 84 138 151 142 30 64 53 125 53 116 56 134 103 151 91 165 84 60 54 130 18 0 98 50 24 85 130 63 71 130 85 146 165 152 25 59 62 122 67 104 42 69 26 133 122 194 86 101 136 139 110 98 0 116 74 175 114 149 56 119 71 133 185 157 121 53 160 60 119 7 80 122 129 115 46 116 56 23 23 86 35 50 116 0 56 62 96 36 109 94 66 108 117 108 64 63 72 111 19 120 32 113 80 140 88 166 72 56 69 124 37 24 74 56 0 105 118 80 53 119 68 135 163 146 48 38 86 101 70 80 136 184 185 165 94 134 118 85 39 129 68 85 175 62 105 0 150 26 156 146 128 157 141 147 78 123 45 173 72 179 111 62 139 22 56 91 46 74 117 36 124 130 114 96 118 150 0 129 149 7 51 19 78 45 153 85 168 61 81 111 110 158 159 144 73 126 92 59 13 111 45 63 149 36 80 26 129 0 133 125 102 137 131 131 63 97 46 147 48 153 38 121 42 171 136 214 107 106 122 163 88 71 56 109 53 156 149 133 0 152 98 168 208 183 85 64 130 110 121 63 114 69 144 21 52 84 47 73 114 29 123 130 119 94 119 146 7 125 152 0 54 16 71 38 152 88 166 68 78 117 60 56 94 73 52 123 16 44 89 69 84 85 71 66 68 128 51 102 98 54 0 70 115 88 110 34 135 45 60 71 130 78 158 8 64 78 63 88 126 30 138 146 133 108 135 157 19 137 168 16 70 0 63 29 168 104 179 79 90 130 170 140 209 70 75 15 101 107 126 46 151 165 185 117 163 141 78 131 208 71 115 63 0 34 181 144 177 139 98 185 145 107 181 36 62 49 76 92 123 22 142 152 157 108 146 147 45 131 183 38 88 29 34 0 172 119 176 106 89 155 79 159 122 173 110 180 107 80 59 150 30 25 121 64 48 78 153 63 85 152 110 168 181 172 0 84 45 147 83 127 26 75 69 107 73 150 43 48 84 99 64 59 53 63 38 123 85 97 64 88 34 104 144 119 84 0 117 63 66 57 118 189 165 187 116 172 127 95 53 155 53 62 160 72 86 45 168 46 130 166 135 179 177 176 45 117 0 177 89 166 78 12 86 77 94 150 59 89 134 94 125 122 60 111 101 173 61 147 110 68 45 79 139 106 147 63 177 0 105 56 88 114 135 98 27 98 46 18 36 67 53 67 119 19 70 72 81 48 121 78 60 90 98 89 83 66 89 105 0 122 48 64 30 131 123 194 87 104 140 139 116 104 7 120 80 179 111 153 63 117 71 130 185 155 127 57 166 56 122 0 
