0 177 157 187 155 148 184 193 152 200 145 121 129 38 74 150 89 141 182 173 175 18 133 103 199 131 114 170 113 108 177 0 84 67 29 58 14 40 146 75 117 71 60 148 132 92 136 105 59 4 23 181 133 85 25 70 140 72 113 115 157 84 0 146 94 120 98 124 201 157 174 41 43 145 87 153 162 162 138 80 62 152 181 56 104 31 178 144 50 153 187 67 146 0 53 39 55 32 98 13 73 122 112 151 169 48 115 63 8 69 89 197 92 127 61 125 107 19 164 90 155 29 94 53 0 30 31 41 118 65 89 69 59 123 121 64 107 77 45 28 46 161 104 76 46 72 111 50 112 86 148 58 120 39 30 0 55 49 88 52 59 89 81 113 130 34 84 47 34 58 76 158 75 91 68 94 84 27 130 61 184 14 98 55 31 55 0 26 141 62 113 85 74 154 144 86 137 101 48 18 36 190 130 97 15 84 139 63 127 115 193 40 124 32 41 49 26 0 127 36 100 107 96 160 162 73 133 89 26 44 62 201 118 116 29 108 131 45 150 109 152 146 201 98 118 88 141 127 0 104 29 163 158 116 175 55 64 41 101 146 164 169 21 155 153 171 38 82 193 52 200 75 157 13 65 52 62 36 104 0 80 134 124 163 182 57 126 72 20 78 98 210 99 139 65 137 116 30 176 101 145 117 174 73 89 59 113 100 29 80 0 137 131 107 158 27 57 12 75 117 135 161 19 131 125 144 39 55 170 37 121 71 41 122 69 89 85 107 163 134 137 0 11 106 62 118 121 125 114 67 60 121 142 18 96 10 138 115 43 113 129 60 43 112 59 81 74 96 158 124 131 11 0 111 73 111 120 119 104 56 49 130 138 27 85 13 136 106 54 110 38 148 145 151 123 113 154 160 116 163 107 106 111 0 78 112 52 103 147 145 151 54 96 89 169 116 78 133 112 70 74 132 87 169 121 130 144 162 175 182 158 62 73 78 0 149 118 149 162 128 122 66 154 47 157 69 143 157 40 123 150 92 153 48 64 34 86 73 55 57 27 118 111 112 149 0 69 16 49 92 110 163 45 116 98 124 59 29 155 44 89 136 162 115 107 84 137 133 64 126 57 121 120 52 118 69 0 57 114 134 146 106 44 109 151 131 26 96 143 25 141 105 162 63 77 47 101 89 41 72 12 125 119 103 149 16 57 0 65 105 123 157 29 120 113 132 44 45 159 33 182 59 138 8 45 34 48 26 101 20 75 114 104 147 162 49 114 65 0 61 81 192 94 119 54 117 108 20 156 89 173 4 80 69 28 58 18 44 146 78 117 67 56 145 128 92 134 105 61 0 20 177 132 81 29 66 139 73 109 114 175 23 62 89 46 76 36 62 164 98 135 60 49 151 122 110 146 123 81 20 0 178 150 76 42 56 155 93 99 129 18 181 152 197 161 158 190 201 169 210 161 121 130 54 66 163 106 157 192 177 178 0 150 103 205 130 131 181 106 124 133 133 181 92 104 75 130 118 21 99 19 142 138 96 154 45 44 29 94 132 150 150 0 134 142 151 21 74 172 31 103 85 56 127 76 91 97 116 155 139 131 18 27 89 47 116 109 120 119 81 76 103 134 0 110 28 128 118 39 104 199 25 104 61 46 68 15 29 153 65 125 96 85 169 157 98 151 113 54 29 42 205 142 110 0 95 152 72 138 129 131 70 31 125 72 94 84 108 171 137 144 10 13 116 69 124 131 132 117 66 56 130 151 28 95 0 147 119 43 122 114 140 178 107 111 84 139 131 38 116 39 138 136 78 143 59 26 44 108 139 155 131 21 128 152 147 0 88 164 26 170 72 144 19 50 27 63 45 82 30 55 115 106 133 157 29 96 45 20 73 93 181 74 118 72 119 88 0 157 71 113 113 50 164 112 130 127 150 193 176 170 43 54 112 40 155 143 159 156 109 99 106 172 39 138 43 164 157 0 141 108 115 153 90 86 61 115 109 52 101 37 113 110 70 123 44 25 33 89 114 129 124 31 104 129 122 26 71 141 0 
0 111 204 157 127 50 101 75 197 164 21 160 205 76 78 157 93 122 145 93 146 78 35 145 181 134 186 231 185 116 111 0 179 141 31 62 22 136 132 179 122 139 164 138 90 47 24 92 157 104 125 45 109 186 194 50 214 166 173 72 204 179 0 47 152 193 198 147 73 71 193 45 29 147 127 191 194 92 73 111 60 155 171 110 68 132 96 75 29 109 157 141 47 0 118 148 157 101 77 50 146 9 56 101 80 163 153 49 37 64 16 111 124 82 59 102 85 97 32 69 127 31 152 118 0 82 53 135 102 161 132 114 134 137 84 47 54 71 139 94 102 49 117 174 175 20 196 135 150 51 50 62 193 148 82 0 51 97 169 169 64 148 187 99 71 108 43 102 147 89 133 42 60 163 185 94 198 203 180 89 101 22 198 157 53 51 0 139 154 192 115 156 185 141 97 60 8 108 170 114 141 52 106 194 208 72 225 188 189 89 75 136 147 101 135 97 139 0 163 92 56 107 155 2 51 179 131 87 77 48 96 91 41 71 109 131 111 192 121 96 197 132 73 77 102 169 154 163 0 126 193 68 45 165 122 131 154 77 114 116 71 127 171 159 130 82 158 34 91 81 164 179 71 50 161 169 192 92 126 0 147 59 95 92 98 208 186 90 22 80 63 141 129 39 17 147 35 141 42 110 21 122 193 146 132 64 115 56 193 147 0 150 197 57 71 169 107 116 130 82 136 83 22 126 164 138 167 226 172 114 160 139 45 9 114 148 156 107 68 59 150 0 48 108 82 158 152 48 46 68 15 111 128 91 67 97 94 89 36 67 205 164 29 56 134 187 185 155 45 95 197 48 0 156 127 170 182 85 90 115 61 146 175 132 95 114 123 47 54 99 76 138 147 101 137 99 141 2 165 92 57 108 156 0 53 181 133 89 77 50 97 93 43 69 108 133 110 193 122 98 78 90 127 80 84 71 97 51 122 98 71 82 127 53 0 129 90 45 76 18 68 45 49 97 114 80 129 155 110 46 157 47 191 163 47 108 60 179 131 208 169 158 170 181 129 0 67 118 186 141 147 89 156 221 220 61 243 160 194 98 93 24 194 153 54 43 8 131 154 186 107 152 182 133 90 67 0 104 164 107 137 45 98 187 202 72 218 188 185 85 122 92 92 49 71 102 108 87 77 90 116 48 85 89 45 118 104 0 68 39 33 63 94 106 104 57 125 110 81 20 145 157 73 37 139 147 170 77 114 22 130 46 90 77 76 186 164 68 0 58 45 119 110 45 38 125 57 134 45 88 93 104 111 64 94 89 114 48 116 80 82 68 115 50 18 141 107 39 58 0 54 62 61 82 96 86 111 146 93 49 146 125 60 16 102 133 141 96 71 63 136 15 61 97 68 147 137 33 45 54 0 96 115 89 74 86 98 97 48 53 78 45 155 111 49 42 52 91 127 141 83 111 146 93 45 89 45 63 119 62 96 0 68 142 157 56 173 161 143 47 35 109 171 124 117 60 106 41 171 129 22 128 175 43 49 156 98 94 110 61 115 68 0 112 146 119 151 204 151 93 145 186 110 82 174 163 194 71 159 39 126 91 132 69 97 221 187 106 45 82 89 142 112 0 49 162 41 178 81 124 181 194 68 59 175 185 208 109 130 17 164 67 95 108 114 220 202 104 38 96 74 157 146 49 0 159 28 142 41 124 134 50 132 102 20 94 72 131 82 147 138 97 114 133 80 61 72 57 125 86 86 56 119 162 159 0 182 116 133 38 186 214 96 85 196 198 225 111 158 35 167 94 123 110 129 243 218 125 57 111 98 173 151 41 28 182 0 170 69 145 231 166 75 97 135 203 188 192 34 141 226 89 47 193 155 160 188 110 134 146 97 161 204 178 142 116 170 0 101 115 185 173 29 32 150 180 189 121 91 42 172 36 54 122 110 194 185 81 45 93 48 143 151 81 41 133 69 101 0 101 116 72 109 69 51 89 89 96 81 110 114 67 99 98 46 98 85 20 88 49 53 47 93 124 124 38 145 115 101 0 
0 33 121 201 186 78 154 92 60 103 85 108 162 38 75 169 56 25 150 41 102 152 191 143 183 59 187 36 224 168 33 0 115 203 189 81 158 122 56 78 115 137 186 31 56 151 86 8 170 73 131 154 182 150 195 54 193 19 227 161 121 115 0 94 82 46 59 136 61 73 135 136 146 144 64 65 125 113 119 130 137 46 70 59 107 63 92 96 118 47 201 203 94 0 15 123 47 173 147 166 176 162 132 231 157 120 181 200 109 194 167 49 74 59 54 149 24 184 24 69 186 189 82 15 0 109 32 158 133 155 161 147 121 217 144 115 166 186 97 179 153 36 74 44 46 136 16 170 38 64 78 81 46 123 109 0 77 95 25 76 93 99 126 108 49 106 79 77 103 84 98 74 116 69 115 28 112 62 147 93 154 158 59 47 32 77 0 129 102 132 131 121 106 185 117 108 134 154 79 147 125 17 79 13 48 105 35 139 70 61 92 122 136 173 158 95 129 0 102 164 7 19 79 128 132 201 36 114 79 54 11 139 198 116 133 104 151 113 192 176 60 56 61 147 133 25 102 102 0 62 99 110 146 84 30 112 77 53 125 77 108 98 131 94 140 3 137 37 171 108 103 78 73 166 155 76 132 164 62 0 160 172 202 107 32 79 138 82 179 133 170 119 120 130 179 60 165 67 189 106 85 115 135 176 161 93 131 7 99 160 0 26 86 121 128 199 29 107 85 47 18 140 199 118 138 100 155 108 196 176 108 137 136 162 147 99 121 19 110 172 26 0 60 146 140 201 54 129 62 72 8 132 194 108 119 113 139 126 180 172 162 186 146 132 121 126 106 79 146 202 86 60 0 200 174 208 111 179 27 129 68 121 185 95 80 149 108 172 146 166 38 31 144 231 217 108 185 128 84 107 121 146 200 0 87 182 92 31 188 75 139 182 211 177 219 82 220 48 255 191 75 56 64 157 144 49 117 132 30 32 128 140 174 87 0 95 106 57 152 102 138 108 126 112 161 28 152 40 181 107 169 151 65 120 115 106 108 201 112 79 199 201 208 182 95 0 185 152 181 188 202 91 52 114 155 112 131 135 138 51 56 86 125 181 166 79 134 36 77 138 29 54 111 92 106 185 0 78 105 18 47 140 192 122 150 79 163 80 204 169 25 8 113 200 186 77 154 114 53 82 107 129 179 31 57 152 78 0 163 65 123 151 180 146 190 51 189 17 224 160 150 170 119 109 97 103 79 79 125 179 85 62 27 188 152 181 105 163 0 123 70 94 158 68 59 128 85 155 124 139 41 73 130 194 179 84 147 54 77 133 47 72 129 75 102 188 18 65 123 0 65 151 200 135 166 77 177 71 217 177 102 131 137 167 153 98 125 11 108 170 18 8 68 139 138 202 47 123 70 65 0 136 197 112 125 110 145 122 186 174 152 154 46 49 36 74 17 139 98 119 140 132 121 182 108 91 140 151 94 151 136 0 64 26 64 100 46 135 73 45 191 182 70 74 74 116 79 198 131 120 199 194 185 211 126 52 192 180 158 200 197 64 0 90 118 132 90 163 87 23 143 150 59 59 44 69 13 116 94 130 118 108 95 177 112 114 122 146 68 135 112 26 90 0 49 97 44 131 82 71 183 195 107 54 46 115 48 133 140 179 138 119 80 219 161 155 150 190 59 166 125 64 118 49 0 143 30 177 66 105 59 54 63 149 136 28 105 104 3 60 100 113 149 82 28 112 79 51 128 77 110 100 132 97 143 0 140 35 173 110 187 193 92 24 16 112 35 151 137 165 155 139 108 220 152 131 163 189 85 177 145 46 90 44 30 140 0 174 41 80 36 19 96 184 170 62 139 113 37 67 108 126 172 48 40 135 80 17 155 71 122 135 163 131 177 35 174 0 208 143 224 227 118 24 38 147 70 192 171 189 196 180 146 255 181 138 204 224 124 217 186 73 87 82 66 173 41 208 0 88 168 161 47 69 64 93 61 176 108 106 176 172 166 191 107 51 169 160 139 177 174 45 23 71 105 110 80 143 88 0 
0 212 175 110 161 107 149 64 98 123 89 73 192 166 134 71 75 56 180 31 151 172 137 129 84 68 103 143 77 173 212 0 184 122 126 215 63 210 117 147 125 168 24 60 82 148 173 156 75 228 84 44 166 112 131 146 164 119 207 174 175 184 0 191 59 84 152 118 129 63 132 201 183 189 167 173 208 150 109 162 108 148 39 90 129 161 73 72 106 10 110 122 191 0 144 170 68 140 62 128 60 47 98 64 43 39 51 64 128 135 104 95 153 104 65 47 128 124 145 184 161 126 59 144 0 105 95 121 84 40 91 163 124 132 114 135 170 119 52 159 49 89 45 40 91 124 64 20 112 49 107 215 84 170 105 0 163 43 115 70 113 158 204 196 164 137 164 109 150 87 132 171 61 103 106 126 51 100 31 88 149 63 152 68 95 163 0 150 54 100 62 110 44 37 26 87 116 93 63 165 46 27 124 65 68 83 112 80 150 143 64 210 118 140 121 43 150 0 97 81 91 121 194 178 145 104 125 76 156 44 132 166 86 103 84 93 57 109 13 120 98 117 129 62 84 115 54 97 0 66 9 79 98 82 49 51 86 43 85 111 56 74 91 44 14 41 69 64 97 122 123 147 63 128 40 70 100 81 66 0 69 138 137 136 109 110 145 88 80 119 63 103 25 35 66 98 24 30 72 58 89 125 132 60 91 113 62 91 9 69 0 72 106 87 54 44 79 34 94 104 65 83 94 51 7 33 68 71 93 127 73 168 201 47 163 158 110 121 79 138 72 0 144 111 86 28 7 51 161 102 134 137 162 123 72 40 129 143 129 196 192 24 183 98 124 204 44 194 98 137 106 144 0 36 59 125 149 136 77 209 76 35 159 102 112 125 153 112 193 173 166 60 189 64 132 196 37 178 82 136 87 111 36 0 33 96 115 111 95 186 83 51 161 102 94 98 146 117 179 180 134 82 167 43 114 164 26 145 49 109 54 86 59 33 0 66 92 78 88 153 67 52 134 77 61 66 116 95 146 158 71 148 173 39 135 137 87 104 51 110 44 28 125 96 66 0 35 28 134 96 106 113 134 95 44 12 103 115 111 168 75 173 208 51 170 164 116 125 86 145 79 7 149 115 92 35 0 58 168 105 141 143 169 130 79 47 136 150 135 203 56 156 150 64 119 109 93 76 43 88 34 51 136 111 78 28 58 0 128 75 99 116 111 81 30 17 78 99 83 146 180 75 109 128 52 150 63 156 85 80 94 161 77 95 88 134 168 128 0 186 29 44 95 53 98 126 103 50 150 99 31 228 162 135 159 87 165 44 111 119 104 102 209 186 153 96 105 75 186 0 159 185 128 133 97 90 96 144 57 164 151 84 108 104 49 132 46 132 56 63 65 134 76 83 67 106 141 99 29 159 0 41 83 29 69 97 81 36 127 98 172 44 148 95 89 171 27 166 74 103 83 137 35 51 52 113 143 116 44 185 41 0 124 68 88 109 120 77 163 138 137 166 39 153 45 61 124 86 91 25 94 162 159 161 134 134 169 111 95 128 83 124 0 59 91 122 34 47 75 36 129 112 90 104 40 103 65 103 44 35 51 123 102 102 77 95 130 81 53 133 29 68 59 0 52 84 52 20 98 82 84 131 129 65 91 106 68 84 14 66 7 72 112 94 61 44 79 30 98 97 69 88 91 52 0 33 63 71 86 124 68 146 161 47 124 126 83 93 41 98 33 40 125 98 66 12 47 17 126 90 97 109 122 84 33 0 91 104 100 156 103 164 73 128 64 51 112 57 69 24 68 129 153 146 116 103 136 78 103 96 81 120 34 52 63 91 0 53 48 70 143 119 72 124 20 100 80 109 64 30 71 143 112 117 95 115 150 99 50 144 36 77 47 20 71 104 53 0 101 63 77 207 106 145 112 31 150 13 97 72 93 129 193 179 146 111 135 83 150 57 127 163 75 98 86 100 48 101 0 108 173 174 10 184 49 88 143 120 122 58 127 196 173 180 158 168 203 146 99 164 98 138 36 82 124 156 70 63 108 0 
0 109 140 157 140 161 104 163 112 124 160 127 184 119 130 109 58 205 49 127 39 148 124 47 84 100 145 197 221 54 109 0 34 186 84 144 72 191 38 37 131 81 108 50 36 3 63 126 60 20 123 104 108 81 111 30 102 141 142 77 140 34 0 217 104 168 102 222 39 56 153 104 116 73 51 36 88 131 91 30 156 125 136 105 144 44 123 154 146 99 157 186 217 0 126 71 115 6 218 163 89 117 159 145 170 184 187 173 162 187 119 110 83 191 81 204 109 135 181 195 140 84 104 126 0 65 36 129 122 49 49 13 46 34 53 81 126 67 106 75 126 21 44 140 81 112 19 61 82 139 161 144 168 71 65 0 75 72 181 113 18 64 88 95 118 141 169 102 145 138 132 46 40 179 78 169 46 65 110 181 104 72 102 115 36 75 0 120 107 49 66 23 82 32 56 69 97 103 73 72 91 46 36 107 51 94 43 94 118 109 163 191 222 6 129 72 120 0 223 168 90 121 160 150 175 188 193 174 168 192 125 113 87 197 87 209 112 136 182 201 112 38 39 218 122 181 107 223 0 75 169 119 145 88 74 41 55 161 67 53 136 142 143 71 138 14 140 179 178 64 124 37 56 163 49 113 49 168 75 0 98 49 72 18 7 34 92 91 79 26 126 70 81 108 98 67 68 104 108 106 160 131 153 89 49 18 66 90 169 98 0 50 70 81 102 128 163 84 139 124 135 29 36 173 81 158 30 49 93 175 127 81 104 117 13 64 23 121 119 49 50 0 59 31 55 78 117 80 95 74 113 25 34 129 68 108 22 71 95 130 184 108 116 159 46 88 82 160 145 72 70 59 0 68 72 105 162 21 145 92 172 50 84 178 127 138 52 41 37 176 119 50 73 145 34 95 32 150 88 18 81 31 68 0 25 47 95 88 77 43 115 54 63 110 82 78 52 93 105 109 130 36 51 170 53 118 56 175 74 7 102 55 72 25 0 33 95 90 83 22 133 74 88 112 105 66 72 105 106 109 109 3 36 184 81 141 69 188 41 34 128 78 105 47 33 0 65 123 60 19 122 101 105 82 109 33 99 138 139 79 58 63 88 187 126 169 97 193 55 92 163 117 162 95 95 65 0 182 25 83 88 141 129 18 106 44 138 187 199 14 205 126 131 173 67 102 103 174 161 91 84 80 21 88 90 123 182 0 165 108 193 68 103 198 147 156 71 42 17 196 49 60 91 162 106 145 73 168 67 79 139 95 145 77 83 60 25 165 0 78 69 119 105 34 81 53 116 166 182 36 127 20 30 187 75 138 72 192 53 26 124 74 92 43 22 19 83 108 78 0 137 96 106 101 117 49 94 127 125 97 39 123 156 119 126 132 91 125 136 126 135 113 172 115 133 122 88 193 69 137 0 130 100 82 54 122 127 179 208 89 148 104 125 110 21 46 46 113 142 70 29 25 50 54 74 101 141 68 119 96 130 0 35 153 79 132 3 49 81 154 124 108 136 83 44 40 36 87 143 81 36 34 84 63 88 105 129 103 105 106 100 35 0 139 46 130 32 80 116 141 47 81 105 191 140 179 107 197 71 108 173 129 178 110 112 82 18 198 34 101 82 153 139 0 111 61 150 200 215 7 84 111 144 81 81 78 51 87 138 98 81 68 127 82 105 109 106 147 81 117 54 79 46 111 0 124 76 126 160 115 100 30 44 204 112 169 94 209 14 67 158 108 138 78 66 33 44 156 53 49 122 132 130 61 124 0 129 171 172 55 145 102 123 109 19 46 43 112 140 68 30 22 52 52 72 99 138 71 116 94 127 3 32 150 76 129 0 52 84 151 197 141 154 135 61 65 94 136 179 104 49 71 41 93 105 138 187 42 166 127 179 49 80 200 126 171 52 0 46 200 221 142 146 181 82 110 118 182 178 108 93 95 37 105 106 139 199 17 182 125 208 81 116 215 160 172 84 46 0 213 54 77 99 195 139 181 109 201 64 106 175 130 176 109 109 79 14 196 36 97 89 154 141 7 115 55 151 200 213 0 
0 61 124 76 137 107 25 134 126 70 126 4 173 204 189 103 181 164 42 171 130 177 163 141 104 73 119 51 31 73 61 0 82 15 88 83 62 114 72 119 109 64 147 143 166 70 120 103 70 110 90 138 102 89 96 54 90 41 44 58 124 82 0 75 140 32 137 51 36 145 51 124 68 117 89 22 91 92 98 86 8 56 115 30 177 135 25 123 93 55 76 15 75 0 80 82 76 113 59 132 108 79 142 128 163 67 105 88 82 95 83 131 88 78 102 60 87 52 57 63 137 88 140 80 0 157 122 186 109 204 183 140 208 118 229 141 109 86 157 101 148 186 58 126 82 70 159 88 131 143 107 83 32 82 157 0 125 31 64 118 26 106 66 149 84 17 123 121 76 117 32 72 141 62 179 137 12 121 76 34 25 62 137 76 122 125 0 153 133 93 145 29 191 204 208 118 181 164 67 171 144 192 157 150 79 54 136 34 49 91 134 114 51 113 186 31 153 0 87 130 9 132 41 165 55 46 139 142 97 135 45 61 166 79 210 168 27 152 104 62 126 72 36 59 109 64 133 87 0 164 87 128 100 88 121 48 61 57 114 54 42 78 79 19 157 118 60 111 99 74 70 119 145 132 204 118 93 130 164 0 121 66 170 251 179 123 225 214 51 216 148 188 220 172 172 143 130 121 75 91 126 109 51 108 183 26 145 9 87 121 0 124 50 168 63 43 142 143 88 137 47 69 166 81 205 163 27 145 96 55 4 64 124 79 140 106 29 132 128 66 124 0 172 207 187 103 183 167 39 173 130 177 166 142 108 77 118 55 31 72 173 147 68 142 208 66 191 41 100 170 50 172 0 161 21 77 139 148 138 137 60 37 176 86 243 201 57 186 142 100 204 143 117 128 118 149 204 165 88 251 168 207 161 0 181 136 27 40 200 35 121 126 60 87 198 170 142 174 182 162 189 166 89 163 229 84 208 55 121 179 63 187 21 181 0 96 159 169 151 158 81 55 197 107 262 220 76 205 159 117 103 70 22 67 141 17 118 46 48 123 43 103 77 136 96 0 109 105 76 102 27 74 124 50 166 124 20 109 72 33 181 120 91 105 109 123 181 139 61 225 142 183 139 27 159 109 0 23 174 10 95 105 53 61 182 151 116 153 156 135 164 103 92 88 86 121 164 142 57 214 143 167 148 40 169 105 23 0 163 15 97 117 32 64 160 130 117 134 143 128 42 70 98 82 157 76 67 97 114 51 88 39 138 200 151 76 174 163 0 165 103 148 169 123 142 105 88 82 27 43 171 110 86 95 101 117 171 135 54 216 137 173 137 35 158 102 10 15 165 0 90 105 47 56 173 141 111 143 147 128 130 90 8 83 148 32 144 45 42 148 47 130 60 121 81 27 95 97 103 90 0 49 121 34 185 143 22 131 99 60 177 138 56 131 186 72 192 61 78 188 69 177 37 126 55 74 105 117 148 105 49 0 147 60 233 191 60 179 146 106 163 102 115 88 58 141 157 166 79 220 166 166 176 60 197 124 53 32 169 47 121 147 0 90 138 114 139 123 145 140 141 89 30 78 126 62 150 79 19 172 81 142 86 87 107 50 61 64 123 56 34 60 90 0 176 137 55 130 112 81 104 96 177 102 82 179 79 210 157 172 205 108 243 198 262 166 182 160 142 173 185 233 138 176 0 42 186 61 118 152 73 54 135 60 70 137 54 168 118 143 163 77 201 170 220 124 151 130 105 141 143 191 114 137 42 0 144 23 79 110 119 90 25 87 159 12 136 27 60 130 27 118 57 142 76 20 116 117 88 111 22 60 139 55 186 144 0 129 88 46 51 41 123 52 88 121 34 152 111 121 145 55 186 174 205 109 153 134 82 143 131 179 123 130 61 23 129 0 57 91 31 44 93 57 131 76 49 104 99 75 96 31 142 182 159 72 156 143 27 147 99 146 145 112 118 79 88 57 0 42 73 58 55 63 143 34 91 62 74 91 55 72 100 162 117 33 135 128 43 128 60 106 140 81 152 110 46 91 42 0 
0 57 129 85 123 116 127 63 62 144 153 45 60 107 67 97 46 137 108 81 94 46 146 70 107 106 88 111 154 43 57 0 155 138 166 173 169 15 78 189 202 94 40 162 11 150 37 149 156 53 145 11 197 126 159 115 142 165 205 15 129 155 0 172 50 153 47 146 77 69 88 158 119 112 154 92 118 36 68 123 180 147 96 109 89 51 95 108 103 152 85 138 172 0 139 56 144 146 133 148 146 44 145 81 149 91 131 194 115 166 9 128 133 63 100 171 83 87 138 123 123 166 50 139 0 107 5 160 93 25 42 138 136 66 168 49 131 86 24 148 146 155 47 77 43 90 56 62 55 158 116 173 153 56 107 0 112 179 142 109 101 90 169 41 183 61 156 183 85 189 57 162 87 55 64 170 59 46 90 159 127 169 47 144 5 112 0 162 95 24 43 142 138 71 170 54 133 83 29 149 151 158 49 82 48 89 61 67 56 161 63 15 146 146 160 179 162 0 69 184 198 103 27 164 8 150 29 136 152 38 154 19 195 128 159 102 142 167 203 27 62 78 77 133 93 142 95 69 0 118 134 103 43 115 77 96 41 77 90 55 142 70 133 87 102 44 91 116 141 75 144 189 69 148 25 109 24 184 118 0 19 153 161 69 192 57 155 105 36 173 154 178 29 89 48 113 66 63 34 181 153 202 88 146 42 101 43 198 134 19 0 155 176 65 206 59 169 124 46 189 151 191 14 91 49 132 68 59 17 192 45 94 158 44 138 90 142 103 103 153 155 0 105 97 105 96 91 173 117 126 51 84 145 64 106 145 87 103 153 79 60 40 119 145 136 169 138 27 43 161 176 105 0 149 35 132 14 109 132 21 154 36 175 116 140 75 126 151 183 44 107 162 112 81 66 41 71 164 115 69 65 97 149 0 170 21 137 144 44 167 86 151 52 37 23 134 24 6 57 150 67 11 154 149 168 183 170 8 77 192 206 105 35 170 0 157 37 144 160 45 156 21 203 134 166 110 149 173 211 26 97 150 92 91 49 61 54 150 96 57 59 96 132 21 157 0 122 123 25 149 97 139 49 32 10 113 9 20 57 139 46 37 118 131 131 156 133 29 41 155 169 91 14 137 37 122 0 113 123 35 140 29 166 103 130 79 114 139 174 36 137 149 36 194 86 183 83 136 77 105 124 173 109 144 144 123 113 0 102 107 203 142 132 135 123 34 124 142 139 149 108 156 68 115 24 85 29 152 90 36 46 117 132 44 160 25 123 102 0 145 122 145 43 54 21 98 32 40 51 146 81 53 123 166 148 189 149 38 55 173 189 126 21 167 45 149 35 107 145 0 175 53 188 135 156 74 143 168 196 61 94 145 180 9 146 57 151 154 142 154 151 51 154 86 156 97 140 203 122 175 0 135 138 71 106 180 90 92 142 130 46 11 147 128 155 162 158 19 70 178 191 84 36 151 21 139 29 142 145 53 135 0 186 115 148 108 131 154 194 8 146 197 96 133 47 87 49 195 133 29 14 145 175 52 203 49 166 132 43 188 138 186 0 81 39 137 58 46 8 187 70 126 109 63 77 55 82 128 87 89 91 64 116 37 134 32 103 135 54 135 71 115 81 0 42 117 23 41 89 113 107 159 89 100 43 64 48 159 102 48 49 106 140 23 166 10 130 123 21 156 106 148 39 42 0 116 19 19 47 149 106 115 51 171 90 170 89 102 44 113 132 145 75 134 110 113 79 34 98 74 180 108 137 117 116 0 112 133 145 115 88 142 95 83 56 59 61 142 91 66 68 87 126 24 149 9 114 124 32 143 90 131 58 23 19 112 0 25 66 130 111 165 108 87 62 46 67 167 116 63 59 103 151 6 173 20 139 142 40 168 92 154 46 41 19 133 25 0 51 154 154 205 103 138 55 90 56 203 141 34 17 153 183 57 211 57 174 139 51 196 142 194 8 89 47 145 66 51 0 195 43 15 152 123 158 159 161 27 75 181 192 79 44 150 26 139 36 149 146 61 130 8 187 113 149 115 130 154 195 0 
0 90 115 154 82 163 80 121 148 129 76 93 138 136 26 149 170 155 26 105 11 205 199 156 143 219 170 55 156 150 90 0 26 66 42 74 68 124 65 137 86 12 150 106 75 111 83 79 110 122 97 127 115 88 106 146 175 39 68 153 115 26 0 40 52 55 90 143 55 156 108 30 169 118 98 120 66 73 135 144 121 116 100 86 116 137 191 62 42 170 154 66 40 0 80 47 128 178 66 191 147 69 204 147 134 145 60 84 175 181 158 112 91 100 143 137 223 99 2 203 82 42 52 80 0 107 98 155 105 168 111 54 181 145 58 152 118 120 107 149 84 167 152 130 146 187 207 31 82 185 163 74 55 47 107 0 114 152 27 165 134 70 177 114 149 109 13 41 179 161 171 65 46 58 107 90 190 113 46 172 80 68 90 128 98 114 0 57 89 70 20 60 83 56 87 69 115 89 82 54 91 137 135 84 63 146 109 72 129 87 121 124 143 178 155 152 57 0 125 13 47 114 26 44 136 60 150 117 110 20 132 153 160 104 55 151 52 128 179 30 148 65 55 66 105 27 89 125 0 138 109 57 150 87 139 82 26 18 161 134 157 62 51 34 80 82 163 104 66 145 129 137 156 191 168 165 70 13 138 0 58 127 13 55 146 69 163 129 116 24 140 164 171 115 66 161 41 140 192 21 76 86 108 147 111 134 20 47 109 58 0 78 70 62 89 78 135 108 71 38 87 154 154 101 72 161 99 82 149 77 93 12 30 69 54 70 60 114 57 127 78 0 140 94 82 99 77 69 110 114 101 119 108 77 94 136 164 47 71 142 138 150 169 204 181 177 83 26 150 13 70 140 0 65 156 79 175 141 125 33 149 174 181 126 76 169 32 152 205 16 136 106 118 147 145 114 56 44 87 55 62 94 65 0 143 17 110 76 133 61 147 109 116 61 11 107 76 124 148 58 26 75 98 134 58 149 87 136 139 146 89 82 156 143 0 155 158 149 52 123 26 199 190 153 149 216 187 36 136 166 149 111 120 145 152 109 69 60 82 69 78 99 79 17 155 0 102 68 149 78 160 95 104 51 6 92 84 134 146 69 170 83 66 60 118 13 115 150 26 163 135 77 175 110 158 102 0 34 185 160 178 52 34 51 101 77 185 122 59 168 155 79 73 84 120 41 89 117 18 129 108 69 141 76 149 68 34 0 166 129 165 50 46 17 67 67 151 116 84 134 26 110 135 175 107 179 82 110 161 116 71 110 125 133 52 149 185 166 0 92 31 216 211 164 143 227 157 78 177 137 105 122 144 181 149 161 54 20 134 24 38 114 33 61 123 78 160 129 92 0 116 169 173 117 72 168 65 120 182 45 11 97 121 158 84 171 91 132 157 140 87 101 149 147 26 160 178 165 31 116 0 215 208 166 154 229 181 59 160 161 205 127 116 112 167 65 137 153 62 164 154 119 174 109 199 95 52 50 216 169 215 0 22 53 98 25 176 166 111 163 199 115 100 91 152 46 135 160 51 171 154 108 181 116 190 104 34 46 211 173 208 22 0 56 106 47 187 154 90 173 156 88 86 100 130 58 84 104 34 115 101 77 126 61 153 51 51 17 164 117 166 53 56 0 51 63 135 122 100 118 143 106 116 143 146 107 63 55 80 66 72 94 76 11 149 6 101 67 143 72 154 98 106 51 0 96 84 128 143 67 219 146 137 137 187 90 146 151 82 161 161 136 169 107 216 92 77 67 227 168 229 25 47 63 96 0 167 183 136 157 170 175 191 223 207 190 109 52 163 41 99 164 32 76 187 84 185 151 157 65 181 176 187 135 84 167 0 180 224 22 55 39 62 99 31 113 72 128 104 140 82 47 152 124 36 134 122 116 78 120 59 166 154 122 128 183 180 0 101 158 156 68 42 2 82 46 129 179 66 192 149 71 205 148 136 146 59 84 177 182 160 111 90 100 143 136 224 101 0 204 150 153 170 203 185 172 87 30 145 21 77 142 16 58 166 69 168 134 137 45 161 163 173 118 67 157 22 158 204 0 
0 228 142 152 36 9 151 162 45 101 171 207 191 94 185 113 80 105 12 113 88 1 193 62 168 112 214 120 44 142 228 0 86 159 195 235 153 160 183 128 58 21 111 188 135 135 174 127 225 128 171 229 45 193 113 139 54 110 189 178 142 86 0 109 109 149 105 115 97 42 30 65 96 114 109 62 95 44 139 52 94 143 57 110 80 66 82 27 103 121 152 159 109 0 142 161 205 10 119 92 127 140 205 61 40 56 72 127 159 66 64 153 155 166 188 54 112 120 111 21 36 195 109 142 0 41 116 152 23 73 138 174 155 92 171 94 72 70 30 91 79 37 159 32 132 94 186 86 34 135 9 235 149 161 41 0 152 171 53 109 178 214 194 103 194 122 89 111 11 122 97 8 200 63 171 121 222 127 53 151 151 153 105 205 116 152 0 213 125 113 110 141 55 184 213 149 160 78 141 139 164 152 108 89 41 151 177 85 139 210 162 160 115 10 152 171 213 0 129 100 132 142 211 70 34 65 82 135 169 74 74 163 159 176 195 63 111 128 121 26 45 183 97 119 23 53 125 129 0 56 127 162 157 71 148 72 49 64 45 70 56 46 150 52 134 71 169 77 14 112 101 128 42 92 73 109 113 100 56 0 72 107 124 76 108 36 55 35 101 26 56 102 99 84 104 38 113 34 61 97 171 58 30 127 138 178 110 132 127 72 0 37 86 141 118 89 124 69 168 79 122 172 29 135 76 93 67 52 133 142 207 21 65 140 174 214 141 142 162 107 37 0 104 167 120 114 153 106 204 107 150 208 34 172 102 118 46 89 168 159 191 111 96 205 155 194 55 211 157 124 86 104 0 200 203 156 178 95 183 145 180 192 70 134 23 159 148 90 170 217 94 188 114 61 92 103 184 70 71 76 141 167 200 0 100 53 24 107 102 62 20 95 170 122 179 49 154 110 58 48 185 135 109 40 171 194 213 34 148 108 118 120 203 100 0 77 105 140 190 83 98 186 142 190 189 77 83 128 142 60 113 135 62 56 94 122 149 65 72 36 89 114 156 53 77 0 40 71 117 11 36 114 118 113 136 4 106 67 69 62 80 174 95 72 72 89 160 82 49 55 124 153 178 24 105 40 0 84 87 46 8 81 152 100 157 37 146 88 39 64 105 127 44 127 70 111 78 135 64 35 69 106 95 107 140 71 84 0 100 61 87 106 89 66 73 73 126 17 75 132 12 225 139 159 30 11 141 169 45 101 168 204 183 102 190 117 87 100 0 115 95 12 189 52 160 115 214 116 48 149 113 128 52 66 91 122 139 74 70 26 79 107 145 62 83 11 46 61 115 0 43 114 108 107 125 14 102 56 69 73 88 171 94 64 79 97 164 74 56 56 122 150 180 20 98 36 8 87 95 43 0 89 151 107 159 32 141 90 47 56 1 229 143 153 37 8 152 163 46 102 172 208 192 95 186 114 81 106 12 114 89 0 194 63 169 113 215 121 45 143 193 45 57 155 159 200 108 159 150 99 29 34 70 170 142 118 152 89 189 108 151 194 0 152 69 122 78 73 159 171 62 193 110 166 32 63 89 176 52 84 135 172 134 122 190 113 100 66 52 107 107 63 152 0 111 114 192 83 65 163 168 113 80 188 132 171 41 195 134 104 76 102 23 179 189 136 157 73 160 125 159 169 69 111 0 139 143 70 147 198 112 139 66 54 94 121 151 63 71 38 93 118 159 49 77 4 37 73 115 14 32 113 122 114 139 0 109 70 68 59 214 54 82 112 186 222 177 111 169 113 67 46 148 154 83 106 146 126 214 102 141 215 78 192 143 109 0 109 171 133 120 110 27 120 86 127 85 128 77 34 52 89 90 110 128 67 88 17 116 56 90 121 73 83 70 70 109 0 87 129 44 189 103 111 34 53 139 121 14 61 133 168 170 58 142 69 39 75 48 69 47 45 159 65 147 68 171 87 0 103 142 178 121 21 135 151 210 26 112 97 142 159 217 48 60 62 64 132 149 73 56 143 171 163 198 59 133 129 103 0 
0 63 154 63 99 142 20 121 178 40 159 38 144 222 98 104 122 71 157 223 48 201 168 188 186 92 126 135 120 9 63 0 111 39 94 115 46 58 170 75 98 81 82 188 57 48 64 11 152 184 71 149 123 151 123 101 82 73 130 54 154 111 0 91 84 40 134 93 101 134 73 142 113 80 56 66 60 115 98 73 122 55 16 43 115 105 29 82 116 146 63 39 91 0 55 83 43 78 132 52 106 60 107 161 35 48 66 50 114 160 42 138 105 125 140 63 63 87 91 55 99 94 84 55 0 52 84 122 79 64 133 72 151 130 58 84 96 105 60 135 52 139 100 100 173 21 72 124 40 95 142 115 40 83 52 0 124 116 65 113 108 121 141 80 59 80 83 122 59 83 101 92 54 48 150 72 47 110 78 136 20 46 134 43 84 124 0 104 163 35 140 38 128 204 78 84 102 56 143 203 38 181 148 168 169 81 106 117 110 12 121 58 93 78 122 116 104 0 181 127 44 134 29 172 64 38 33 51 169 161 120 110 97 136 65 137 69 17 162 112 178 170 101 132 79 65 163 181 0 140 173 145 206 86 119 144 148 179 21 102 130 144 111 80 215 86 112 175 67 174 40 75 134 52 64 113 35 127 140 0 158 8 154 193 85 100 118 86 119 195 12 186 150 160 191 54 111 138 80 39 159 98 73 106 133 108 140 44 173 158 0 166 49 144 77 58 40 94 167 130 148 70 70 111 42 152 63 27 173 150 38 81 142 60 72 121 38 134 145 8 166 0 161 201 93 108 126 91 124 203 20 194 158 168 198 59 119 145 84 40 144 82 113 107 151 141 128 29 206 154 49 161 0 190 93 67 58 73 196 178 148 119 115 155 46 166 94 31 191 135 222 188 80 161 130 80 204 172 86 193 144 201 190 0 131 145 139 193 100 20 181 85 75 37 179 147 108 160 141 216 98 57 56 35 58 59 78 64 119 85 77 93 93 131 0 26 38 63 105 128 73 103 70 94 115 75 28 66 98 90 104 48 66 48 84 80 84 38 144 100 58 108 67 145 26 0 18 50 131 138 90 101 76 108 93 100 37 41 124 95 122 64 60 66 96 83 102 33 148 118 40 126 58 139 38 18 0 63 138 130 108 86 66 103 77 113 36 28 136 113 71 11 115 50 105 122 56 51 179 86 94 91 73 193 63 50 63 0 162 188 82 149 126 156 115 112 86 67 141 62 157 152 98 114 60 59 143 169 21 119 167 124 196 100 105 131 138 162 0 113 109 146 110 87 209 65 104 166 46 153 223 184 73 160 135 83 203 161 102 195 130 203 178 20 128 138 130 188 113 0 183 67 64 35 163 154 102 148 152 215 48 71 122 42 52 101 38 120 130 12 148 20 148 181 73 90 108 82 109 183 0 175 138 148 182 44 100 129 72 46 201 149 55 138 139 92 181 110 144 186 70 194 119 85 103 101 86 149 146 67 175 0 39 64 98 160 75 94 170 193 168 123 16 105 100 54 148 97 111 150 70 158 115 75 70 76 66 126 110 64 138 39 0 41 109 121 42 85 131 160 188 151 43 125 100 48 168 136 80 160 111 168 155 37 94 108 103 156 87 35 148 64 41 0 150 120 71 124 120 180 186 123 115 140 173 150 169 65 215 191 42 198 46 179 115 93 77 115 209 163 182 98 109 150 0 190 105 53 213 177 92 101 105 63 21 72 81 137 86 54 152 59 166 147 75 100 113 112 65 154 44 160 121 120 190 0 92 141 29 90 126 82 29 63 72 47 106 69 112 111 63 119 94 108 28 37 36 86 104 102 100 75 42 71 105 92 0 63 110 118 135 73 82 87 124 110 117 17 175 138 27 145 31 160 66 41 28 67 166 148 129 94 85 124 53 141 63 0 164 126 120 130 116 91 40 78 110 162 67 80 173 84 191 141 98 124 136 141 46 152 72 170 131 120 213 29 110 164 0 118 9 54 146 55 95 136 12 112 174 39 150 40 135 216 90 95 113 62 153 215 46 193 160 180 177 90 118 126 118 0 
0 83 103 112 138 47 96 75 88 134 64 144 198 155 162 34 163 163 146 28 181 82 123 89 130 86 150 193 189 143 83 0 50 38 55 90 13 100 34 91 76 89 115 107 121 74 145 88 73 80 98 46 63 55 83 98 106 110 116 103 103 50 0 27 59 83 56 144 18 41 120 135 124 58 71 110 195 122 46 113 102 22 20 105 33 145 56 114 150 152 112 38 27 0 33 101 37 138 26 61 114 112 99 72 89 110 178 95 36 114 78 41 28 91 53 136 74 90 123 132 138 55 59 33 0 134 45 151 59 85 127 97 66 90 109 129 171 70 36 135 45 74 52 95 77 144 94 57 95 122 47 90 83 101 134 0 103 120 75 102 105 170 200 123 126 77 204 178 129 74 179 62 103 120 100 130 117 191 206 176 96 13 56 37 45 103 0 106 42 96 82 79 102 109 126 84 141 75 69 90 86 56 65 55 88 101 111 98 103 96 75 100 144 138 151 120 106 0 126 185 24 104 193 202 214 43 93 140 173 47 184 129 162 59 177 16 200 194 159 90 88 34 18 26 59 75 42 126 0 59 102 121 125 76 89 92 179 114 58 95 104 15 37 89 51 127 74 116 142 137 134 91 41 61 85 102 96 185 59 0 161 173 142 21 30 147 236 153 55 149 118 56 33 146 8 186 16 130 180 192 64 76 120 114 127 105 82 24 102 161 0 91 172 178 191 30 99 121 149 37 162 106 138 39 153 26 176 172 143 83 144 89 135 112 97 170 79 104 121 173 91 0 105 183 201 115 77 44 133 123 107 135 140 55 165 89 186 112 55 27 198 115 124 99 66 200 102 193 125 142 172 105 0 140 159 183 181 61 87 190 24 140 113 134 135 182 147 14 66 132 155 107 58 72 90 123 109 202 76 21 178 183 140 0 19 165 250 160 54 167 116 74 44 162 25 203 8 126 184 204 162 121 71 89 109 126 126 214 89 30 191 201 159 19 0 176 266 179 73 178 135 85 61 176 38 216 15 145 203 221 34 74 110 110 129 77 84 43 92 147 30 115 183 165 176 0 129 140 146 8 170 91 129 60 140 53 163 181 164 111 163 145 195 178 171 204 141 93 179 236 99 77 181 250 266 129 0 120 205 135 184 188 206 90 228 78 251 189 122 50 163 88 122 95 70 178 75 140 114 153 121 44 61 160 179 140 120 0 106 147 66 129 120 82 145 127 164 69 28 71 146 73 46 36 36 129 69 173 58 55 149 133 87 54 73 146 205 106 0 150 63 68 28 124 48 170 60 75 130 157 28 80 113 114 135 74 90 47 95 149 37 123 190 167 178 8 135 147 150 0 176 93 132 68 142 58 165 188 172 119 181 98 102 78 45 179 86 184 104 118 162 107 24 116 135 170 184 66 63 176 0 119 89 126 111 175 123 12 80 134 82 46 22 41 74 62 56 129 15 56 106 135 140 74 85 91 188 129 68 93 119 0 42 98 49 132 72 131 157 149 123 63 20 28 52 103 65 162 37 33 138 140 113 44 61 129 206 120 28 132 89 42 0 118 25 161 46 101 147 160 89 55 105 91 95 120 55 59 89 146 39 55 134 162 176 60 90 82 124 68 126 98 118 0 138 50 161 135 104 56 130 83 33 53 77 100 88 177 51 8 153 165 135 25 38 140 228 145 48 142 111 49 25 138 0 178 23 123 172 184 86 98 145 136 144 130 101 16 127 186 26 89 182 203 216 53 78 127 170 58 175 132 161 50 178 0 201 185 144 74 150 106 56 74 94 117 111 200 74 16 176 186 147 8 15 163 251 164 60 165 123 72 46 161 23 201 0 133 189 206 193 110 114 90 57 191 98 194 116 130 172 112 14 126 145 181 189 69 75 188 12 131 101 135 123 185 133 0 78 139 189 116 150 123 95 206 103 159 142 180 143 55 66 184 203 164 122 28 130 172 80 157 147 104 172 144 189 78 0 78 143 103 152 132 122 176 96 90 137 192 83 27 132 204 221 111 50 71 157 119 134 149 160 56 184 74 206 139 78 0 
0 44 98 82 106 113 99 93 111 55 104 8 107 50 114 80 91 66 81 119 94 138 41 64 121 38 109 43 50 47 44 0 140 45 62 69 92 125 129 42 146 50 102 92 97 43 54 108 122 148 55 122 70 97 77 67 65 87 70 51 98 140 0 180 198 209 144 60 99 129 12 95 146 48 170 165 189 33 23 75 192 184 106 99 213 81 205 56 119 111 82 45 180 0 59 44 132 170 174 85 186 85 142 132 129 68 9 148 163 193 13 154 89 114 69 112 50 124 81 96 106 62 198 59 0 29 101 169 161 72 203 112 110 150 88 36 59 165 178 188 54 110 131 158 15 118 16 148 128 91 113 69 209 44 29 0 128 188 185 93 215 118 138 161 117 61 40 177 191 209 34 139 130 156 31 133 13 156 124 110 99 92 144 132 101 128 0 92 68 50 143 107 10 109 26 68 139 116 121 101 137 41 140 162 110 74 116 119 148 52 93 125 60 170 169 188 92 0 39 97 54 96 92 56 118 133 179 48 41 26 180 130 123 129 182 58 180 73 136 78 111 129 99 174 161 185 68 39 0 93 93 115 64 87 94 125 183 84 80 35 184 98 147 159 173 73 175 104 158 78 55 42 129 85 72 93 50 97 93 0 132 63 60 84 60 36 93 97 108 116 92 84 95 119 85 48 84 88 100 19 104 146 12 186 203 215 143 54 93 132 0 102 144 54 169 168 195 38 25 66 198 182 116 111 217 85 210 65 129 113 8 50 95 85 112 118 107 96 115 63 102 0 115 48 122 87 94 64 79 122 97 146 34 56 127 42 115 39 43 55 107 102 146 142 110 138 10 92 64 60 144 115 0 114 30 77 149 120 123 99 147 38 148 170 119 80 125 125 156 60 50 92 48 132 150 161 109 56 87 84 54 48 114 0 132 118 141 16 31 81 144 150 68 73 165 37 157 17 81 67 114 97 170 129 88 117 26 118 94 60 169 122 30 132 0 61 134 141 147 127 131 25 155 178 94 96 104 141 160 69 80 43 165 68 36 61 68 133 125 36 168 87 77 118 61 0 73 132 144 152 70 86 113 140 49 84 50 119 113 55 91 54 189 9 59 40 139 179 183 93 195 94 149 141 134 73 0 157 172 202 6 159 97 121 67 121 48 133 88 105 66 108 33 148 165 177 116 48 84 97 38 64 120 16 141 132 157 0 15 72 160 157 81 83 180 49 172 29 94 79 81 122 23 163 178 191 121 41 80 108 25 79 123 31 147 144 172 15 0 62 175 161 96 97 192 60 186 44 109 89 119 148 75 193 188 209 101 26 35 116 66 122 99 81 127 152 202 72 62 0 203 133 149 154 201 83 200 98 162 99 94 55 192 13 54 34 137 180 184 92 198 97 147 144 131 70 6 160 175 203 0 156 102 126 61 122 42 136 93 106 138 122 184 154 110 139 41 130 98 84 182 146 38 150 25 86 159 157 161 133 156 0 179 201 113 115 126 160 184 91 41 70 106 89 131 130 140 123 147 95 116 34 148 68 155 113 97 81 96 149 102 179 0 27 146 75 131 52 13 88 64 97 99 114 158 156 162 129 159 119 111 56 170 73 178 140 121 83 97 154 126 201 27 0 173 92 158 56 33 110 121 77 213 69 15 31 110 182 173 85 217 127 119 165 94 49 67 180 192 201 61 113 146 173 0 132 19 163 142 104 38 67 81 112 118 133 74 58 73 48 85 42 80 37 96 84 121 49 60 83 122 115 75 92 132 0 127 45 85 30 109 65 205 50 16 13 116 180 175 84 210 115 125 157 104 50 48 172 186 200 42 126 131 158 19 127 0 152 126 102 43 87 56 124 148 156 119 73 104 88 65 39 125 17 141 119 133 29 44 98 136 160 52 56 163 45 152 0 65 72 50 70 119 81 128 124 148 136 158 100 129 43 156 81 160 113 88 94 109 162 93 184 13 33 142 85 126 65 0 96 47 51 111 96 91 110 52 78 78 19 113 55 60 67 69 55 105 79 89 99 106 91 88 110 104 30 102 72 96 0 
