0 97 103 158 67 75 148 165 29 153 110 110 123 170 113 118 150 58 105 150 59 38 135 41 115 90 32 164 41 82 97 0 93 64 62 126 172 68 111 172 173 62 26 73 47 22 140 127 8 114 56 87 57 72 143 118 126 143 135 129 103 93 0 114 42 64 79 124 132 79 104 39 111 126 58 112 51 81 96 49 54 126 76 63 55 39 111 62 114 60 158 64 114 0 105 168 189 10 175 187 214 75 46 12 57 53 145 175 56 106 106 151 38 125 169 150 185 139 192 167 67 62 42 105 0 65 113 114 94 115 112 43 85 117 50 83 93 70 67 84 12 84 73 26 83 56 84 104 91 67 75 126 64 168 65 0 75 178 103 81 47 96 150 180 111 148 91 22 132 110 70 111 133 59 43 28 63 109 61 8 148 172 79 189 113 75 0 199 177 9 73 117 190 201 136 191 53 97 175 93 123 182 151 121 33 60 138 70 135 67 165 68 124 10 114 178 199 0 179 197 224 85 48 5 67 55 155 184 60 116 115 155 48 133 179 160 192 149 200 177 29 111 132 175 94 103 177 179 0 182 133 135 135 184 136 129 179 84 119 178 84 27 157 69 144 119 47 193 56 111 153 172 79 187 115 81 9 197 182 0 82 115 190 199 134 191 47 103 175 88 126 187 149 126 38 65 144 63 142 73 110 173 104 214 112 47 73 224 133 82 0 141 197 226 157 195 113 53 179 144 117 148 178 105 58 65 86 132 80 47 110 62 39 75 43 96 117 85 135 115 141 0 75 87 19 77 79 108 62 52 51 121 37 69 94 76 127 81 133 94 123 26 111 46 85 150 190 48 135 190 197 75 0 53 56 7 153 152 18 122 81 110 55 97 164 140 152 153 161 152 170 73 126 12 117 180 201 5 184 199 226 87 53 0 69 60 156 187 65 116 118 160 50 137 181 162 196 149 204 179 113 47 58 57 50 111 136 67 136 134 157 19 56 69 0 59 97 120 46 67 55 118 23 74 113 93 134 97 141 110 118 22 112 53 83 148 191 55 129 191 195 77 7 60 59 0 156 149 16 126 78 103 60 94 163 138 148 156 157 150 150 140 51 145 93 91 53 155 179 47 113 79 153 156 97 156 0 112 141 41 105 176 107 113 55 64 150 19 150 84 58 127 81 175 70 22 97 184 84 103 53 108 152 187 120 149 112 0 134 129 71 96 143 55 65 48 41 130 39 30 105 8 96 56 67 132 175 60 119 175 179 62 18 65 46 16 141 134 0 113 63 95 52 79 147 122 134 143 143 134 150 114 49 106 84 110 93 116 178 88 144 52 122 116 67 126 41 129 113 0 96 168 70 109 86 82 160 33 163 103 59 56 54 106 12 70 123 115 84 126 117 51 81 118 55 78 105 71 63 96 0 73 78 19 92 65 79 116 86 73 38 87 126 151 84 111 182 155 27 187 148 121 110 160 118 103 176 96 95 168 73 0 137 63 149 122 67 188 76 118 135 57 76 38 73 133 151 48 157 149 178 37 55 50 23 60 107 143 52 70 78 137 0 97 131 113 157 103 164 131 41 72 63 125 26 59 121 133 69 126 105 69 97 137 74 94 113 55 79 109 19 63 97 0 88 61 60 125 67 64 115 143 55 169 83 43 33 179 144 38 58 94 164 181 113 163 55 65 147 86 92 149 131 88 0 27 106 74 104 35 90 118 39 150 56 28 60 160 119 65 65 76 140 162 93 138 64 48 122 82 65 122 113 61 27 0 86 82 86 21 32 126 111 185 84 63 138 192 47 144 86 127 152 196 134 148 150 41 134 160 79 67 157 60 106 86 0 167 9 71 164 143 62 139 104 109 70 149 193 63 132 81 153 149 97 156 19 130 143 33 116 188 103 125 74 82 167 0 168 102 41 135 114 192 91 61 135 200 56 142 80 133 161 204 141 157 150 39 143 163 86 76 164 67 104 86 9 168 0 69 82 129 60 167 67 8 67 177 111 73 47 94 152 179 110 150 84 30 134 103 73 118 131 64 35 21 71 102 69 0 
0 157 155 158 208 169 192 88 155 33 185 126 119 130 184 157 214 211 189 203 111 166 185 113 157 177 186 78 159 132 157 0 65 24 79 20 39 104 36 138 29 165 139 81 46 28 83 55 60 75 118 51 183 95 22 185 170 95 103 78 155 65 0 42 144 53 66 138 100 150 67 208 183 134 111 92 146 107 39 140 162 20 238 141 86 237 227 77 163 132 158 24 42 0 102 14 35 117 60 144 31 182 156 101 69 52 104 69 39 98 135 27 204 112 46 205 193 87 126 98 208 79 144 102 0 91 90 127 56 180 81 163 137 85 33 58 7 51 125 5 123 127 150 104 62 157 133 165 76 81 169 20 53 14 91 0 23 122 55 153 17 184 158 101 58 47 93 55 40 87 137 36 203 114 41 205 189 101 122 98 192 39 66 35 90 23 0 143 68 176 11 203 177 117 61 60 90 44 37 87 156 46 216 133 55 218 202 122 135 114 88 104 138 117 127 122 143 0 83 56 132 70 47 43 111 89 134 144 156 123 29 138 111 25 92 107 108 91 71 46 155 36 100 60 56 55 68 83 0 130 57 137 110 50 29 8 62 61 95 51 90 87 148 67 14 150 134 109 67 46 33 138 150 144 180 153 176 56 130 0 167 95 86 98 159 133 186 188 179 175 78 157 153 81 134 145 153 79 127 101 185 29 67 31 81 17 11 132 57 167 0 192 166 106 51 49 82 40 44 78 145 48 205 122 44 207 191 117 124 103 126 165 208 182 163 184 203 70 137 95 192 0 27 87 159 144 170 195 221 160 47 206 62 70 148 52 69 158 87 91 119 139 183 156 137 158 177 47 110 86 166 27 0 60 133 117 144 169 195 134 21 180 67 44 122 60 67 138 63 64 130 81 134 101 85 101 117 43 50 98 106 87 60 0 74 57 91 109 140 80 41 127 104 19 63 104 93 112 35 4 184 46 111 69 33 58 61 111 29 159 51 159 133 74 0 28 37 36 95 29 115 94 160 93 31 164 145 135 79 70 157 28 92 52 58 47 60 89 8 133 49 144 117 57 28 0 63 56 87 53 97 79 156 74 6 158 142 107 75 54 214 83 146 104 7 93 90 134 62 186 82 170 144 91 37 63 0 49 126 11 130 129 156 110 67 164 139 170 83 88 211 55 107 69 51 55 44 144 61 188 40 195 169 109 36 56 49 0 81 50 150 88 195 128 54 200 179 150 115 105 189 60 39 39 125 40 37 156 95 179 44 221 195 140 95 87 126 81 0 122 174 23 243 151 81 244 229 112 162 137 203 75 140 98 5 87 87 123 51 175 78 160 134 80 29 53 11 50 122 0 119 123 149 99 58 156 132 160 73 77 111 118 162 135 123 137 156 29 90 78 145 47 21 41 115 97 130 150 174 119 0 159 82 23 101 78 79 120 54 45 166 51 20 27 127 36 46 138 87 157 48 206 180 127 94 79 129 88 23 123 159 0 230 136 73 231 219 89 153 124 185 183 238 204 150 203 216 111 148 153 205 62 67 104 160 156 156 195 243 149 82 230 0 99 162 12 18 202 81 106 113 95 141 112 104 114 133 25 67 81 122 70 44 19 93 74 110 128 151 99 23 136 99 0 78 97 91 107 46 23 157 22 86 46 62 41 55 92 14 134 44 148 122 63 31 6 67 54 81 58 101 73 162 78 0 164 148 104 81 59 177 185 237 205 157 205 218 107 150 145 207 52 60 104 164 158 164 200 244 156 78 231 12 97 164 0 28 198 85 107 186 170 227 193 133 189 202 108 134 153 191 69 67 93 145 142 139 179 229 132 79 219 18 91 148 28 0 198 67 95 78 95 77 87 165 101 122 91 109 79 117 158 138 112 135 107 170 150 112 160 120 89 202 107 104 198 198 0 147 112 159 103 163 126 76 122 135 71 67 127 124 87 63 35 79 75 83 115 162 73 54 153 81 46 81 85 67 147 0 35 132 78 132 98 81 98 114 46 46 101 103 91 64 4 70 54 88 105 137 77 45 124 106 23 59 107 95 112 35 0 
0 49 139 55 134 93 18 77 47 123 36 78 55 45 51 93 156 42 139 89 129 56 78 70 183 37 90 25 77 145 49 0 128 104 172 44 54 39 67 121 78 33 59 16 99 73 151 30 148 73 128 43 125 100 173 34 137 70 102 123 139 128 0 171 154 139 123 162 184 28 173 109 84 114 153 55 28 155 56 55 28 88 201 209 45 106 165 161 96 31 55 104 171 0 105 148 57 127 72 148 41 131 92 98 20 135 180 91 152 129 152 102 30 68 209 86 48 39 82 185 134 172 154 105 0 213 120 208 172 126 142 185 123 159 91 154 146 176 105 146 126 143 123 173 172 139 59 135 75 182 93 44 139 148 213 0 97 36 100 140 118 32 92 54 143 86 166 63 172 90 147 72 167 133 182 74 180 112 140 123 18 54 123 57 120 97 0 88 65 106 50 76 39 44 46 81 139 56 121 75 112 46 84 86 166 29 83 38 59 132 77 39 162 127 208 36 88 0 69 158 93 54 98 55 128 107 186 36 186 108 165 81 142 102 207 73 167 89 141 151 47 67 184 72 172 100 65 69 0 169 31 100 101 74 81 133 202 38 186 130 176 96 77 33 228 78 119 37 123 185 123 121 28 148 126 140 106 158 169 0 156 108 68 105 129 54 33 145 35 50 7 78 178 192 61 93 138 144 69 56 36 78 173 41 142 118 50 93 31 156 0 110 89 78 51 129 189 57 169 125 162 92 49 36 216 73 88 12 102 181 78 33 109 131 185 32 76 54 100 108 110 0 62 33 122 55 135 62 140 58 115 42 156 133 153 49 158 101 110 97 55 59 84 92 123 92 39 98 101 68 89 62 0 43 76 43 101 78 90 37 75 20 122 125 128 26 103 77 48 93 45 16 114 98 159 54 44 55 74 105 78 33 43 0 90 60 136 41 132 59 112 27 123 105 159 20 127 68 87 112 51 99 153 20 91 143 46 128 81 129 51 122 76 90 0 119 161 92 132 113 133 90 50 84 190 75 39 44 62 168 93 73 55 135 154 86 81 107 133 54 129 55 43 60 119 0 80 101 87 8 61 37 165 161 100 56 145 118 80 52 156 151 28 180 146 166 139 186 202 33 189 135 101 136 161 80 0 177 41 78 28 110 210 225 29 126 167 177 100 56 42 30 155 91 176 63 56 36 38 145 57 62 78 41 92 101 177 0 168 100 152 67 106 71 200 52 131 53 114 153 139 148 56 152 105 172 121 186 186 35 169 140 90 132 132 87 41 168 0 82 29 105 182 205 67 116 132 157 70 87 89 73 55 129 146 90 75 108 130 50 125 58 37 59 113 8 78 100 82 0 57 34 158 158 100 53 137 113 72 57 129 128 28 152 126 147 112 165 176 7 162 115 75 112 133 61 28 152 29 57 0 85 182 198 57 100 141 150 72 59 56 43 88 102 143 72 46 81 96 78 92 42 20 27 90 37 110 67 105 34 85 0 130 124 133 19 120 81 68 89 78 125 201 30 123 167 84 142 77 178 49 156 122 123 50 165 210 106 182 158 182 130 0 59 239 112 64 55 112 215 70 100 209 68 173 133 86 102 33 192 36 133 125 105 84 161 225 71 205 158 198 124 59 0 252 105 115 48 138 213 183 173 45 209 172 182 166 207 228 61 216 153 128 159 190 100 29 200 67 100 57 133 239 252 0 151 196 204 129 61 37 34 106 86 139 74 29 73 78 93 73 49 26 20 75 56 126 52 116 53 100 19 112 105 151 0 109 62 68 108 90 137 165 48 59 180 83 167 119 138 88 158 103 127 39 145 167 131 132 137 141 120 64 115 196 109 0 83 69 186 25 70 161 39 135 112 38 89 37 144 12 101 77 68 44 118 177 53 157 113 150 81 55 48 204 62 83 0 90 170 77 102 96 82 75 140 59 141 123 69 102 110 48 87 62 80 100 114 70 72 72 68 112 138 129 68 69 90 0 117 145 123 31 185 182 123 132 151 185 56 181 97 93 112 168 52 56 153 87 57 59 89 215 213 61 108 186 170 117 0 
0 50 126 127 56 93 31 66 87 48 42 17 113 46 133 114 126 84 70 164 134 105 138 44 119 122 133 69 88 85 50 0 170 171 49 138 20 81 110 51 79 50 144 93 165 157 167 126 117 209 159 137 172 41 145 167 183 82 49 132 126 170 0 1 140 33 152 109 87 130 91 121 63 118 58 13 13 135 56 39 78 62 50 169 72 143 84 112 214 115 127 171 1 0 141 34 153 110 88 131 92 122 63 119 59 14 14 136 57 38 79 63 51 170 73 143 85 113 215 116 56 49 140 141 0 111 43 36 65 11 52 40 100 100 121 127 134 138 95 179 113 94 129 80 100 176 175 36 98 137 93 138 33 34 111 0 119 83 68 101 60 88 58 86 66 21 35 108 23 72 80 53 63 136 68 124 81 87 181 90 31 20 152 153 43 119 0 70 97 41 61 31 129 75 149 139 149 110 98 191 146 121 156 37 132 150 164 72 64 114 66 81 109 110 36 83 70 0 29 30 36 49 64 102 85 96 101 140 73 148 78 58 93 104 64 172 155 4 130 132 87 110 87 88 65 68 97 29 0 59 47 72 35 113 56 75 76 148 66 124 49 30 64 129 35 176 147 30 159 137 48 51 130 131 11 101 41 30 59 0 41 31 94 91 115 117 125 129 84 169 108 87 122 77 94 167 164 31 100 127 42 79 91 92 52 60 61 36 47 41 0 30 71 67 91 78 88 104 43 130 92 63 96 86 77 136 123 40 124 96 17 50 121 122 40 88 31 49 72 31 30 0 100 60 121 108 118 98 67 160 119 93 126 57 105 136 139 52 94 97 113 144 63 63 100 58 129 64 35 94 71 100 0 129 21 54 50 159 69 96 23 8 29 157 10 181 138 65 193 144 46 93 118 119 100 86 75 102 113 91 67 60 129 0 145 107 121 38 65 150 151 121 146 66 137 76 96 106 116 39 133 165 58 59 121 66 149 85 56 115 91 121 21 145 0 55 45 172 82 85 21 28 11 177 22 190 141 86 213 156 114 157 13 14 127 21 139 96 75 117 78 108 54 107 55 0 15 127 44 52 73 52 49 157 64 139 86 99 202 108 126 167 13 14 134 35 149 101 76 125 88 118 50 121 45 15 0 142 58 48 65 50 37 170 59 153 97 103 212 123 84 126 135 136 138 108 110 140 148 129 104 98 159 38 172 127 142 0 90 159 182 152 171 92 168 41 85 144 140 21 70 117 56 57 95 23 98 73 66 84 43 67 69 65 82 44 58 90 0 94 92 62 81 113 78 112 82 77 158 75 164 209 39 38 179 72 191 148 124 169 130 160 96 150 85 52 48 159 94 0 106 97 74 206 104 158 89 151 252 138 134 159 78 79 113 80 146 78 49 108 92 119 23 151 21 73 65 182 92 106 0 30 32 176 15 204 159 77 208 167 105 137 62 63 94 53 121 58 30 87 63 93 8 121 28 52 50 152 62 97 30 0 35 149 16 174 134 60 185 137 138 172 50 51 129 63 156 93 64 122 96 126 29 146 11 49 37 171 81 74 32 35 0 182 33 187 134 94 220 153 44 41 169 170 80 136 37 104 129 77 86 57 157 66 177 157 170 92 113 206 176 149 182 0 162 133 162 106 50 102 119 145 72 73 100 68 132 64 35 94 77 105 10 137 22 64 59 168 78 104 15 16 33 162 0 190 148 65 194 153 122 167 143 143 176 124 150 172 176 167 136 136 181 76 190 139 153 41 112 158 204 174 187 133 190 0 70 176 180 40 133 183 84 85 175 81 164 155 147 164 123 139 138 96 141 86 97 85 82 89 159 134 134 162 148 70 0 159 212 65 69 82 112 113 36 87 72 4 30 31 40 52 65 106 86 99 103 144 77 151 77 60 94 106 65 176 159 0 131 136 88 49 214 215 98 181 64 130 159 100 124 94 193 116 213 202 212 140 158 252 208 185 220 50 194 180 212 131 0 152 85 132 115 116 137 90 114 132 137 127 96 97 144 39 156 108 123 21 75 138 167 137 153 102 153 40 65 136 152 0 
0 137 48 76 123 8 126 65 67 100 51 149 48 140 79 28 77 57 98 156 9 60 38 17 26 114 97 73 44 28 137 0 184 103 85 135 43 92 173 152 146 28 152 78 169 142 181 88 131 97 137 77 143 120 121 69 185 65 111 165 48 184 0 106 156 49 174 112 53 107 60 197 72 187 99 47 88 99 114 189 47 108 70 65 73 151 83 121 91 24 76 103 106 0 50 69 118 94 75 50 50 128 119 149 149 59 151 33 33 83 69 63 108 65 83 47 82 69 92 98 123 85 156 50 0 117 117 122 123 80 100 113 161 153 190 109 193 69 58 33 118 89 150 110 124 18 122 88 128 148 8 135 49 69 117 0 126 68 60 92 44 148 56 143 87 21 85 52 90 150 2 59 46 16 31 108 90 72 49 32 126 43 174 118 117 126 0 66 176 168 149 30 128 36 138 138 153 92 150 135 128 68 119 110 103 99 195 55 88 152 65 92 112 94 122 68 66 0 127 140 104 95 62 75 77 86 89 61 127 151 70 33 53 53 39 105 152 35 22 88 67 173 53 75 123 60 176 127 0 58 27 193 111 199 141 41 134 85 71 153 58 108 104 74 91 122 32 121 109 64 100 152 107 50 80 92 168 140 58 0 50 177 148 199 179 73 177 80 22 103 91 110 138 97 117 87 44 118 131 111 51 146 60 50 100 44 149 104 27 50 0 166 99 174 130 24 127 58 54 131 42 82 89 54 74 97 48 94 90 61 149 28 197 128 113 148 30 95 193 177 166 0 157 57 168 159 183 108 157 125 150 89 148 132 130 97 209 76 117 177 48 152 72 119 161 56 128 62 111 148 99 157 0 130 31 75 32 92 144 194 57 80 11 54 37 148 142 89 41 50 140 78 187 149 153 143 36 75 199 199 174 57 130 0 132 159 148 119 182 171 145 92 125 127 114 135 221 81 97 163 79 169 99 149 190 87 138 77 141 179 130 168 31 132 0 106 18 121 175 222 88 103 42 84 66 176 173 110 63 79 28 142 47 59 109 21 138 86 41 73 24 159 75 159 106 0 104 54 74 142 19 70 66 33 51 104 69 83 69 40 77 181 88 151 193 85 153 89 134 177 127 183 32 148 18 104 0 124 175 226 86 111 43 86 69 180 166 119 71 70 57 88 99 33 69 52 92 61 85 80 58 108 92 119 121 54 124 0 66 102 54 30 81 42 55 57 103 38 61 84 98 131 114 33 58 90 150 127 71 22 54 157 144 182 175 74 175 66 0 83 89 96 134 91 111 65 64 102 122 114 156 97 189 83 33 150 135 151 153 103 131 125 194 171 222 142 226 102 83 0 151 119 183 143 157 46 147 117 159 181 9 137 47 69 118 2 128 70 58 91 42 150 57 145 88 19 86 54 89 151 0 61 47 18 33 109 88 74 51 30 60 77 108 63 89 59 68 33 108 110 82 89 80 92 103 70 111 30 96 119 61 0 69 43 44 73 129 13 40 88 38 143 70 108 150 46 119 53 104 138 89 148 11 125 42 66 43 81 134 183 47 69 0 43 26 137 135 79 32 46 17 120 65 65 110 16 110 53 74 97 54 132 54 127 84 33 86 42 91 143 18 43 43 0 20 99 102 56 36 45 26 121 73 83 124 31 103 39 91 117 74 130 37 114 66 51 69 55 111 157 33 44 26 20 0 111 120 56 18 49 114 69 151 47 18 108 99 105 122 87 97 97 148 135 176 104 180 57 65 46 109 73 137 99 111 0 127 71 113 139 97 185 83 82 122 90 195 152 32 44 48 209 142 221 173 69 166 103 64 147 88 129 135 102 120 127 0 140 138 96 73 65 121 69 88 72 55 35 121 118 94 76 89 81 110 83 119 38 102 117 74 13 79 56 56 71 140 0 48 101 44 111 91 92 128 49 88 22 109 131 90 117 41 97 63 69 71 61 122 159 51 40 32 36 18 113 138 48 0 67 28 165 24 98 148 32 152 88 64 111 61 177 50 163 79 40 70 84 114 181 30 88 46 45 49 139 96 101 67 0 
0 74 124 135 109 42 151 87 40 72 16 43 41 169 60 138 12 101 172 143 37 104 140 97 93 93 21 111 123 101 74 0 53 102 163 111 77 101 54 94 90 110 39 97 82 88 64 141 100 88 48 60 101 142 43 83 78 38 83 146 124 53 0 88 197 156 28 121 107 143 140 155 92 64 113 58 114 170 67 52 101 53 82 173 75 124 131 31 69 176 135 102 88 0 151 143 107 70 144 188 146 141 127 150 85 34 123 118 153 44 135 42 10 125 144 185 152 112 19 127 109 163 197 151 0 70 225 81 149 178 100 68 145 257 84 175 110 33 260 184 145 151 160 26 197 202 126 200 152 24 42 111 156 143 70 0 184 79 82 108 30 2 82 208 58 157 47 70 211 163 79 123 150 63 135 133 56 149 137 66 151 77 28 107 225 184 0 149 130 161 167 183 116 43 141 74 141 198 46 66 124 79 99 201 88 137 155 45 90 204 87 101 121 70 81 79 149 0 115 156 92 77 102 185 27 94 78 51 188 103 107 70 79 55 143 167 108 131 71 58 40 54 107 144 149 82 130 115 0 44 54 83 18 139 88 138 41 139 142 140 9 106 146 135 56 54 30 85 128 139 72 94 143 188 178 108 161 156 44 0 78 110 62 161 129 181 78 173 164 182 53 150 190 168 76 37 52 116 172 172 16 90 140 146 100 30 167 92 54 78 0 32 57 185 66 152 27 97 188 157 52 118 151 91 108 103 26 127 135 95 43 110 155 141 68 2 183 77 83 110 32 0 82 207 56 155 47 68 210 161 80 122 148 61 135 135 58 148 135 64 41 39 92 127 145 82 116 102 18 62 57 82 0 130 76 120 35 130 133 122 9 88 128 128 53 65 40 73 110 132 169 97 64 150 257 208 43 185 139 161 185 207 130 0 173 117 161 232 3 109 136 117 142 233 86 130 168 59 132 237 60 82 113 85 84 58 141 27 88 129 66 56 76 173 0 100 51 59 176 108 80 69 92 60 121 141 81 116 79 64 138 88 58 34 175 157 74 94 138 181 152 155 120 117 100 0 126 145 120 10 129 34 25 149 125 171 152 87 23 152 12 64 114 123 110 47 141 78 41 78 27 47 35 161 51 126 0 98 164 131 35 92 128 94 88 95 30 102 111 98 101 141 170 118 33 70 198 51 139 173 97 68 130 232 59 145 98 0 235 154 132 121 128 8 179 193 121 175 122 9 172 100 67 153 260 211 46 188 142 164 188 210 133 3 176 120 164 235 0 112 139 120 145 236 89 132 171 62 135 240 143 88 52 44 184 163 66 103 140 182 157 161 122 109 108 10 131 154 112 0 131 40 35 158 123 169 156 83 32 161 37 48 101 135 145 79 124 107 9 53 52 80 9 136 80 129 35 132 139 131 0 97 137 129 56 61 32 81 119 133 104 60 53 42 151 123 79 70 106 150 118 122 88 117 69 34 92 121 120 40 97 0 41 125 102 143 118 73 23 128 140 101 82 10 160 150 99 79 146 190 151 148 128 142 92 25 128 128 145 35 137 41 0 134 143 184 156 108 18 136 97 142 173 125 26 63 201 55 135 168 91 61 128 233 60 149 94 8 236 158 129 125 134 0 178 189 116 176 126 4 93 43 75 144 197 135 88 143 56 76 108 135 53 86 121 125 88 179 89 123 56 102 143 178 0 49 86 44 125 182 93 83 124 185 202 133 137 167 54 37 103 135 65 130 141 171 95 193 132 169 61 143 184 189 49 0 77 93 166 193 21 78 131 152 126 56 155 108 30 52 26 58 40 168 81 152 30 121 171 156 32 118 156 116 86 77 0 113 139 120 111 38 31 112 200 149 45 131 85 116 127 148 73 59 116 87 102 175 62 83 81 73 108 176 44 93 113 0 93 180 123 83 69 19 152 137 90 71 128 172 135 135 110 132 79 23 111 122 135 32 119 23 18 126 125 166 139 93 0 129 101 146 176 127 24 66 204 58 139 172 95 64 132 237 64 152 98 9 240 161 133 128 136 4 182 193 120 180 129 0 
0 57 126 54 30 27 115 53 53 121 93 31 189 14 78 69 34 33 107 126 39 141 115 77 118 52 113 109 108 101 57 0 178 3 44 84 159 24 25 137 98 75 209 69 98 126 91 90 150 157 95 118 165 134 110 9 129 100 82 158 126 178 0 176 135 105 38 162 161 113 127 134 133 112 106 77 103 105 43 79 107 195 15 62 157 176 110 154 181 60 54 3 176 0 42 81 157 24 25 137 98 72 209 66 97 123 88 87 148 155 92 120 163 131 110 7 129 100 84 155 30 44 135 42 0 54 115 27 27 102 68 61 173 34 59 93 61 60 106 115 68 111 121 97 90 44 94 80 78 123 27 84 105 81 54 0 101 79 79 125 104 30 187 20 85 42 7 6 94 121 14 161 96 51 133 79 117 124 130 74 115 159 38 157 115 101 0 139 138 75 93 131 102 101 74 89 102 104 9 42 109 160 24 74 122 159 73 120 149 85 53 24 162 24 27 79 139 0 1 113 74 79 185 60 74 120 86 85 130 133 92 99 148 124 86 30 105 76 63 150 53 25 161 25 27 79 138 1 0 112 73 79 184 60 73 120 86 85 129 132 92 98 147 124 85 31 104 75 62 150 121 137 113 137 102 125 75 113 112 0 39 149 72 111 43 137 129 130 70 37 138 91 98 127 54 142 8 57 92 147 93 98 127 98 68 104 93 74 73 39 0 124 111 87 23 128 110 110 86 69 118 68 112 122 32 104 33 27 57 146 31 75 134 72 61 30 131 79 79 149 124 0 215 38 107 63 31 29 124 149 27 172 126 75 149 67 142 140 139 96 189 209 133 209 173 187 102 185 184 72 111 215 0 178 114 187 190 192 104 67 199 144 124 174 115 214 80 123 157 187 14 69 112 66 34 20 101 60 60 111 87 38 178 0 69 60 27 26 93 113 34 141 101 65 114 65 104 105 110 91 78 98 106 97 59 85 74 74 73 43 23 107 114 69 0 105 90 91 66 59 99 91 91 99 55 101 35 50 75 123 69 126 77 123 93 42 89 120 120 137 128 63 187 60 105 0 36 38 84 121 36 192 73 15 159 121 131 152 166 33 34 91 103 88 61 7 102 86 86 129 110 31 190 27 90 36 0 2 95 123 9 168 95 46 139 85 122 131 137 69 33 90 105 87 60 6 104 85 85 130 110 29 192 26 91 38 2 0 97 125 8 167 97 48 139 84 123 130 136 71 107 150 43 148 106 94 9 130 129 70 86 124 104 93 66 84 95 97 0 40 102 153 28 70 115 150 67 113 141 83 126 157 79 155 115 121 42 133 132 37 69 149 67 113 59 121 123 125 40 0 132 128 66 109 90 159 39 92 126 123 39 95 107 92 68 14 109 92 92 138 118 27 199 34 99 36 9 8 102 132 0 175 100 48 147 88 131 138 144 69 141 118 195 120 111 161 160 99 98 91 68 172 144 141 91 192 168 167 153 128 175 0 180 189 38 127 89 41 36 214 115 165 15 163 121 96 24 148 147 98 112 126 124 101 91 73 95 97 28 66 100 180 0 58 142 163 95 139 166 63 77 134 62 131 97 51 74 124 124 127 122 75 174 65 99 15 46 48 70 109 48 189 58 0 154 129 122 148 165 26 118 110 157 110 90 133 122 86 85 54 32 149 115 114 55 159 139 139 115 90 147 38 142 154 0 116 51 10 42 178 52 9 176 7 44 79 159 30 31 142 104 67 214 65 101 121 85 84 150 159 88 127 163 129 116 0 134 106 91 153 113 129 110 129 94 117 73 105 104 8 33 142 80 104 35 131 122 123 67 39 131 89 95 122 51 134 0 53 87 143 109 100 154 100 80 124 120 76 75 57 27 140 123 105 50 152 131 130 113 92 138 41 139 148 10 106 53 0 35 173 108 82 181 84 78 130 149 63 62 92 57 139 157 110 75 166 137 136 141 126 144 36 166 165 42 91 87 35 0 191 101 158 60 155 123 74 85 150 150 147 146 96 187 91 123 33 69 71 83 123 69 214 63 26 178 153 143 173 191 0 
0 108 128 155 132 98 44 55 84 122 58 52 130 87 65 134 105 71 115 125 73 65 27 178 66 25 97 34 82 97 108 0 65 60 28 150 94 116 51 15 53 63 39 134 45 82 94 65 29 75 177 43 100 76 152 114 109 122 74 34 128 65 0 117 52 199 91 158 44 73 95 104 33 183 72 147 48 57 36 140 178 83 134 123 143 119 69 155 51 96 155 60 117 0 65 162 151 142 111 47 97 103 84 147 100 56 154 125 83 56 228 92 139 27 208 166 169 160 134 58 132 28 52 65 0 178 111 144 60 25 80 90 19 162 67 102 93 76 23 96 197 69 127 71 168 134 112 149 81 60 98 150 199 162 178 0 139 45 158 157 104 95 187 16 127 111 194 152 172 107 144 116 74 189 158 123 191 66 167 119 44 94 91 151 111 139 0 94 52 109 63 63 102 126 51 147 61 35 89 138 88 61 65 170 58 28 53 78 41 98 55 116 158 142 144 45 94 0 116 126 65 55 150 32 86 103 150 108 134 96 112 77 29 169 118 80 146 28 123 90 84 51 44 111 60 158 52 116 0 65 55 63 50 142 31 124 45 17 37 115 140 44 90 126 109 78 58 111 23 70 122 15 73 47 25 157 109 126 65 0 66 75 42 141 60 77 107 80 37 71 192 57 113 61 167 129 122 135 88 38 58 53 95 97 80 104 63 65 55 66 0 10 85 88 24 84 96 54 69 75 131 12 47 120 114 71 102 69 69 39 52 63 104 103 90 95 63 55 63 75 10 0 95 79 32 85 102 60 79 76 125 22 38 128 111 68 107 60 75 45 130 39 33 84 19 187 102 150 50 42 85 95 0 171 66 119 77 67 16 113 190 73 130 90 159 128 96 152 68 73 87 134 183 147 162 16 126 32 142 141 88 79 171 0 111 98 179 137 156 94 140 100 61 174 149 112 178 57 152 103 65 45 72 100 67 127 51 86 31 60 24 32 66 111 0 100 74 32 50 91 132 13 64 120 108 69 81 86 47 48 134 82 147 56 102 111 147 103 124 77 84 85 119 98 100 0 169 132 111 9 205 87 110 82 196 153 180 127 146 54 105 94 48 154 93 194 61 150 45 107 96 102 77 179 74 169 0 42 71 160 140 87 121 164 101 88 21 138 27 115 71 65 57 125 76 152 35 108 17 80 54 60 67 137 32 132 42 0 54 123 123 45 81 141 92 62 49 100 15 78 115 29 36 83 23 172 89 134 37 37 69 79 16 156 50 111 71 54 0 104 176 57 114 93 146 114 89 136 58 61 125 75 140 56 96 107 138 96 115 71 75 76 113 94 91 9 160 123 104 0 197 78 102 82 187 144 172 119 137 45 73 177 178 228 197 144 88 112 140 192 131 125 190 140 132 205 140 123 176 197 0 136 95 251 41 63 122 84 127 170 65 43 83 92 69 116 61 77 44 57 12 22 73 100 13 87 87 45 57 78 136 0 58 115 116 74 94 80 60 37 27 100 134 139 127 74 65 29 90 113 47 38 130 61 64 110 121 81 114 102 95 58 0 165 93 52 117 22 95 82 178 76 123 27 71 189 170 169 126 61 120 128 90 174 120 82 164 141 93 82 251 115 165 0 228 189 182 186 149 83 66 152 143 208 168 158 58 118 109 167 114 111 159 149 108 196 101 92 146 187 41 116 93 228 0 43 82 92 92 153 25 114 119 166 134 123 28 80 78 129 71 68 128 112 69 153 88 62 114 144 63 74 52 189 43 0 77 58 69 110 97 109 69 169 112 191 53 146 58 122 102 107 96 178 81 180 21 49 89 172 122 94 117 182 82 77 0 131 35 127 34 122 155 160 149 66 78 28 111 135 69 60 152 57 86 127 138 100 136 119 84 80 22 186 92 58 131 0 113 103 82 74 51 134 81 167 41 123 23 88 69 75 68 152 47 146 27 15 58 137 127 60 95 149 92 69 35 113 0 92 97 34 96 58 60 119 98 90 70 38 39 45 73 103 48 54 115 78 61 45 170 37 82 83 153 110 127 103 92 0 
0 120 181 194 252 114 184 49 152 180 118 105 234 157 63 163 111 170 152 117 98 36 75 227 145 57 52 45 85 108 120 0 65 75 150 24 156 71 124 171 20 50 140 140 79 65 40 62 70 66 30 90 46 115 32 72 85 83 119 51 181 65 0 52 140 67 199 133 172 220 64 85 140 190 144 39 76 75 105 121 95 147 110 98 63 137 150 148 184 110 194 75 52 0 88 92 161 145 140 185 87 116 88 158 142 88 106 37 71 101 96 165 119 47 49 139 150 151 172 97 252 150 140 88 0 172 141 210 140 170 167 197 24 153 191 176 187 88 100 137 159 232 185 42 118 195 202 207 202 144 114 24 67 92 172 0 178 66 144 191 5 26 163 160 85 52 16 85 94 86 44 80 45 135 55 74 87 83 130 70 184 156 199 161 141 178 0 166 35 29 175 196 117 27 127 218 190 126 94 92 135 185 153 149 138 141 137 146 102 108 49 71 133 145 210 66 166 0 131 169 69 61 194 141 40 116 64 123 112 82 51 22 26 180 97 25 34 25 83 69 152 124 172 140 140 144 35 131 0 48 142 162 116 18 92 187 156 103 69 58 101 150 118 138 110 106 102 111 74 74 180 171 220 185 170 191 29 169 48 0 189 209 146 31 129 235 203 149 116 105 148 186 161 177 158 144 137 147 96 121 118 20 64 87 167 5 175 69 142 189 0 30 158 158 86 51 20 80 90 84 43 84 47 130 50 76 89 85 131 68 105 50 85 116 197 26 196 61 162 209 30 0 188 178 92 58 10 110 119 104 61 69 51 160 80 79 92 85 138 88 234 140 140 88 24 163 117 194 116 146 158 188 0 129 173 176 178 78 82 119 144 216 170 48 108 177 184 189 181 126 157 140 190 158 153 160 27 141 18 31 158 178 129 0 102 204 172 121 87 74 117 160 131 155 128 116 111 121 75 90 63 79 144 142 191 85 127 40 92 129 86 92 173 102 0 137 91 112 91 54 49 58 41 168 93 15 11 19 46 47 163 65 39 88 176 52 218 116 187 235 51 58 176 204 137 0 52 103 125 130 94 127 97 135 80 126 139 135 182 116 111 40 76 106 187 16 190 64 156 203 20 10 178 172 91 52 0 100 110 98 55 75 50 150 70 78 91 86 137 82 170 62 75 37 88 85 126 123 103 149 80 110 78 121 112 103 100 0 34 66 72 145 98 57 30 113 122 125 137 65 152 70 105 71 100 94 94 112 69 116 90 119 82 87 91 125 110 34 0 38 64 134 89 81 45 95 102 107 107 44 117 66 121 101 137 86 92 82 58 105 84 104 119 74 54 130 98 66 38 0 43 104 64 118 59 61 65 72 71 16 98 30 95 96 159 44 135 51 101 148 43 61 144 117 49 94 55 72 64 43 0 73 26 129 47 44 56 56 89 27 36 90 147 165 232 80 185 22 150 186 84 69 216 160 58 127 75 145 134 104 73 0 47 202 118 44 49 39 96 91 75 46 110 119 185 45 153 26 118 161 47 51 170 131 41 97 50 98 89 64 26 47 0 155 71 29 42 38 87 48 227 115 98 47 42 135 149 180 138 177 130 160 48 155 168 135 150 57 81 118 129 202 155 0 84 170 179 182 188 121 145 32 63 49 118 55 138 97 110 158 50 80 108 128 93 80 70 30 45 59 47 118 71 84 0 90 101 102 125 50 57 72 137 139 195 74 141 25 106 144 76 79 177 116 15 126 78 113 95 61 44 44 29 170 90 0 13 12 61 51 52 85 150 150 202 87 137 34 102 137 89 92 184 111 11 139 91 122 102 65 56 49 42 179 101 13 0 10 49 58 45 83 148 151 207 83 146 25 111 147 85 85 189 121 19 135 86 125 107 72 56 39 38 182 102 12 10 0 59 63 85 119 184 172 202 130 102 83 74 96 131 138 181 75 46 182 137 137 107 71 89 96 87 188 125 61 49 59 0 75 108 51 110 97 144 70 108 69 74 121 68 88 126 90 47 116 82 65 44 16 27 91 48 121 50 51 58 63 75 0 
0 34 124 46 142 49 105 104 128 42 53 132 132 55 56 152 78 80 40 136 92 83 58 67 95 62 156 80 113 127 34 0 92 51 110 83 71 87 94 57 32 99 101 88 55 122 57 71 26 104 118 50 52 89 71 88 124 46 89 93 124 92 0 106 92 171 62 64 40 147 74 16 96 169 137 112 57 84 110 12 180 66 131 147 41 180 99 62 120 68 46 51 106 0 155 74 113 66 125 88 36 119 148 65 99 169 50 37 74 118 76 94 99 43 69 105 168 89 140 135 142 110 92 155 0 190 42 146 52 138 119 79 15 197 115 20 124 153 106 94 228 61 108 196 118 173 14 66 54 24 49 83 171 74 190 0 154 140 177 62 98 181 177 22 87 197 120 111 84 183 68 132 91 62 139 49 204 129 154 176 105 71 62 113 42 154 0 107 33 111 77 55 39 159 92 59 82 111 74 68 187 22 85 156 79 147 55 25 58 22 104 87 64 66 146 140 107 0 100 142 55 80 146 130 142 165 31 30 113 71 130 98 139 99 28 166 157 92 157 122 128 94 40 125 52 177 33 100 0 140 89 27 58 181 124 72 84 113 102 42 201 50 117 168 73 175 59 50 89 29 42 57 147 88 138 62 111 142 140 0 87 151 125 79 25 142 113 120 38 159 123 90 31 105 128 36 152 90 95 131 53 32 74 36 119 98 77 55 89 87 0 85 113 95 87 134 26 41 58 86 112 59 84 79 42 114 132 54 112 99 132 99 16 119 79 181 55 80 27 151 85 0 85 180 138 99 72 99 113 15 195 65 131 162 56 186 86 62 113 56 132 101 96 148 15 177 39 146 58 125 113 85 0 187 101 21 121 150 93 100 219 54 94 189 118 159 28 60 39 29 55 88 169 65 197 22 159 130 181 79 95 180 187 0 103 207 114 100 95 181 46 138 107 42 133 71 211 134 167 181 56 55 137 99 115 87 92 142 124 25 87 138 101 103 0 118 111 125 29 148 145 74 7 123 124 58 129 76 70 110 152 122 112 169 20 197 59 165 72 142 134 99 21 207 118 0 141 170 113 114 240 75 111 210 137 176 19 81 51 44 78 57 57 50 124 120 82 31 84 113 26 72 121 114 111 141 0 29 82 68 123 69 108 90 19 140 136 63 128 101 80 71 84 37 153 111 111 30 113 120 41 99 150 100 125 170 29 0 97 94 100 97 123 69 43 141 165 91 153 130 40 26 110 74 106 84 74 113 102 38 58 113 93 95 29 113 82 97 0 121 132 53 26 105 95 73 120 52 73 95 136 104 12 118 94 183 68 71 42 159 86 15 100 181 148 114 68 94 121 0 191 76 142 158 51 192 101 73 126 71 92 118 180 76 228 68 187 130 201 123 112 195 219 46 145 240 123 100 132 191 0 167 148 33 141 117 242 162 205 209 83 50 66 94 61 132 22 98 50 90 59 65 54 138 74 75 69 97 53 76 167 0 68 135 71 126 75 6 59 44 58 52 131 99 108 91 85 139 117 31 84 131 94 107 7 111 108 123 26 142 148 68 0 125 120 65 122 69 64 103 67 89 147 43 196 62 156 99 168 105 79 162 189 42 123 210 90 69 105 158 33 135 125 0 109 108 210 131 177 178 95 71 41 69 118 139 79 28 73 128 42 56 118 133 124 137 19 43 95 51 141 71 120 109 0 156 129 65 130 94 62 88 180 105 173 49 147 166 175 36 114 186 159 71 58 176 140 141 73 192 117 126 65 108 156 0 187 125 128 167 156 124 99 168 14 204 55 157 59 152 132 86 28 211 129 19 136 165 120 101 242 75 122 210 129 187 0 80 65 35 80 46 62 89 66 129 25 92 50 90 54 62 60 134 76 81 63 91 52 73 162 6 69 131 65 125 80 0 65 47 113 89 120 140 54 154 58 157 89 95 112 113 39 167 70 51 128 153 73 126 205 59 64 177 130 128 65 65 0 63 127 93 68 135 24 176 22 122 29 131 99 56 29 181 110 44 101 130 95 71 209 44 103 178 94 167 35 47 63 0 
0 178 122 199 153 32 47 121 30 217 147 102 9 102 38 217 139 75 165 206 71 204 32 90 112 116 203 143 178 187 178 0 100 52 28 146 136 59 159 86 177 82 176 171 140 81 85 128 48 76 165 30 148 101 158 128 30 131 42 85 122 100 0 91 93 92 76 54 120 99 79 42 116 73 87 100 20 122 123 88 76 113 104 101 58 28 130 38 75 164 199 52 91 0 74 167 153 79 186 34 156 97 195 164 161 29 71 166 100 26 167 36 173 138 148 118 69 109 21 137 153 28 93 74 0 122 114 42 133 107 172 64 152 159 116 102 83 100 32 96 148 58 122 73 149 120 50 128 58 73 32 146 92 167 122 0 16 89 32 186 130 70 30 88 6 185 108 60 137 174 59 172 16 65 94 91 172 118 146 163 47 136 76 153 114 16 0 78 47 170 116 56 42 76 13 170 92 68 131 159 49 161 31 66 80 75 163 102 132 161 121 59 54 79 42 89 78 0 107 104 132 23 119 117 83 102 50 89 70 92 107 83 94 62 107 80 88 91 58 110 30 159 120 186 133 32 47 107 0 209 162 92 36 119 34 208 135 45 139 197 89 188 16 63 126 122 182 148 165 159 217 86 99 34 107 186 170 104 209 0 149 117 212 166 180 6 79 193 134 12 175 67 194 166 148 121 101 104 49 171 147 177 79 156 172 130 116 132 162 149 0 116 138 46 129 153 92 181 202 142 76 184 146 169 36 53 207 47 144 242 102 82 42 97 64 70 56 23 92 117 116 0 98 96 64 116 47 82 90 105 84 105 77 60 88 63 111 80 76 127 9 176 116 195 152 30 42 119 36 212 138 98 0 93 36 212 134 80 166 201 62 202 33 91 103 109 202 136 174 189 102 171 73 164 159 88 76 117 119 166 46 96 93 0 88 169 93 144 186 157 31 186 104 137 18 46 201 63 148 223 38 140 87 161 116 6 13 83 34 180 129 64 36 88 0 179 103 58 131 168 60 166 18 60 93 88 166 114 140 158 217 81 100 29 102 185 170 102 208 6 153 116 212 169 179 0 80 191 129 12 176 61 193 163 151 123 95 108 46 165 139 85 20 71 83 108 92 50 135 79 92 47 134 93 103 80 0 129 115 68 96 95 119 107 77 47 115 46 55 156 75 128 122 166 100 60 68 89 45 193 181 82 80 144 58 191 129 0 100 181 117 158 47 28 146 133 146 157 145 115 165 48 123 100 32 137 131 70 139 134 202 90 166 186 131 129 115 100 0 124 172 74 133 76 177 150 50 160 87 41 206 76 88 26 96 174 159 92 197 12 142 105 201 157 168 12 68 181 124 0 164 61 182 154 139 111 95 97 38 161 71 165 76 167 148 59 49 107 89 175 76 84 62 31 60 176 96 117 172 164 0 185 75 114 42 57 195 82 149 206 204 30 113 36 58 172 161 83 188 67 184 105 202 186 166 61 95 158 74 61 185 0 176 131 171 141 34 137 40 107 32 148 104 173 122 16 31 94 16 194 146 77 33 104 18 193 119 47 133 182 75 176 0 58 110 106 172 132 152 156 90 101 101 138 73 65 66 62 63 166 169 60 91 137 60 163 107 28 76 154 114 131 58 0 136 118 120 139 117 98 112 158 58 148 149 94 80 107 126 148 36 88 103 18 93 151 77 146 177 139 42 171 110 136 0 30 188 45 132 215 116 128 28 118 120 91 75 80 122 121 53 63 109 46 88 123 47 133 150 111 57 141 106 118 30 0 158 27 102 190 203 30 130 69 50 172 163 88 182 101 207 111 202 201 166 95 115 146 50 95 195 34 172 120 188 158 0 161 67 74 143 131 38 109 128 118 102 91 148 104 47 80 136 63 114 108 46 157 160 97 82 137 132 139 45 27 161 0 97 201 178 42 75 21 58 146 132 58 165 49 144 76 174 148 140 46 55 145 87 38 149 40 152 117 132 102 67 97 0 126 187 85 164 137 73 163 161 110 159 171 242 127 189 223 158 165 156 115 41 161 206 107 156 98 215 190 74 201 126 0 
0 52 107 34 120 118 89 114 73 113 167 71 36 109 96 112 46 50 72 63 51 111 53 72 167 52 121 43 87 87 52 0 153 83 139 127 82 137 125 137 218 90 84 105 148 164 52 50 89 12 18 125 4 32 217 44 173 60 124 133 107 153 0 103 195 204 191 182 79 180 140 159 71 206 45 81 150 114 161 160 158 195 151 179 139 159 96 97 142 20 34 83 103 0 98 102 88 88 44 87 135 56 43 103 78 83 52 83 58 94 76 94 84 94 134 64 90 73 55 85 120 139 195 98 0 23 67 16 118 19 153 50 141 53 157 141 87 167 50 150 121 17 143 123 153 95 135 163 55 179 118 127 204 102 23 0 49 37 129 40 174 47 144 31 169 156 78 162 46 138 109 10 131 108 174 84 153 160 70 187 89 82 191 88 67 49 0 74 128 75 196 41 123 23 165 163 43 123 37 92 64 50 86 60 196 41 164 126 86 171 114 137 182 88 16 37 74 0 103 3 137 47 131 64 142 125 85 162 49 149 121 28 141 126 137 95 119 156 40 167 73 125 79 44 118 129 128 103 0 101 96 89 56 138 40 39 96 113 93 136 120 119 126 138 95 108 48 97 63 66 113 137 180 87 19 40 75 3 101 0 134 47 130 67 140 122 85 162 49 149 121 31 141 127 134 95 116 156 38 165 167 218 140 135 153 174 196 137 96 134 0 155 151 197 98 63 179 209 159 229 210 165 219 225 1 192 49 192 111 139 71 90 159 56 50 47 41 47 89 47 155 0 97 49 128 123 38 117 4 102 74 40 94 81 155 49 123 114 45 141 36 84 71 43 141 144 123 131 56 130 151 97 0 141 66 90 80 58 99 93 87 137 83 108 150 88 102 41 97 51 109 105 206 103 53 31 23 64 138 67 197 49 141 0 177 171 64 146 45 115 87 36 109 82 197 64 170 148 87 188 96 148 45 78 157 169 165 142 40 140 98 128 66 177 0 37 130 122 132 158 147 159 148 167 97 141 52 105 102 41 112 164 81 83 141 156 163 125 39 122 63 123 90 171 37 0 135 148 127 175 159 146 165 177 62 147 15 131 86 78 46 52 150 52 87 78 43 85 96 85 179 38 80 64 130 135 0 84 37 64 36 74 56 46 178 13 139 84 75 130 50 50 114 83 167 162 123 162 113 162 209 117 58 146 122 148 84 0 118 51 64 157 46 82 208 82 160 17 137 96 72 89 161 58 50 46 37 49 93 49 159 4 99 45 132 127 37 118 0 101 72 39 93 78 159 46 127 114 49 143 63 12 160 94 150 138 92 149 136 149 229 102 93 115 158 175 64 51 101 0 29 136 10 36 228 55 184 65 136 141 51 18 158 76 121 109 64 121 120 121 210 74 87 87 147 159 36 64 72 29 0 107 22 21 209 26 166 72 111 138 111 125 195 94 17 10 50 28 119 31 165 40 137 36 159 146 74 157 39 136 107 0 129 107 165 81 143 153 60 177 53 4 151 84 143 131 86 141 126 141 219 94 83 109 148 165 56 46 93 10 22 129 0 36 218 48 174 58 127 132 72 32 179 94 123 108 60 126 138 127 225 81 108 82 167 177 46 82 78 36 21 107 36 0 224 33 184 91 121 159 167 217 139 134 153 174 196 137 95 134 1 155 150 197 97 62 178 208 159 228 209 165 218 224 0 191 48 191 110 138 52 44 159 64 95 84 41 95 108 95 192 49 88 64 141 147 13 82 46 55 26 81 48 33 191 0 152 85 88 139 121 173 96 90 135 153 164 119 48 116 49 123 102 170 52 15 139 160 127 184 166 143 174 184 48 152 0 143 83 93 43 60 97 73 163 160 126 156 97 156 192 114 41 148 105 131 84 17 114 65 72 153 58 91 191 85 143 0 128 79 87 124 142 55 55 70 86 40 63 38 111 45 97 87 102 86 75 137 49 136 111 60 127 121 110 88 83 128 0 127 87 133 20 85 179 187 171 167 66 165 139 141 51 188 41 78 130 96 143 141 138 177 132 159 138 139 93 79 127 0 
