0 166 55 112 186 171 135 166 41 194 138 46 82 150 146 115 87 147 141 156 129 36 46 115 214 97 78 115 117 149 166 0 143 58 97 66 41 94 156 56 142 126 84 61 59 99 99 95 56 122 81 151 131 51 58 118 90 58 122 129 55 143 0 85 191 129 124 172 85 185 83 66 67 110 107 129 46 157 137 103 134 78 72 94 181 44 75 106 140 95 112 58 85 0 124 67 47 111 111 103 99 79 32 47 42 87 42 101 67 91 79 105 86 14 102 64 46 40 108 93 186 97 191 124 0 163 77 20 154 53 223 140 125 153 149 71 160 39 57 212 57 154 140 110 144 186 116 87 79 215 171 66 129 67 163 0 93 157 177 122 91 145 98 21 26 148 85 153 114 64 135 171 152 75 61 88 113 99 171 73 135 41 124 47 77 93 0 65 119 61 146 91 57 79 75 59 86 60 21 135 42 115 95 33 99 110 57 20 82 138 166 94 172 111 20 157 65 0 134 60 210 120 108 144 140 51 145 19 44 200 38 134 120 97 146 171 97 72 59 203 41 156 85 111 154 177 119 134 0 172 164 32 79 156 151 83 101 115 119 177 101 7 25 108 209 119 66 99 80 172 194 56 185 103 53 122 61 60 172 0 196 148 118 117 115 95 145 72 53 178 74 170 151 91 92 167 116 80 112 185 138 142 83 99 223 91 146 210 164 196 0 137 109 82 83 179 70 199 166 31 176 157 145 113 152 46 125 138 197 20 46 126 66 79 140 145 91 120 32 148 137 0 47 124 119 70 71 101 95 147 83 26 8 78 179 91 36 71 76 143 82 84 67 32 125 98 57 108 79 118 109 47 0 77 73 70 39 94 70 110 71 73 54 33 133 65 17 39 88 109 150 61 110 47 153 21 79 144 156 117 82 124 77 0 5 131 65 139 100 61 119 150 131 56 74 71 93 82 153 68 146 59 107 42 149 26 75 140 151 115 83 119 73 5 0 126 61 135 96 64 114 145 126 51 75 69 88 77 148 70 115 99 129 87 71 148 59 51 83 95 179 70 70 131 126 0 109 32 46 178 21 83 69 75 157 135 55 49 23 178 87 99 46 42 160 85 86 145 101 145 70 71 39 65 61 109 0 132 104 76 109 94 79 54 135 26 55 73 127 72 147 95 157 101 39 153 60 19 115 72 199 101 94 139 135 32 132 0 40 192 23 115 101 87 150 158 82 61 41 194 141 56 137 67 57 114 21 44 119 53 166 95 70 100 96 46 104 40 0 156 25 117 98 53 113 129 65 31 67 159 156 122 103 91 212 64 135 200 177 178 31 147 110 61 64 178 76 192 156 0 170 170 155 105 124 59 127 131 198 11 129 81 134 79 57 135 42 38 101 74 176 83 71 119 114 21 109 23 25 170 0 100 83 65 138 135 59 39 42 172 36 151 78 105 154 171 115 134 7 170 157 26 73 150 145 83 94 115 117 170 100 0 20 103 204 112 61 96 82 165 46 131 72 86 140 152 95 120 25 151 145 8 54 131 126 69 79 101 98 155 83 20 0 83 184 99 41 76 72 151 115 51 94 14 110 75 33 97 108 91 113 78 33 56 51 75 54 87 53 105 65 103 83 0 101 77 42 26 97 107 214 58 181 102 144 61 99 146 209 92 152 179 133 74 75 157 135 150 113 124 138 204 184 101 0 144 143 114 180 134 97 118 44 64 186 88 110 171 119 167 46 91 65 71 69 135 26 158 129 59 135 112 99 77 144 0 81 99 153 53 78 90 75 46 116 113 57 97 66 116 125 36 17 93 88 55 55 82 65 127 59 61 41 42 143 81 0 37 72 126 115 58 106 40 87 99 20 72 99 80 138 71 39 82 77 49 73 61 31 131 39 96 76 26 114 99 37 0 72 133 117 122 140 108 79 171 82 59 80 112 197 76 88 153 148 23 127 41 67 198 42 82 72 97 180 153 72 72 0 197 149 129 95 93 215 73 138 203 172 185 20 143 109 68 70 178 72 194 159 11 172 165 151 107 134 53 126 133 197 0 
0 18 189 79 139 180 24 18 130 93 169 150 100 89 81 100 137 49 18 154 111 127 122 155 108 24 176 101 30 131 18 0 180 83 138 169 25 34 136 76 164 132 93 72 73 96 119 57 33 148 93 112 128 148 91 22 164 84 21 127 189 180 0 137 91 24 166 207 148 167 45 148 90 166 108 97 140 166 186 46 177 88 148 38 123 165 43 167 160 76 79 83 137 0 63 137 58 92 55 133 103 168 54 129 53 41 153 35 66 93 152 114 47 99 118 61 142 140 65 64 139 138 91 63 0 101 115 154 57 166 48 180 58 163 76 45 167 98 128 46 183 113 57 57 135 117 114 171 117 22 180 169 24 137 101 0 158 198 157 147 62 124 85 146 100 96 117 162 179 55 156 68 155 44 103 157 19 147 150 82 24 25 166 58 115 158 0 41 111 90 145 141 76 86 58 76 127 34 23 130 109 109 103 131 95 4 155 98 14 107 18 34 207 92 154 198 41 0 139 106 186 166 117 103 99 117 152 58 26 171 123 145 131 172 125 42 194 114 48 148 130 136 148 55 57 157 111 139 0 188 105 217 92 184 101 75 202 81 113 103 206 154 8 113 167 114 168 194 120 75 93 76 167 133 166 147 90 106 188 0 171 62 108 4 91 122 52 123 108 154 19 79 180 148 44 86 134 8 76 148 169 164 45 103 48 62 145 186 105 171 0 167 71 168 92 69 156 136 162 17 185 100 105 25 132 145 79 174 143 39 150 132 148 168 180 124 141 166 217 62 167 0 125 65 116 142 15 169 163 152 54 68 211 142 50 137 106 55 127 158 100 93 90 54 58 85 76 117 92 108 71 125 0 105 21 17 111 77 96 55 125 62 87 55 77 76 88 113 72 40 89 72 166 129 163 146 86 103 184 4 168 65 105 0 87 118 54 119 104 151 23 78 176 145 43 82 133 12 72 145 81 73 108 53 76 100 58 99 101 91 92 116 21 87 0 31 101 66 79 76 108 61 95 75 66 57 99 96 52 60 100 96 97 41 45 96 76 117 75 122 69 142 17 118 31 0 128 69 93 55 139 79 70 59 94 77 101 127 75 31 137 119 140 153 167 117 127 152 202 52 156 15 111 54 101 128 0 154 149 140 48 56 196 131 35 123 99 47 113 145 49 57 166 35 98 162 34 58 81 123 136 169 77 119 66 69 154 0 32 124 142 126 73 128 120 38 164 131 47 97 18 33 186 66 128 179 23 26 113 108 162 163 96 104 79 93 149 32 0 148 126 132 105 151 117 26 178 116 36 123 154 148 46 93 46 55 130 171 103 154 17 152 55 151 76 55 140 124 148 0 168 84 102 12 115 130 70 157 127 30 111 93 177 152 183 156 109 123 206 19 185 54 125 23 108 139 48 142 126 168 0 89 199 161 54 105 141 12 95 164 127 112 88 114 113 68 109 145 154 79 100 68 62 78 61 79 56 126 132 84 89 0 149 75 35 106 55 79 97 91 122 128 148 47 57 155 103 131 8 180 105 211 87 176 95 70 196 73 105 102 199 149 0 112 161 106 166 187 112 73 155 148 38 99 57 44 131 172 113 148 25 142 55 145 75 59 131 128 151 12 161 75 112 0 107 131 58 150 127 39 108 91 123 118 135 103 95 125 167 44 132 50 77 43 66 94 35 120 117 115 54 35 161 107 0 91 90 44 81 114 24 22 165 61 117 157 4 42 114 86 145 137 76 82 57 77 123 38 26 130 105 106 106 131 91 0 154 94 10 108 176 164 43 142 114 19 155 194 168 134 79 106 88 133 99 101 99 164 178 70 141 55 166 58 90 154 0 134 146 93 101 84 167 140 171 147 98 114 194 8 174 55 113 12 96 127 47 131 116 157 12 79 187 150 44 94 134 0 84 152 30 21 160 65 117 150 14 48 120 76 143 127 72 72 52 75 113 47 36 127 95 97 112 127 81 10 146 84 0 106 131 127 76 64 22 82 107 148 75 148 39 158 40 145 60 31 145 97 123 30 164 91 73 39 114 108 93 152 106 0 
0 42 181 190 39 152 27 123 142 60 154 168 160 120 120 186 133 97 29 202 50 127 169 75 73 75 110 49 117 194 42 0 182 206 81 166 65 99 173 39 186 164 169 147 98 195 166 93 14 209 69 127 139 75 113 39 129 21 96 203 181 182 0 67 185 53 167 114 129 143 133 27 32 108 108 34 135 89 175 32 131 55 138 108 176 161 88 161 105 34 190 206 67 0 179 40 169 166 85 172 83 90 47 80 158 33 94 123 195 48 141 95 199 132 158 196 80 187 154 37 39 81 185 179 0 146 23 151 116 92 128 177 160 102 146 183 107 114 68 202 59 137 200 92 36 111 102 85 142 191 152 166 53 40 146 0 133 128 76 132 80 66 21 57 120 37 82 83 156 57 102 57 166 92 130 156 44 147 115 45 27 65 167 169 23 133 0 128 115 69 128 157 144 95 123 169 107 92 51 186 37 116 177 70 48 91 89 65 119 177 123 99 114 166 151 128 128 0 176 64 187 89 119 146 8 141 176 53 101 146 97 71 49 65 166 63 116 79 13 146 142 173 129 85 116 76 115 176 0 153 13 140 97 30 168 107 10 124 159 127 105 116 223 118 85 179 60 161 163 115 60 39 143 172 92 132 69 64 153 0 166 125 133 124 61 159 148 54 37 171 50 88 109 40 114 26 101 18 59 167 154 186 133 83 128 80 128 187 13 166 0 146 101 42 179 108 21 135 172 127 118 125 234 130 96 192 71 174 174 115 168 164 27 90 177 66 157 89 140 125 146 0 46 115 82 59 144 72 159 59 120 41 111 93 174 140 89 143 80 61 160 169 32 47 160 21 144 119 97 133 101 46 0 77 111 26 103 80 160 42 110 48 152 94 147 154 59 149 107 34 120 147 108 80 102 57 95 146 30 124 42 115 77 0 138 93 30 94 133 113 78 87 193 88 78 150 30 134 133 101 120 98 108 158 146 120 123 8 168 61 179 82 111 138 0 134 168 45 98 139 90 63 57 58 159 64 108 77 5 139 186 195 34 33 183 37 169 141 107 159 108 59 26 93 134 0 115 106 186 20 136 73 170 120 167 180 81 175 130 8 133 166 135 94 107 82 107 176 10 148 21 144 103 30 168 115 0 123 152 135 99 117 223 115 75 174 60 155 163 123 97 93 89 123 114 83 92 53 124 54 135 72 80 94 45 106 123 0 87 117 55 34 101 22 120 74 64 72 40 113 29 14 175 195 68 156 51 101 159 37 172 159 160 133 98 186 152 87 0 201 56 120 144 67 99 46 117 22 96 194 202 209 32 48 202 57 186 146 127 171 127 59 42 113 139 20 135 117 201 0 152 83 170 134 187 190 100 189 136 12 50 69 131 141 59 102 37 97 105 50 118 120 110 78 90 136 99 55 56 152 0 79 146 33 69 76 61 56 86 144 127 127 55 95 137 57 116 71 116 88 125 41 48 87 63 73 117 34 120 83 79 0 110 53 135 107 57 106 59 80 169 139 138 199 200 166 177 49 223 109 234 111 152 193 57 170 223 101 144 170 146 110 0 114 215 100 163 122 61 172 75 75 108 132 92 92 70 65 118 40 130 93 94 88 58 120 115 22 67 134 33 53 114 0 101 65 62 55 53 128 73 113 176 158 36 130 48 166 85 114 96 174 147 78 159 167 75 120 99 187 69 135 215 101 0 138 88 112 154 175 75 39 161 196 111 156 91 63 179 26 192 140 154 150 64 180 174 74 46 190 76 107 100 65 138 0 127 26 63 187 110 129 88 80 102 44 89 116 60 101 71 89 59 30 108 81 60 64 117 100 61 57 163 62 88 127 0 112 103 89 49 21 161 187 85 147 65 79 161 18 174 143 149 134 77 175 155 72 22 189 56 106 122 55 112 26 112 0 75 183 117 96 105 154 142 115 119 13 163 59 174 80 107 133 5 130 163 40 96 136 86 59 61 53 154 63 103 75 0 135 194 203 34 37 191 45 177 146 115 167 115 61 34 101 139 8 123 113 194 12 144 80 172 128 175 187 89 183 135 0 
0 68 103 74 25 92 104 134 105 58 79 56 66 53 99 83 129 102 130 102 102 69 119 118 2 111 82 100 129 101 68 0 126 131 83 150 141 200 37 126 142 93 118 60 118 32 195 167 63 93 170 31 155 185 70 140 132 143 62 69 103 126 0 69 82 78 205 136 154 127 90 47 60 152 8 157 131 109 178 49 138 96 220 133 102 214 55 199 178 84 74 131 69 0 50 19 155 76 168 65 22 44 13 126 71 154 71 43 194 103 70 114 168 67 72 167 15 146 193 125 25 83 82 50 0 69 123 117 120 56 59 35 41 78 78 104 112 84 146 90 91 74 138 102 23 132 57 117 145 99 92 150 78 19 69 0 165 60 187 73 21 63 32 144 82 173 55 31 213 118 64 133 177 55 90 178 24 155 212 144 104 141 205 155 123 165 0 176 165 92 145 158 154 81 201 130 172 155 182 206 128 161 15 155 104 15 168 12 179 199 134 200 136 76 117 60 176 0 237 91 58 120 89 180 141 217 5 33 263 178 48 189 185 21 132 191 84 164 262 201 105 37 154 168 120 187 165 237 0 162 179 127 155 85 146 35 232 204 26 116 207 58 177 222 107 161 168 169 25 82 58 126 127 65 56 73 92 91 162 0 53 85 68 92 126 137 86 65 187 145 48 126 104 70 56 105 80 82 185 155 79 142 90 22 59 21 145 58 179 53 0 65 34 129 93 162 53 25 205 124 48 131 157 46 77 158 35 135 204 146 56 93 47 44 35 63 158 120 127 85 65 0 31 106 43 120 115 87 153 62 109 72 173 111 55 167 41 152 152 81 66 118 60 13 41 32 154 89 155 68 34 31 0 119 61 143 84 56 181 90 81 101 168 80 64 165 16 146 180 112 53 60 152 126 78 144 81 180 85 92 129 106 119 0 146 51 175 150 105 137 140 83 95 161 55 80 135 84 102 122 99 118 8 71 78 82 201 141 146 126 93 43 61 146 0 149 136 113 170 41 141 88 216 137 98 210 59 195 170 76 83 32 157 154 104 173 130 217 35 137 162 120 143 51 149 0 212 185 54 125 184 63 142 201 85 126 158 134 51 99 129 195 131 71 112 55 172 5 232 86 53 115 84 175 136 212 0 28 258 173 44 184 181 17 127 187 79 160 257 196 102 167 109 43 84 31 155 33 204 65 25 87 56 150 113 185 28 0 230 146 37 156 166 24 100 169 54 144 229 168 130 63 178 194 146 213 182 263 26 187 205 153 181 105 170 54 258 230 0 136 232 82 194 248 132 177 194 187 3 101 102 93 49 103 90 118 206 178 116 145 124 62 90 137 41 125 173 146 136 0 171 62 221 170 103 212 94 202 137 37 102 170 138 70 91 64 128 48 207 48 48 109 81 140 141 184 44 37 232 171 0 165 137 27 100 143 83 116 231 188 69 31 96 114 74 133 161 189 58 126 131 72 101 83 88 63 184 156 82 62 165 0 175 176 71 163 113 160 82 39 119 155 220 168 138 177 15 185 177 104 157 173 168 95 216 142 181 166 194 221 137 175 0 164 119 18 182 22 191 214 118 185 133 67 102 55 155 21 222 70 46 111 80 161 137 201 17 24 248 170 27 176 164 0 116 170 78 143 247 192 2 70 102 72 23 90 104 132 107 56 77 55 64 55 98 85 127 100 132 103 100 71 119 116 0 112 80 100 131 103 111 140 214 167 132 178 15 191 161 105 158 167 165 80 210 126 187 169 177 212 143 163 18 170 112 0 180 27 174 202 82 132 55 15 57 24 168 84 168 80 35 41 16 135 59 158 79 54 194 94 83 113 182 78 80 180 0 160 193 120 100 143 199 146 117 155 12 164 169 82 135 152 146 84 195 134 160 144 187 202 116 160 22 143 100 27 160 0 184 198 129 62 178 193 145 212 179 262 25 185 204 152 180 102 170 51 257 229 3 137 231 82 191 247 131 174 193 184 0 102 101 69 84 125 99 144 199 201 82 155 146 81 112 122 76 99 196 168 101 37 188 39 214 192 103 202 120 198 102 0 
0 150 174 90 41 80 80 144 35 39 52 90 76 141 104 159 29 189 67 145 95 53 133 104 157 154 39 73 142 134 150 0 73 75 125 86 158 46 116 166 173 127 160 66 96 87 123 88 155 32 199 123 33 48 79 5 160 78 45 44 174 73 0 131 138 94 148 119 151 175 177 112 212 33 80 29 145 17 204 44 188 169 54 100 152 76 169 119 37 45 90 75 131 0 85 73 134 55 55 119 130 116 85 108 101 131 72 148 80 88 168 50 77 31 67 77 115 29 95 87 41 125 138 85 0 44 52 132 41 41 49 50 107 105 63 120 19 153 98 113 83 70 102 85 152 129 35 58 108 101 80 86 94 73 44 0 73 105 61 84 89 45 129 61 30 79 51 109 121 70 113 87 59 57 131 91 78 45 64 57 80 158 148 134 52 73 0 176 92 48 40 36 155 116 69 122 70 158 146 137 41 121 129 127 199 163 44 105 128 123 144 46 119 55 132 105 176 0 109 170 181 150 133 109 125 131 123 134 130 77 214 105 72 49 33 44 166 75 89 84 35 116 151 55 41 61 92 109 0 66 78 88 69 120 90 140 22 168 61 115 119 30 103 69 122 119 63 38 115 107 39 166 175 119 41 84 48 170 66 0 13 72 114 142 97 154 47 189 106 154 56 90 143 124 186 170 6 95 148 141 52 173 177 130 49 89 40 181 78 13 0 69 127 144 97 154 58 189 119 159 43 103 148 134 197 178 15 106 152 146 90 127 112 116 50 45 36 150 88 72 69 0 156 80 33 86 68 122 147 102 76 118 95 102 176 132 66 87 92 88 76 160 212 85 107 129 155 133 69 114 127 156 0 184 159 206 88 229 9 171 170 43 159 115 128 162 115 93 175 167 141 66 33 108 105 61 116 109 120 142 144 80 184 0 47 23 112 48 176 34 156 141 37 79 142 71 136 91 21 25 104 96 80 101 63 30 69 125 90 97 97 33 159 47 0 57 76 92 151 69 109 117 63 80 154 101 91 75 59 55 159 87 29 131 120 79 122 131 140 154 154 86 206 23 57 0 130 36 198 55 161 163 60 102 164 92 148 113 42 48 29 123 145 72 19 51 70 123 22 47 58 68 88 112 76 130 0 160 79 116 98 51 104 78 139 127 43 48 113 105 189 88 17 148 153 109 158 134 168 189 189 122 229 48 92 36 160 0 221 61 197 186 71 117 167 91 183 136 54 62 67 155 204 80 98 121 146 130 61 106 119 147 9 176 151 198 79 221 0 164 162 35 152 108 127 157 106 85 167 159 145 32 44 88 113 70 137 77 115 154 159 102 171 34 69 55 116 61 164 0 178 130 12 57 110 37 148 80 13 14 95 199 188 168 83 113 41 214 119 56 43 76 170 156 109 161 98 197 162 178 0 145 170 165 235 204 57 141 168 164 53 123 169 50 70 87 121 105 30 90 103 118 43 141 117 163 51 186 35 130 145 0 118 76 109 126 88 50 132 124 133 33 54 77 102 59 129 72 103 143 148 95 159 37 63 60 104 71 152 12 170 118 0 46 105 38 137 68 18 12 104 48 100 31 85 57 127 49 69 124 134 102 115 79 80 102 78 117 108 57 165 76 46 0 74 51 119 31 64 56 157 79 152 67 152 131 199 33 122 186 197 176 128 142 154 164 139 167 127 110 235 109 105 74 0 76 182 94 122 117 154 5 76 77 129 91 163 44 119 170 178 132 162 71 101 92 127 91 157 37 204 126 38 51 76 0 164 81 50 48 39 160 169 115 35 78 44 166 63 6 15 66 115 136 91 148 43 183 106 148 57 88 137 119 182 164 0 91 142 135 73 78 119 29 58 45 105 75 38 95 106 87 93 91 75 113 48 136 85 80 141 50 68 31 94 81 91 0 82 74 142 45 37 95 108 64 128 89 115 148 152 92 175 21 59 42 113 54 167 13 168 132 18 64 122 50 142 82 0 8 134 44 45 87 101 57 123 84 107 141 146 88 167 25 55 48 105 62 159 14 164 124 12 56 117 48 135 74 8 0 
0 46 29 77 134 128 71 93 55 115 35 126 106 101 104 151 63 50 92 97 85 163 88 138 115 106 55 30 137 126 46 0 73 115 156 158 111 115 25 152 32 172 131 141 145 186 96 5 138 122 120 209 114 178 141 150 69 58 156 167 29 73 0 72 141 128 42 103 84 108 64 104 86 72 95 144 67 78 66 105 85 137 68 128 94 91 75 27 146 114 77 115 72 0 75 57 94 47 110 38 86 74 152 115 30 74 22 117 68 44 15 119 136 63 157 42 59 97 82 52 134 156 141 75 0 29 169 41 140 64 124 130 226 190 77 65 74 157 140 37 60 174 209 82 232 98 87 162 10 86 128 158 128 57 29 0 151 45 144 36 126 102 209 169 51 39 65 159 116 37 43 145 193 53 214 71 89 151 39 57 71 111 42 94 169 151 0 134 126 122 106 94 59 30 106 156 98 116 51 135 109 114 45 133 63 94 115 54 176 119 93 115 103 47 41 45 134 0 101 59 83 117 188 159 65 82 36 116 115 8 34 162 171 87 195 84 46 121 44 82 55 25 84 110 140 144 126 101 0 144 24 173 153 156 140 177 88 21 145 108 112 214 135 172 162 148 55 77 139 162 115 152 108 38 64 36 122 59 144 0 121 66 181 136 16 36 56 154 82 52 33 110 166 28 185 35 91 133 74 23 35 32 64 86 124 126 106 83 24 121 0 149 138 136 116 155 65 33 121 90 89 190 120 149 147 124 37 61 124 138 126 172 104 74 130 102 94 117 173 66 149 0 148 93 54 83 95 176 43 112 83 45 138 57 148 33 132 131 140 47 106 131 86 152 226 209 59 188 153 181 138 148 0 57 165 215 152 136 107 190 167 157 18 192 10 153 160 77 231 178 101 141 72 115 190 169 30 159 156 136 136 93 57 0 120 166 123 146 55 158 130 100 52 142 55 103 143 83 197 128 104 145 95 30 77 51 106 65 140 16 116 54 165 120 0 50 52 147 66 59 33 99 151 34 169 21 89 121 87 22 151 186 144 74 65 39 156 82 177 36 155 83 215 166 50 0 90 188 111 74 66 120 201 26 219 63 122 169 75 38 63 96 67 22 74 65 98 36 88 56 65 95 152 123 52 90 0 98 83 38 24 140 135 84 159 64 37 88 79 74 50 5 78 117 157 159 116 116 21 154 33 176 136 146 147 188 98 0 142 123 122 213 119 180 146 153 70 63 157 169 92 138 66 68 140 116 51 115 145 82 121 43 107 55 66 111 83 142 0 112 82 71 96 87 108 48 113 91 149 73 97 122 105 44 37 37 135 8 108 52 90 112 190 158 59 74 38 123 112 0 30 157 173 79 196 79 53 125 41 75 85 120 85 15 60 43 109 34 112 33 89 83 167 130 33 66 24 122 82 30 0 128 150 61 172 50 58 108 67 53 163 209 137 119 174 145 114 162 214 110 190 45 157 100 99 120 140 213 71 157 128 0 152 94 155 78 176 161 184 88 88 114 68 136 209 193 45 171 135 166 120 138 18 52 151 201 135 119 96 173 150 152 0 178 27 139 142 59 214 164 138 178 128 63 82 53 133 87 172 28 149 57 192 142 34 26 84 180 87 79 61 94 178 0 195 39 119 155 92 14 115 141 94 157 232 214 63 195 162 185 147 148 10 55 169 219 159 146 108 196 172 155 27 195 0 156 168 86 237 181 106 150 91 42 98 71 94 84 148 35 124 33 153 103 21 63 64 153 48 79 50 78 139 39 156 0 101 118 108 25 55 69 75 59 87 89 115 46 55 91 37 132 160 143 89 122 37 70 113 53 58 176 142 119 168 101 0 85 87 111 30 58 27 97 162 151 54 121 77 133 61 131 77 83 121 169 88 63 91 125 108 161 59 155 86 118 85 0 165 141 137 156 146 82 10 39 176 44 139 74 124 140 231 197 87 75 79 157 149 41 67 184 214 92 237 108 87 165 0 96 126 167 114 52 86 57 119 82 162 23 138 47 178 128 22 38 74 169 73 75 53 88 164 14 181 25 111 141 96 0 
0 141 39 32 92 119 70 128 135 23 142 58 147 78 66 61 77 146 60 67 63 49 137 110 108 65 27 6 39 53 141 0 127 166 49 72 188 222 150 163 144 184 142 218 198 161 166 35 106 110 174 184 189 210 142 206 164 143 179 191 39 127 0 43 81 87 61 106 96 58 103 97 108 95 71 99 114 123 26 89 102 85 103 91 69 87 43 45 58 87 32 166 43 0 117 130 39 100 127 29 137 69 143 52 35 85 101 165 69 99 82 52 119 82 100 45 5 35 16 51 92 49 81 117 0 62 142 182 130 114 127 136 128 169 151 116 123 61 64 68 128 135 161 169 114 157 115 94 130 142 119 72 87 130 62 0 140 159 78 142 72 174 70 182 156 163 174 46 61 125 172 168 119 150 73 174 130 124 145 172 70 188 61 39 142 140 0 61 112 67 125 104 132 54 22 123 139 180 83 137 120 85 91 43 88 59 44 74 44 81 128 222 106 100 182 159 61 0 100 128 114 165 121 103 77 184 200 205 118 193 181 146 58 18 87 115 105 133 105 141 135 150 96 127 130 78 112 100 0 151 14 191 21 166 134 194 209 123 82 174 198 177 46 99 27 167 129 141 142 176 23 163 58 29 114 142 67 128 151 0 160 41 165 59 58 56 72 169 82 80 53 27 147 110 124 44 24 20 26 30 142 144 103 137 127 72 125 114 14 160 0 200 7 177 146 200 214 114 86 177 205 187 60 113 37 178 139 148 152 186 58 184 97 69 136 174 104 165 191 41 200 0 205 77 89 33 43 195 118 80 20 19 188 147 164 59 65 52 60 27 147 142 108 143 128 70 132 121 21 165 7 205 0 184 153 205 218 111 90 179 210 192 66 120 44 185 145 153 158 192 78 218 95 52 169 182 54 103 166 59 177 77 184 0 32 106 120 217 121 139 97 58 144 88 140 18 54 77 39 50 66 198 71 35 151 156 22 77 134 58 146 89 153 32 0 113 129 193 96 133 107 70 113 60 109 38 39 69 32 64 61 161 99 85 116 163 123 184 194 56 200 33 205 106 113 0 16 177 115 52 14 48 198 166 168 88 80 55 81 56 77 166 114 101 123 174 139 200 209 72 214 43 218 120 129 16 0 184 128 56 23 62 214 182 183 102 96 71 97 70 146 35 123 165 61 46 180 205 123 169 114 195 111 217 193 177 184 0 97 129 189 193 165 195 119 208 164 149 179 197 60 106 26 69 64 61 83 118 82 82 86 118 90 121 96 115 128 97 0 92 121 109 101 105 58 113 69 66 84 112 67 110 89 99 68 125 137 193 174 80 177 80 179 139 133 52 56 129 92 0 66 89 191 176 150 123 94 64 104 97 63 174 102 82 128 172 120 181 198 53 205 20 210 97 107 14 23 189 121 66 0 39 200 163 171 79 77 57 76 47 49 184 85 52 135 168 85 146 177 27 187 19 192 58 70 48 62 193 109 89 39 0 171 128 150 40 48 44 41 8 137 189 103 119 161 119 91 58 46 147 60 188 66 144 113 198 214 165 101 191 200 171 0 63 47 150 123 143 131 169 110 210 91 82 169 150 43 18 99 110 113 147 120 88 60 166 182 195 105 176 163 128 63 0 82 98 87 115 87 124 108 142 69 100 114 73 88 87 27 124 37 164 44 140 109 168 183 119 58 150 171 150 47 82 0 141 102 114 115 149 65 206 87 45 157 174 59 115 167 44 178 59 185 18 38 88 102 208 113 123 79 40 150 98 141 0 44 63 29 32 27 164 43 5 115 130 44 105 129 24 139 65 145 54 39 80 96 164 69 94 77 48 123 87 102 44 0 30 15 47 6 143 45 35 94 124 74 133 141 20 148 52 153 77 69 55 71 149 66 64 57 44 143 115 114 63 30 0 40 48 39 179 58 16 130 145 44 105 142 26 152 60 158 39 32 81 97 179 84 104 76 41 131 87 115 29 15 40 0 38 53 191 87 51 142 172 81 141 176 30 186 27 192 50 64 56 70 197 112 97 47 8 169 124 149 32 47 48 38 0 
0 105 39 75 112 65 60 167 82 101 146 128 113 72 56 46 77 75 65 39 80 129 158 80 30 39 146 54 38 128 105 0 144 139 59 161 74 62 68 136 125 41 151 103 153 151 61 74 77 70 95 137 53 159 117 95 46 159 94 76 39 144 0 68 142 53 97 205 119 103 177 163 131 85 46 20 115 100 90 78 111 155 197 81 49 71 183 23 60 166 75 139 68 0 108 121 128 188 147 35 216 138 188 38 114 88 139 68 62 101 152 203 187 147 103 113 163 91 49 188 112 59 142 108 0 177 113 85 116 93 182 34 195 70 168 156 108 42 52 93 140 187 89 185 135 121 59 163 82 135 65 161 53 121 177 0 94 223 114 155 154 190 91 133 9 33 113 140 130 91 94 123 213 32 44 68 205 35 101 158 60 74 97 128 113 94 0 135 22 145 88 112 82 110 87 95 19 95 89 28 28 80 121 86 53 27 120 103 80 69 167 62 205 188 85 223 135 0 123 178 161 51 206 151 215 213 118 120 127 132 151 183 19 221 179 157 26 221 151 109 82 68 119 147 116 114 22 123 0 160 71 109 83 125 107 116 8 105 102 46 28 71 108 101 74 48 113 124 98 47 101 136 103 35 93 155 145 178 160 0 231 127 214 35 146 123 152 62 61 117 172 224 180 178 130 135 152 126 66 198 146 125 177 216 182 154 88 161 71 231 0 165 76 196 151 170 79 176 173 116 66 37 142 128 128 107 161 177 168 52 128 41 163 138 34 190 112 51 109 127 165 0 191 101 181 174 101 70 78 100 135 178 55 193 146 128 25 182 105 115 113 151 131 188 195 91 82 206 83 214 76 191 0 181 92 117 90 173 166 104 56 39 189 59 85 79 196 122 148 106 72 103 85 38 70 133 110 151 125 35 196 101 181 0 124 104 117 31 26 82 137 189 151 152 101 102 125 108 34 163 56 153 46 114 168 9 87 215 107 146 151 181 92 124 0 27 106 131 121 83 90 122 205 36 36 61 197 30 92 152 46 151 20 88 156 33 95 213 116 123 170 174 117 104 27 0 114 116 106 83 105 144 204 63 43 68 192 8 76 163 77 61 115 139 108 113 19 118 8 152 79 101 90 117 106 114 0 97 94 39 34 79 103 103 72 46 107 122 90 51 75 74 100 68 42 140 95 120 105 62 176 70 173 31 131 116 97 0 10 69 123 175 120 153 102 95 95 122 40 138 65 77 90 62 52 130 89 127 102 61 173 78 166 26 121 106 94 10 0 62 117 169 125 144 93 87 102 112 30 137 39 70 78 101 93 91 28 132 46 117 116 100 104 82 83 83 39 69 62 0 55 107 122 93 47 28 114 91 52 90 80 95 111 152 140 94 28 151 28 172 66 135 56 137 90 105 34 123 117 55 0 52 136 76 62 41 141 113 106 64 129 137 155 203 187 123 80 183 71 224 37 178 39 189 122 144 79 175 169 107 52 0 165 95 106 90 179 150 158 76 158 53 197 187 89 213 121 19 108 180 142 55 189 151 205 204 103 120 125 122 136 165 0 206 169 145 33 212 146 90 80 159 81 147 185 32 86 221 101 178 128 193 59 152 36 63 103 153 144 93 76 95 206 0 51 65 205 66 118 140 30 117 49 103 135 44 53 179 74 130 128 146 85 101 36 43 72 102 93 47 62 106 169 51 0 26 161 51 67 121 39 95 71 113 121 68 27 157 48 135 107 128 79 102 61 68 46 95 87 28 41 90 145 65 26 0 140 76 69 95 146 46 183 163 59 205 120 26 113 152 161 25 196 125 197 192 107 95 102 114 141 179 33 205 161 140 0 200 127 109 54 159 23 91 163 35 103 221 124 126 177 182 122 108 30 8 122 122 112 91 113 150 212 66 51 76 200 0 82 171 38 94 60 49 82 101 80 151 98 66 168 105 148 34 92 76 90 40 30 52 106 158 146 118 67 69 127 82 0 139 128 76 166 188 135 158 69 109 47 198 52 115 106 163 152 163 51 138 137 90 64 76 90 140 121 95 109 171 139 0 
0 130 68 110 209 18 141 131 129 117 59 43 90 132 43 147 116 74 46 181 166 168 49 54 65 55 89 46 119 61 130 0 99 155 102 119 107 31 104 39 76 87 43 41 105 98 93 89 129 59 72 61 81 138 86 149 84 137 76 94 68 99 0 162 198 73 163 83 153 68 70 56 78 123 25 82 50 11 36 158 160 156 47 41 90 53 112 44 132 10 110 155 162 0 178 94 80 176 71 171 98 106 118 127 140 225 201 162 153 174 138 153 117 163 78 165 71 155 89 152 209 102 198 178 0 193 98 129 107 141 150 168 123 77 197 193 195 188 221 46 44 42 166 231 146 241 127 229 96 191 18 119 73 94 193 0 123 123 111 111 44 32 77 117 48 150 119 77 59 166 149 153 41 69 48 71 71 61 102 65 141 107 163 80 98 123 0 137 12 138 95 112 90 67 150 199 184 158 172 102 62 80 118 182 78 189 54 177 33 153 131 31 83 176 129 123 137 0 132 15 86 91 58 72 97 67 66 72 117 84 103 90 82 124 101 136 106 125 104 81 129 104 153 71 107 111 12 132 0 133 84 100 82 66 138 194 177 149 160 107 68 84 107 170 66 177 42 165 28 143 117 39 68 171 141 111 138 15 133 0 76 80 53 78 82 61 54 57 102 96 111 100 70 109 94 121 102 110 105 66 59 76 70 98 150 44 95 86 84 76 0 18 33 73 55 127 103 67 78 122 107 109 23 88 21 95 42 83 66 60 43 87 56 106 168 32 112 91 100 80 18 0 47 91 38 123 96 56 60 138 125 127 11 70 35 77 58 65 84 46 90 43 78 118 123 77 90 58 82 53 33 47 0 46 74 112 95 70 98 91 83 82 43 108 43 118 49 106 57 69 132 41 123 127 77 117 67 72 66 78 73 91 46 0 120 138 130 114 144 51 37 36 89 154 73 164 60 152 39 115 43 105 25 140 197 48 150 97 138 82 55 38 74 120 0 105 74 32 24 162 157 156 33 34 73 44 96 32 121 19 147 98 82 225 193 150 199 67 194 61 127 123 112 138 105 0 32 73 115 147 170 157 112 117 147 129 161 123 166 86 116 93 50 201 195 119 184 66 177 54 103 96 95 130 74 32 0 42 83 150 164 154 85 85 124 97 140 91 151 55 74 89 11 162 188 77 158 72 149 57 67 56 70 114 32 73 42 0 47 148 151 146 45 52 88 64 108 55 126 13 46 129 36 153 221 59 172 117 160 102 78 60 98 144 24 115 83 47 0 186 181 180 57 10 94 20 118 8 144 36 181 59 158 174 46 166 102 84 107 96 122 138 91 51 162 147 150 148 186 0 41 23 134 196 123 206 111 194 85 152 166 72 160 138 44 149 62 103 68 111 107 125 83 37 157 170 164 151 181 41 0 19 125 191 102 200 83 188 52 152 168 61 156 153 42 153 80 90 84 100 109 127 82 36 156 157 154 146 180 23 19 0 125 190 108 200 92 188 65 149 49 81 47 117 166 41 118 82 107 70 23 11 43 89 33 112 85 45 57 134 125 125 0 67 43 75 65 63 88 37 54 138 41 163 231 69 182 124 170 109 88 70 108 154 34 117 85 52 10 196 191 190 67 0 104 12 128 8 154 44 65 86 90 78 146 48 78 101 66 94 21 35 43 73 73 147 124 88 94 123 102 108 43 104 0 111 24 99 54 80 55 149 53 165 241 71 189 136 177 121 95 77 118 164 44 129 97 64 20 206 200 200 75 12 111 0 135 12 161 55 89 84 112 71 127 71 54 106 42 102 42 58 49 60 96 161 140 108 118 111 83 92 65 128 24 135 0 123 31 102 46 137 44 155 229 61 177 125 165 110 83 65 106 152 32 123 91 55 8 194 188 188 63 8 99 12 123 0 149 44 119 76 132 89 96 102 33 104 28 105 66 84 57 39 121 166 151 126 144 85 52 65 88 154 54 161 31 149 0 122 61 94 10 152 191 65 153 81 143 66 60 46 69 115 19 86 55 13 36 152 152 149 37 44 80 55 102 44 122 0 
0 87 110 64 20 77 99 126 137 101 115 66 97 146 99 113 91 71 59 88 72 71 87 114 132 13 24 122 110 46 87 0 114 122 77 88 147 173 99 26 31 153 58 128 174 32 82 44 130 142 52 135 82 83 154 95 108 67 75 106 110 114 0 70 121 33 61 76 56 97 113 140 60 40 117 109 32 140 167 68 62 82 32 44 43 103 131 74 51 73 64 122 70 0 84 51 36 62 119 121 138 70 96 110 54 135 71 126 112 24 78 14 67 98 74 52 77 121 99 19 20 77 121 84 0 88 118 146 142 95 106 82 99 155 119 106 99 53 55 108 75 91 96 119 148 33 31 122 114 65 77 88 33 51 88 0 61 85 69 79 96 115 47 69 105 92 20 109 135 61 36 65 16 47 67 71 99 70 48 47 99 147 61 36 118 61 0 28 117 140 157 98 107 96 59 153 78 157 147 14 96 36 75 101 44 88 113 129 106 53 126 173 76 62 146 85 28 0 132 164 181 116 130 105 66 177 100 185 172 39 121 60 98 120 43 114 138 150 126 81 137 99 56 119 142 69 117 132 0 74 83 184 44 38 171 78 49 139 196 122 67 133 53 23 94 135 161 34 28 116 101 26 97 121 95 79 140 164 74 0 17 164 38 106 175 14 66 70 150 138 44 135 68 61 139 106 123 41 52 107 115 31 113 138 106 96 157 181 83 17 0 179 53 119 192 5 83 74 161 155 61 152 85 75 156 121 137 49 66 124 66 153 140 70 82 115 98 116 184 164 179 0 152 180 58 177 135 135 68 84 128 62 131 162 141 58 53 178 161 68 97 58 60 96 99 47 107 130 44 38 53 152 0 70 150 49 30 95 154 108 25 110 32 25 103 98 121 26 17 87 146 128 40 110 155 69 96 105 38 106 119 180 70 0 155 114 56 164 204 106 85 121 59 45 63 140 168 71 54 113 99 174 117 54 119 105 59 66 171 175 192 58 150 155 0 189 125 169 123 49 132 40 121 152 102 86 98 175 153 68 113 32 109 135 106 92 153 177 78 14 5 177 49 114 189 0 78 76 161 151 58 149 80 70 151 119 136 44 61 121 91 82 32 71 99 20 78 100 49 66 83 135 30 56 125 78 0 110 150 80 31 85 4 27 73 87 114 51 28 67 71 44 140 126 53 109 157 185 139 70 74 135 95 164 169 76 110 0 95 149 79 136 109 120 176 83 83 109 112 107 59 130 167 112 55 135 147 172 196 150 161 68 154 204 123 161 150 95 0 134 129 112 146 173 185 64 36 177 168 98 88 142 68 24 108 61 14 39 122 138 155 84 108 106 49 151 80 149 134 0 94 22 76 105 58 76 100 130 108 43 72 52 62 78 75 36 96 121 67 44 61 128 25 85 132 58 31 79 129 94 0 92 30 45 102 73 96 51 39 65 71 135 82 14 91 65 36 60 133 135 152 62 110 121 40 149 85 136 112 22 92 0 81 112 79 58 79 135 113 30 87 82 32 67 96 16 75 98 53 68 85 131 32 59 121 80 4 109 146 76 30 81 0 31 72 83 111 54 32 63 114 83 44 98 119 47 101 120 23 61 75 162 25 45 152 70 27 120 173 105 45 112 31 0 86 112 138 30 9 94 132 154 43 74 148 67 44 43 94 139 156 141 103 63 102 151 73 176 185 58 102 79 72 86 0 122 149 116 93 87 13 95 103 52 33 71 88 114 135 106 121 58 98 140 86 119 87 83 64 76 73 58 83 112 122 0 28 124 109 35 24 108 131 77 31 99 113 138 161 123 137 53 121 168 98 136 114 83 36 100 96 79 111 138 149 28 0 146 134 62 122 67 74 121 122 70 129 150 34 41 49 178 26 71 175 44 51 109 177 130 51 135 54 30 116 124 146 0 24 113 110 75 51 99 114 48 106 126 28 52 66 161 17 54 153 61 28 112 168 108 39 113 32 9 93 109 134 24 0 93 46 106 73 19 65 47 53 81 116 107 124 68 87 113 68 121 67 107 98 43 65 30 63 94 87 35 62 113 93 0 
0 194 156 65 87 134 112 62 45 104 74 77 104 28 116 86 151 163 190 123 109 129 138 111 144 100 133 112 162 203 194 0 38 137 107 60 90 173 170 135 179 119 130 167 187 155 74 54 68 102 155 67 77 109 68 94 74 147 33 68 156 38 0 100 69 23 55 138 133 105 144 82 100 129 157 122 57 42 71 75 124 30 50 78 44 56 44 118 11 75 65 137 100 0 38 82 48 40 33 46 51 48 43 38 137 40 86 98 125 58 114 80 101 89 79 49 93 113 110 162 87 107 69 38 0 47 34 78 69 69 89 21 65 60 118 74 76 81 112 61 90 44 63 55 64 13 55 87 75 126 134 60 23 82 47 0 44 122 115 95 131 59 90 107 137 110 62 54 87 71 104 8 36 58 48 34 28 98 28 83 112 90 55 48 34 44 0 83 81 51 89 55 46 84 152 67 42 51 80 30 122 46 76 81 32 30 67 117 66 127 62 173 138 40 78 122 83 0 19 50 13 86 52 46 164 26 111 128 148 79 147 120 141 127 109 89 133 147 148 202 45 170 133 33 69 115 81 19 0 61 32 72 61 27 145 41 115 130 154 85 129 113 131 113 111 82 124 129 143 195 104 135 105 46 69 95 51 50 61 0 49 87 5 79 182 24 65 84 100 33 157 97 126 124 67 75 117 154 116 178 74 179 144 51 89 131 89 13 32 49 0 98 52 59 177 25 113 132 149 81 160 130 152 139 113 100 144 160 155 213 77 119 82 48 21 59 55 86 72 87 98 0 83 55 97 88 97 100 132 82 70 53 61 41 84 29 56 67 87 126 104 130 100 43 65 90 46 52 61 5 52 83 0 78 179 27 61 80 97 29 153 92 121 120 63 70 112 150 111 173 28 167 129 38 60 107 84 46 27 79 59 55 78 0 118 64 123 135 162 96 103 104 116 94 116 73 111 104 135 181 116 187 157 137 118 137 152 164 145 182 177 97 179 118 0 176 191 190 223 179 33 129 110 79 177 123 114 40 156 158 86 155 122 40 74 110 67 26 41 24 25 88 27 64 176 0 88 107 124 56 154 110 136 128 89 83 127 153 133 193 151 74 57 86 76 62 42 111 115 65 113 97 61 123 191 88 0 20 39 32 160 68 98 115 14 69 89 154 68 131 163 54 42 98 81 54 51 128 130 84 132 100 80 135 190 107 20 0 33 51 157 62 89 111 19 71 82 151 51 114 190 68 71 125 112 87 80 148 154 100 149 132 97 162 223 124 39 33 0 69 190 94 120 144 48 103 114 184 78 134 123 102 75 58 61 71 30 79 85 33 81 82 29 96 179 56 32 51 69 0 151 75 105 111 34 60 96 147 86 150 109 155 124 114 90 104 122 147 129 157 160 70 153 103 33 154 160 157 190 151 0 96 78 46 146 92 81 8 123 128 129 67 30 80 44 8 46 120 113 97 130 53 92 104 129 110 68 62 94 75 96 0 30 50 54 31 21 90 34 83 138 77 50 101 63 36 76 141 131 126 152 61 121 116 110 136 98 89 120 105 78 30 0 35 84 53 9 70 46 65 111 109 78 89 55 58 81 127 113 124 139 41 120 94 79 128 115 111 144 111 46 50 35 0 101 51 35 40 77 96 144 68 44 79 64 48 32 109 111 67 113 84 63 116 177 89 14 19 48 34 146 54 84 101 0 56 75 140 55 119 100 94 56 49 13 34 30 89 82 75 100 29 70 73 123 83 69 71 103 60 92 31 53 51 56 0 44 87 62 113 133 74 44 93 55 28 67 133 124 117 144 56 112 111 114 127 89 82 114 96 81 21 9 35 75 44 0 74 42 71 112 147 118 113 87 98 117 147 129 154 160 67 150 104 40 153 154 151 184 147 8 90 70 40 140 87 74 0 116 121 162 33 11 110 75 28 66 148 143 116 155 87 111 135 156 133 68 51 78 86 123 34 46 77 55 62 42 116 0 64 203 68 75 162 126 83 127 202 195 178 213 126 173 181 158 193 131 114 134 150 128 83 65 96 119 113 71 121 64 0 
0 99 119 134 50 19 99 124 64 131 163 33 32 75 79 127 41 46 38 96 124 31 39 106 121 59 103 83 28 56 99 0 59 54 64 81 128 89 123 63 78 89 127 133 149 43 139 80 85 31 44 123 86 45 82 44 9 145 77 145 119 59 0 27 108 108 94 34 109 121 52 125 136 115 136 98 149 123 124 31 24 150 88 104 26 64 68 126 91 175 134 54 27 0 113 120 121 59 134 108 29 134 157 141 161 83 170 129 133 38 10 163 109 97 51 75 60 152 107 187 50 64 108 113 0 31 128 125 103 82 141 25 82 114 124 81 90 16 21 77 103 63 65 57 119 46 65 125 47 81 19 81 108 120 31 0 105 118 75 112 149 22 51 86 94 108 60 31 25 82 110 43 41 87 114 45 84 96 23 67 99 128 94 121 128 105 0 70 41 188 145 127 91 36 54 171 102 135 130 100 116 126 64 164 74 92 137 41 82 149 124 89 34 59 125 118 70 0 95 152 77 138 134 98 119 130 147 139 138 58 57 155 87 134 8 79 98 107 96 180 64 123 109 134 103 75 41 95 0 175 161 96 50 11 27 163 61 106 100 103 126 88 39 149 97 80 131 22 56 109 131 63 121 108 82 112 188 152 175 0 122 106 163 186 200 25 172 92 101 94 102 143 136 26 145 97 54 197 121 158 163 78 52 29 141 149 145 77 161 122 0 163 186 167 188 97 199 157 161 67 39 192 138 116 71 104 82 178 136 216 33 89 125 134 25 22 127 138 96 106 163 0 63 107 112 106 70 14 5 96 124 38 63 82 134 61 90 116 45 56 32 127 136 157 82 51 91 134 50 163 186 63 0 59 55 158 13 77 68 119 147 40 48 138 133 83 132 63 50 59 75 133 115 141 114 86 36 98 11 186 167 107 59 0 21 173 68 117 111 111 133 98 50 160 100 90 141 12 67 118 79 149 136 161 124 94 54 119 27 200 188 112 55 21 0 189 59 124 117 130 153 95 64 174 121 106 157 13 79 112 127 43 98 83 81 108 171 130 163 25 97 106 158 173 189 0 168 94 102 73 77 144 125 27 122 83 34 185 111 161 41 139 149 170 90 60 102 147 61 172 199 70 13 68 59 168 0 84 75 132 160 39 61 147 146 96 144 70 63 53 46 80 123 129 16 31 135 139 106 92 157 14 77 117 124 94 84 0 9 92 119 51 71 69 133 60 80 127 53 67 38 85 124 133 21 25 130 138 100 101 161 5 68 111 117 102 75 9 0 95 123 43 66 77 134 61 86 120 48 60 96 31 31 38 77 82 100 58 103 94 67 96 119 111 130 73 132 92 95 0 28 125 72 76 51 37 40 123 69 149 124 44 24 10 103 110 116 57 126 102 39 124 147 133 153 77 160 119 123 28 0 153 99 88 49 65 51 145 97 177 31 123 150 163 63 43 126 155 88 143 192 38 40 98 95 144 39 51 43 125 153 0 70 120 152 88 126 103 59 25 39 86 88 109 65 41 64 87 39 136 138 63 48 50 64 125 61 71 66 72 99 70 0 110 85 42 93 61 18 95 106 45 104 97 57 87 164 134 149 26 116 82 138 160 174 27 147 69 77 76 88 120 110 0 127 72 37 171 95 136 121 82 26 51 119 114 74 8 97 145 71 134 133 100 121 122 146 133 134 51 49 152 85 127 0 73 91 111 93 177 59 44 64 75 46 45 92 79 80 97 104 61 83 90 106 83 96 60 61 37 65 88 42 72 73 0 51 102 33 112 103 9 68 60 65 84 137 98 131 54 82 90 132 141 157 34 144 80 86 40 51 126 93 37 91 51 0 153 83 146 83 145 126 152 125 96 41 107 22 197 178 116 63 12 13 185 70 127 120 123 145 103 61 171 111 102 153 0 78 122 28 77 91 107 47 23 82 96 56 121 136 45 50 67 79 111 63 53 48 69 97 59 18 95 93 33 83 78 0 84 56 145 175 187 81 67 149 180 109 158 216 56 59 118 112 161 53 67 60 149 177 25 95 136 177 112 146 122 84 0 
