0 72 145 124 149 64 62 126 46 62 105 127 69 88 69 45 95 139 46 120 111 60 68 174 114 29 25 18 53 111 72 0 214 188 220 103 87 197 57 133 176 194 57 147 99 30 159 162 118 192 182 127 128 245 136 58 96 90 50 135 145 214 0 41 21 127 183 36 165 103 83 24 182 76 139 190 120 154 108 66 92 87 136 43 148 156 120 129 174 144 124 188 41 0 61 93 175 62 135 102 99 18 150 42 104 168 130 113 100 89 110 64 136 84 108 130 102 112 144 104 149 220 21 61 0 140 180 25 174 100 72 43 193 91 152 194 110 174 108 51 78 96 129 27 167 164 124 132 183 162 64 103 127 93 140 0 126 126 46 97 130 103 57 51 12 91 136 75 82 135 140 50 120 167 51 49 60 66 55 47 62 87 183 175 180 126 0 155 100 80 117 171 118 143 131 61 87 201 75 138 118 113 56 202 176 84 75 65 102 173 126 197 36 62 25 126 155 0 156 75 48 44 176 81 138 171 85 169 84 30 56 78 104 48 159 144 101 109 165 154 46 57 165 135 174 46 100 156 0 104 145 143 23 93 42 50 141 108 87 157 153 78 114 201 82 17 61 61 9 81 62 133 103 102 100 97 80 75 104 0 43 94 127 83 108 103 39 167 17 60 49 55 34 122 146 89 43 45 113 141 105 176 83 99 72 130 117 48 145 43 0 85 168 99 142 146 38 190 59 21 11 80 62 88 173 130 84 87 154 168 127 194 24 18 43 103 171 44 143 94 85 0 159 52 115 171 119 131 96 72 96 67 128 67 124 136 103 112 152 120 69 57 182 150 193 57 118 176 23 127 168 159 0 108 48 62 164 105 110 179 176 98 137 220 79 40 84 84 17 79 88 147 76 42 91 51 143 81 93 83 99 52 108 0 63 128 120 91 75 98 110 31 116 118 78 89 68 78 102 73 69 99 139 104 152 12 131 138 42 108 142 115 48 63 0 90 147 71 92 147 152 62 129 179 45 49 69 74 49 42 45 30 190 168 194 91 61 171 50 103 146 171 62 128 90 0 129 158 89 163 152 104 98 219 132 42 70 62 47 131 95 159 120 130 110 136 87 85 141 39 38 119 164 120 147 129 0 206 55 59 33 94 32 126 185 124 80 80 148 180 139 162 154 113 174 75 201 169 108 167 190 131 105 91 71 158 206 0 154 189 201 112 194 197 26 119 135 141 113 29 46 118 108 100 108 82 75 84 87 17 59 96 110 75 92 89 55 154 0 74 66 45 41 132 132 72 26 28 96 127 120 192 66 89 51 135 138 30 157 60 21 72 179 98 147 163 59 189 74 0 27 85 83 67 175 143 97 102 166 170 111 182 92 110 78 140 118 56 153 49 11 96 176 110 152 152 33 201 66 27 0 91 62 93 184 138 92 94 162 179 60 127 87 64 96 50 113 78 78 55 80 67 98 31 62 104 94 112 45 85 91 0 86 123 93 69 39 49 87 88 68 128 136 136 129 120 56 104 114 34 62 128 137 116 129 98 32 194 41 83 62 86 0 149 171 97 60 56 121 167 174 245 43 84 27 167 202 48 201 122 88 67 220 118 179 219 126 197 132 67 93 123 149 0 191 191 149 157 210 187 114 136 148 108 167 51 176 159 82 146 173 124 79 78 45 132 185 26 132 175 184 93 171 191 0 93 111 117 87 5 29 58 156 130 164 49 84 144 17 89 130 136 40 89 49 42 124 119 72 143 138 69 97 191 93 0 46 44 24 91 25 96 120 102 124 60 75 101 61 43 84 103 84 68 69 70 80 135 26 97 92 39 60 149 111 46 0 10 70 107 18 90 129 112 132 66 65 109 61 45 87 112 84 78 74 62 80 141 28 102 94 49 56 157 117 44 10 0 68 113 53 50 174 144 183 55 102 165 9 113 154 152 17 102 49 47 148 113 96 166 162 87 121 210 87 24 70 68 0 86 111 135 144 104 162 47 173 154 81 141 168 120 79 73 42 131 180 29 127 170 179 88 167 187 5 91 107 113 86 0 
0 111 39 114 178 94 129 135 98 191 147 5 57 122 64 170 152 68 128 127 173 96 88 145 201 122 82 182 134 101 111 0 121 6 113 51 18 119 24 86 42 112 82 93 47 150 123 139 106 85 95 28 154 40 97 74 29 86 29 66 39 121 0 122 158 120 138 106 115 190 161 34 43 99 82 138 125 29 101 107 160 114 49 147 198 151 96 176 148 87 114 6 122 0 107 57 16 115 30 80 44 115 81 89 51 145 118 138 102 80 89 34 154 34 91 80 33 80 31 62 178 113 158 107 0 162 109 67 136 85 133 175 121 60 140 68 50 155 62 51 24 139 157 85 83 187 128 59 128 77 94 51 120 57 162 0 64 156 27 132 65 97 93 131 40 190 165 145 143 127 146 23 164 90 144 33 38 136 55 102 129 18 138 16 109 64 0 125 39 69 30 130 97 99 65 154 127 154 112 89 88 42 169 26 81 81 47 72 20 75 135 119 106 115 67 156 125 0 133 137 155 131 80 26 121 36 20 94 13 37 81 136 93 113 138 187 118 112 144 54 98 24 115 30 136 27 39 133 0 108 50 100 82 108 34 167 141 137 120 103 119 4 155 64 120 54 20 110 37 79 191 86 190 80 85 132 69 137 108 0 75 191 147 115 131 151 127 199 125 102 61 111 209 46 12 144 113 26 79 107 147 42 161 44 133 65 30 155 50 75 0 149 123 129 83 183 156 180 142 119 111 53 196 48 87 70 66 88 13 105 5 112 34 115 175 97 130 131 100 191 149 0 54 119 66 166 148 63 124 124 171 98 83 145 201 125 84 182 136 99 57 82 43 81 121 93 97 80 82 147 123 54 0 65 53 116 95 57 71 70 118 82 73 104 155 126 62 133 110 45 122 93 99 89 60 131 99 26 108 115 129 119 65 0 98 59 34 95 13 13 66 111 99 88 119 162 93 93 118 29 64 47 82 51 140 40 65 121 34 131 83 66 53 98 0 156 132 106 109 97 128 32 124 85 142 73 18 128 70 69 170 150 138 145 68 190 154 36 167 151 183 166 116 59 156 0 27 123 47 65 90 170 117 137 150 221 152 125 174 88 152 123 125 118 50 165 127 20 141 127 156 148 95 34 132 27 0 114 24 38 68 144 113 110 127 195 127 101 147 63 68 139 29 138 155 145 154 94 137 199 180 63 57 95 106 123 114 0 94 106 160 137 20 159 206 177 117 182 167 92 128 106 101 102 62 143 112 13 120 125 142 124 71 13 109 47 24 94 0 24 72 123 95 100 128 174 105 102 131 41 127 85 107 80 51 127 89 37 103 102 119 124 70 13 97 65 38 106 24 0 54 106 111 76 106 157 90 80 109 28 173 95 160 89 24 146 88 81 119 61 111 171 118 66 128 90 68 160 72 54 0 123 165 63 60 169 114 35 107 73 96 28 114 34 139 23 42 136 4 111 53 98 82 111 32 170 144 137 123 106 123 0 155 68 123 51 20 114 40 82 88 154 49 154 157 164 169 93 155 209 196 83 73 99 124 117 113 20 95 111 165 155 0 171 215 196 135 190 183 102 145 40 147 34 85 90 26 113 64 46 48 145 104 88 85 137 110 159 100 76 63 68 171 0 57 107 67 46 44 70 201 97 198 91 83 144 81 138 120 12 87 201 155 119 142 150 127 206 128 106 60 123 215 57 0 156 124 26 91 114 122 74 151 80 187 33 81 187 54 144 70 125 126 162 73 221 195 177 174 157 169 51 196 107 156 0 70 153 66 133 82 29 96 33 128 38 47 118 20 113 66 84 62 93 18 152 127 117 105 90 114 20 135 67 124 70 0 111 53 64 182 86 176 80 59 136 72 112 110 26 88 182 133 93 128 125 101 182 102 80 35 114 190 46 26 153 111 0 87 90 134 29 148 31 128 55 20 144 37 79 13 136 110 118 70 174 147 167 131 109 107 40 183 44 91 66 53 87 0 93 101 66 87 62 77 102 75 54 79 107 105 99 45 29 69 88 63 92 41 28 73 82 102 70 114 133 64 90 93 0 
0 55 106 99 75 93 118 45 111 23 44 114 42 13 67 45 109 132 41 57 125 71 94 141 136 152 41 115 104 119 55 0 114 117 79 50 65 100 58 32 72 110 20 44 94 71 75 139 79 86 70 39 90 115 81 98 14 60 59 75 106 114 0 20 35 95 125 125 164 104 150 22 120 100 45 151 189 26 71 53 160 152 29 75 178 193 109 141 172 104 99 117 20 0 39 106 137 112 171 102 143 42 120 95 32 144 191 37 59 42 170 153 43 95 186 203 110 152 176 119 75 79 35 39 0 68 100 102 132 69 118 39 85 66 32 118 154 61 47 33 131 117 20 77 147 164 74 113 138 84 93 50 95 106 68 0 32 137 75 72 121 81 69 80 97 120 113 114 96 93 65 86 66 67 83 98 59 46 89 26 118 65 125 137 100 32 0 163 61 95 137 109 85 105 129 136 107 142 126 124 41 90 96 82 59 73 78 22 81 27 45 100 125 112 102 137 163 0 153 68 59 138 85 58 80 60 143 149 55 72 170 110 122 176 179 194 86 160 144 163 111 58 164 171 132 75 61 153 0 89 108 154 69 101 151 106 48 186 137 143 28 48 136 140 26 41 71 39 22 86 23 32 104 102 69 72 95 68 89 0 52 106 21 12 73 52 93 130 52 63 102 55 86 126 113 130 18 92 84 98 44 72 150 143 118 121 137 59 108 52 0 157 52 52 111 2 88 176 85 101 132 60 137 178 134 149 62 128 93 147 114 110 22 42 39 81 109 138 154 106 157 0 119 105 61 157 185 33 83 67 146 149 20 53 164 179 107 127 165 86 42 20 120 120 85 69 85 85 69 21 52 119 0 32 93 51 72 146 73 84 86 34 99 131 94 110 12 78 63 95 13 44 100 95 66 80 105 58 101 12 52 105 32 0 65 52 103 126 42 55 114 65 85 129 125 142 30 104 95 106 67 94 45 32 32 97 129 80 151 73 111 61 93 65 0 112 165 69 27 10 155 127 49 107 170 187 84 139 153 115 45 71 151 144 118 120 136 60 106 52 2 157 51 52 112 0 86 177 86 102 130 58 137 178 132 147 61 127 92 146 109 75 189 191 154 113 107 143 48 93 88 185 72 103 165 86 0 214 145 156 76 38 165 180 68 75 81 86 26 130 132 139 26 37 61 114 142 149 186 130 176 33 146 126 69 177 214 0 96 78 179 178 50 79 197 212 135 160 196 119 41 79 71 59 47 96 126 55 137 52 85 83 73 42 27 86 145 96 0 18 147 107 67 123 159 176 67 132 136 119 57 86 53 42 33 93 124 72 143 63 101 67 84 55 10 102 156 78 18 0 149 118 52 110 163 180 75 133 144 113 125 70 160 170 131 65 41 170 28 102 132 146 86 114 155 130 76 179 147 149 0 74 131 123 18 33 84 19 50 68 71 39 152 153 117 86 90 110 48 55 60 149 34 65 127 58 38 178 107 118 74 0 129 153 74 89 43 74 34 107 94 90 29 43 20 66 96 122 136 86 137 20 99 85 49 137 165 50 67 52 131 129 0 58 149 164 87 112 146 76 141 115 75 95 77 67 82 176 140 126 178 53 131 129 107 178 180 79 123 110 123 153 58 0 141 155 119 104 156 55 136 81 178 186 147 83 59 179 26 113 134 164 94 125 170 132 68 197 159 163 18 74 149 141 0 17 95 37 45 86 152 98 193 203 164 98 73 194 41 130 149 179 110 142 187 147 75 212 176 180 33 89 164 155 17 0 112 52 57 100 41 14 109 110 74 59 78 86 71 18 62 107 12 30 84 61 81 135 67 75 84 43 87 119 95 112 0 74 69 85 115 60 141 152 113 46 22 160 39 92 128 127 78 104 139 127 86 160 132 133 19 74 112 104 37 52 74 0 60 49 104 59 172 176 138 89 81 144 22 84 93 165 63 95 153 92 26 196 136 144 50 34 146 156 45 57 69 60 0 104 119 75 104 119 84 26 27 163 86 98 147 86 95 106 115 146 130 119 119 113 68 107 76 55 86 100 85 49 104 0 
0 126 148 163 41 21 123 42 37 6 99 166 90 59 153 107 145 88 156 67 36 60 46 62 48 157 93 84 159 17 126 0 22 56 85 108 17 87 120 131 30 69 124 113 96 25 102 93 75 173 137 177 101 82 146 110 40 73 73 143 148 22 0 48 107 130 31 109 141 153 51 63 141 133 100 45 109 110 75 194 158 199 122 103 167 115 61 91 71 165 163 56 48 0 122 148 72 130 143 166 67 15 126 129 59 59 72 148 32 218 160 218 124 104 166 163 70 85 119 180 41 85 107 122 0 26 83 14 44 46 58 128 82 53 123 66 117 69 121 96 58 96 33 35 69 132 52 53 125 58 21 108 130 148 26 0 103 21 47 27 83 154 96 66 148 91 142 67 147 70 53 70 48 57 65 136 78 78 138 37 123 17 31 72 83 103 0 82 122 129 36 86 132 118 112 35 118 79 92 164 138 170 104 87 148 93 47 81 58 140 42 87 109 130 14 21 82 0 55 48 63 136 96 67 135 71 130 56 131 88 66 90 47 49 78 122 60 66 118 58 37 120 141 143 44 47 122 55 0 34 90 143 53 23 124 96 114 111 132 103 17 94 19 39 26 176 80 59 168 47 6 131 153 166 46 27 129 48 34 0 103 168 87 57 154 111 145 94 158 69 31 60 46 64 42 163 97 86 165 14 99 30 51 67 58 83 36 63 90 103 0 75 96 83 88 8 90 85 75 151 107 153 71 52 116 121 11 45 93 116 166 69 63 15 128 154 86 136 143 168 75 0 120 127 45 67 58 159 18 224 160 224 124 105 165 177 76 84 134 182 90 124 141 126 82 96 132 96 53 87 96 120 0 31 86 99 73 150 103 156 61 146 49 51 59 208 85 51 189 99 59 113 133 129 53 66 118 67 23 57 83 127 31 0 103 88 92 122 113 126 36 117 20 31 38 185 73 44 171 70 153 96 100 59 123 148 112 135 124 154 88 45 86 103 0 82 15 172 27 218 139 213 108 91 141 205 82 70 169 168 107 25 45 59 66 91 35 71 96 111 8 67 99 88 82 0 86 92 68 159 113 161 77 58 122 124 16 48 93 124 145 102 109 72 117 142 118 130 114 145 90 58 73 92 15 86 0 172 40 212 128 205 99 85 129 210 82 64 175 159 88 93 110 148 69 67 79 56 111 94 85 159 150 122 172 92 172 0 160 97 120 110 102 100 132 70 90 112 83 100 156 75 75 32 121 147 92 131 132 158 75 18 103 113 27 68 40 160 0 217 148 216 113 94 151 185 72 73 146 172 67 173 194 218 96 70 164 88 103 69 151 224 156 126 218 159 212 97 217 0 98 20 113 127 106 160 148 148 180 58 36 137 158 160 58 53 138 66 17 31 107 160 61 36 139 113 128 120 148 98 0 85 36 56 12 188 97 76 183 40 60 177 199 218 96 70 170 90 94 60 153 224 146 117 213 161 205 110 216 20 85 0 106 122 92 176 148 144 192 47 46 101 122 124 33 48 104 47 19 46 71 124 49 20 108 77 99 102 113 113 36 106 0 20 45 165 61 40 153 60 62 82 103 104 35 57 87 49 39 64 52 105 51 31 91 58 85 100 94 127 56 122 20 0 64 157 42 22 140 78 48 146 167 166 69 65 148 78 26 42 116 165 59 38 141 122 129 132 151 106 12 92 45 64 0 200 106 81 194 48 157 110 115 163 132 136 93 122 176 163 121 177 208 185 205 124 210 70 185 160 188 176 165 157 200 0 131 162 47 170 93 40 61 70 52 78 47 60 80 97 11 76 85 73 82 16 82 90 72 148 97 148 61 42 106 131 0 34 104 110 84 73 91 85 53 78 81 66 59 86 45 84 51 44 70 48 64 112 73 148 76 144 40 22 81 162 34 0 138 100 159 73 71 119 125 138 58 118 168 165 93 134 189 171 169 93 175 83 146 180 183 192 153 140 194 47 104 138 0 174 17 143 165 180 58 37 140 58 47 14 116 182 99 70 168 124 159 100 172 58 40 47 60 78 48 170 110 100 174 0 
0 13 113 215 58 13 16 87 111 143 124 18 80 77 146 70 160 101 70 228 232 104 127 166 208 33 109 111 80 223 13 0 115 216 50 1 28 76 101 144 125 31 88 78 147 72 162 103 75 227 231 98 135 168 205 41 115 112 79 224 113 115 0 102 89 116 103 105 103 30 11 112 51 38 36 43 47 12 45 125 122 72 58 53 112 81 31 14 42 112 215 216 102 0 181 217 205 186 171 72 91 214 147 138 69 145 55 114 146 58 33 144 123 55 71 183 117 104 137 19 58 50 89 181 0 51 64 31 53 113 96 73 86 53 112 51 131 78 65 182 191 48 128 141 159 55 101 80 47 186 13 1 116 217 51 0 28 77 102 145 126 31 89 79 148 73 163 104 76 228 232 99 136 169 206 42 116 113 80 225 16 28 103 205 64 28 0 94 117 133 114 9 66 69 138 62 150 91 59 223 224 105 112 155 203 22 97 103 75 215 87 76 105 186 31 77 94 0 27 125 110 102 113 76 121 76 143 97 92 177 191 42 152 153 151 86 124 94 66 188 111 101 103 171 53 102 117 27 0 117 105 126 123 82 110 85 133 98 102 155 172 31 157 145 129 106 128 90 70 170 143 144 30 72 113 145 133 125 117 0 19 142 78 66 13 73 18 42 75 99 93 87 69 28 90 111 50 33 67 83 124 125 11 91 96 126 114 110 105 19 0 123 62 47 25 54 37 23 56 114 111 74 63 45 101 92 39 16 49 101 18 31 112 214 73 31 9 102 126 142 123 0 72 78 147 71 159 100 68 232 233 114 117 163 212 31 104 112 84 224 80 88 51 147 86 89 66 113 123 78 62 72 0 42 87 38 92 42 22 176 171 97 47 94 163 47 32 59 54 161 77 78 38 138 53 79 69 76 82 66 47 78 42 0 70 7 84 26 21 154 155 55 76 91 135 48 49 35 12 147 146 147 36 69 112 148 138 121 110 13 25 147 87 70 0 76 23 48 81 89 86 80 82 35 77 117 62 35 68 77 70 72 43 145 51 73 62 76 85 73 54 71 38 7 76 0 90 31 17 161 162 60 77 96 142 41 50 41 17 153 160 162 47 55 131 163 150 143 133 18 37 159 92 84 23 90 0 59 91 91 80 103 74 12 86 128 62 51 85 69 101 103 12 114 78 104 91 97 98 42 23 100 42 26 48 31 59 0 33 136 134 67 59 65 121 69 30 17 31 124 70 75 45 146 65 76 59 92 102 75 56 68 22 21 81 17 91 33 0 168 167 76 64 96 152 37 41 48 33 157 228 227 125 58 182 228 223 177 155 99 114 232 176 154 89 161 91 136 168 0 29 136 165 98 27 202 149 120 148 40 232 231 122 33 191 232 224 191 172 93 111 233 171 155 86 162 80 134 167 29 0 149 152 83 52 203 142 121 152 14 104 98 72 144 48 99 105 42 31 87 74 114 97 55 80 60 103 67 76 136 149 0 126 115 112 90 97 59 43 146 127 135 58 123 128 136 112 152 157 69 63 117 47 76 82 77 74 59 64 165 152 126 0 69 159 94 29 72 87 140 166 168 53 55 141 169 155 153 145 28 45 163 94 91 35 96 12 65 96 98 83 115 69 0 96 133 62 61 94 71 208 205 112 71 159 206 203 151 129 90 101 212 163 135 77 142 86 121 152 27 52 112 159 96 0 183 139 104 128 58 33 41 81 183 55 42 22 86 106 111 92 31 47 48 117 41 128 69 37 202 203 90 94 133 183 0 76 82 55 193 109 115 31 117 101 116 97 124 128 50 39 104 32 49 62 50 62 30 41 149 142 97 29 62 139 76 0 44 58 131 111 112 14 104 80 113 103 94 90 33 16 112 59 35 35 41 51 17 48 120 121 59 72 61 104 82 44 0 34 112 80 79 42 137 47 80 75 66 70 67 49 84 54 12 68 17 85 31 33 148 152 43 87 94 128 55 58 34 0 145 223 224 112 19 186 225 215 188 170 83 101 224 161 147 77 153 69 124 157 40 14 146 140 71 58 193 131 112 145 0 
0 92 26 113 31 53 54 77 106 120 62 56 91 83 72 60 91 59 156 73 56 76 68 71 115 45 53 106 19 74 92 0 82 111 76 112 81 168 187 174 145 142 70 174 99 152 73 50 207 34 79 168 31 157 139 105 116 24 78 18 26 82 0 87 7 77 70 88 105 105 63 81 67 94 90 79 66 64 141 72 72 88 66 96 91 70 79 90 34 64 113 111 87 0 83 164 151 147 130 86 113 165 41 151 172 154 38 132 110 128 151 149 122 178 35 156 166 99 119 103 31 76 7 83 0 81 71 95 111 107 70 87 60 101 92 86 60 61 143 68 72 95 61 102 90 73 83 83 36 58 53 112 77 164 81 0 33 98 144 169 101 42 138 103 33 68 138 62 205 80 36 96 81 53 168 8 5 132 46 98 54 81 70 151 71 33 0 120 158 173 114 71 119 126 21 94 120 31 209 49 3 119 50 84 161 28 38 104 36 70 77 168 88 147 95 98 120 0 52 101 34 61 147 6 129 32 145 135 130 150 123 3 145 61 129 96 94 178 95 150 106 187 105 130 111 144 158 52 0 58 44 111 145 52 173 83 142 165 80 177 160 55 171 113 102 140 141 190 125 169 120 174 105 86 107 169 173 101 58 0 74 148 115 103 192 124 112 168 36 175 175 104 168 154 52 163 168 170 137 158 62 145 63 113 70 101 114 34 44 74 0 74 115 38 129 50 114 121 107 133 116 36 128 80 96 96 98 152 81 127 56 142 81 165 87 42 71 61 111 148 74 0 147 64 75 29 147 96 181 114 74 58 112 15 160 43 37 158 64 125 91 70 67 41 60 138 119 147 145 115 115 147 0 153 140 145 3 95 144 89 118 148 82 162 71 130 140 58 92 62 83 174 94 151 101 103 126 6 52 103 38 64 153 0 134 35 151 141 130 156 129 7 151 63 133 101 99 184 101 156 72 99 90 172 92 33 21 129 173 192 129 75 140 134 0 100 141 49 228 65 22 127 68 86 181 33 38 122 56 88 60 152 79 154 86 68 94 32 83 124 50 29 145 35 100 0 144 113 157 129 97 29 126 30 144 67 64 166 75 134 91 73 66 38 60 138 120 145 142 112 114 147 3 151 141 144 0 97 141 91 120 147 84 162 68 130 140 61 92 65 59 50 64 132 61 62 31 135 165 168 121 96 95 141 49 113 97 0 204 18 29 134 19 111 148 56 67 73 40 39 156 207 141 110 143 205 209 130 80 36 107 181 144 130 228 157 141 204 0 211 211 133 204 187 75 199 204 201 173 193 73 34 72 128 68 80 49 150 177 175 133 114 89 156 65 129 91 18 211 0 46 149 7 129 149 74 85 57 55 27 56 79 72 151 72 36 3 123 160 175 116 74 118 129 22 97 120 29 211 46 0 122 48 87 162 31 41 102 38 68 76 168 88 149 95 96 119 3 55 104 36 58 148 7 127 29 147 134 133 149 122 0 144 58 132 94 92 178 94 150 68 31 66 122 61 81 50 145 171 168 128 112 82 151 68 126 84 19 204 7 48 144 0 127 142 74 85 54 51 22 71 157 96 178 102 53 84 61 113 154 80 15 162 63 86 30 162 111 187 129 87 58 127 0 171 56 48 173 79 140 115 139 91 35 90 168 161 129 102 52 96 160 71 133 181 144 68 148 75 149 162 132 142 171 0 160 168 129 125 127 45 105 70 156 73 8 28 96 140 163 96 43 130 101 33 67 130 56 199 74 31 94 74 56 160 0 11 125 38 91 53 116 79 166 83 5 38 94 141 168 98 37 140 99 38 64 140 67 204 85 41 92 85 48 168 11 0 136 48 102 106 24 90 99 83 132 104 178 190 170 152 158 58 184 122 166 61 73 201 57 102 178 54 173 129 125 136 0 94 34 19 78 34 119 36 46 36 95 125 137 81 64 92 101 56 75 92 40 173 55 38 94 51 79 125 38 48 94 0 61 74 18 64 103 58 98 70 150 169 158 127 125 62 156 88 134 65 39 193 27 68 150 22 140 127 91 102 34 61 0 
0 106 24 69 74 68 65 106 112 104 109 100 59 49 36 54 65 89 31 73 50 79 71 23 102 122 117 15 111 49 106 0 102 132 90 72 155 132 146 35 104 14 56 114 141 91 60 137 135 173 68 174 167 129 146 118 46 97 25 88 24 102 0 93 51 49 54 82 88 91 86 99 67 73 55 72 49 113 51 71 62 100 65 34 126 98 123 12 112 27 69 132 93 0 139 128 125 175 181 146 174 119 76 21 62 41 119 23 59 121 64 57 124 77 36 187 117 82 122 114 74 90 51 139 0 19 81 44 58 63 35 94 86 118 106 109 32 157 102 106 89 151 97 84 170 48 128 59 110 25 68 72 49 128 19 0 90 63 77 48 48 75 69 107 104 94 13 144 99 114 73 147 105 83 156 62 109 53 91 23 65 155 54 125 81 90 0 82 79 138 106 152 119 109 65 119 96 148 66 27 113 105 16 48 161 112 177 63 166 68 106 132 82 175 44 63 82 0 15 101 36 138 130 154 131 149 76 194 129 109 131 177 98 108 207 33 172 93 154 63 112 146 88 181 58 77 79 15 0 116 51 152 142 161 133 159 90 201 132 104 141 178 93 111 214 46 186 100 168 73 104 35 91 146 63 48 138 101 116 0 71 46 72 127 140 106 42 156 135 160 82 180 153 124 167 84 81 91 60 70 109 104 86 174 35 48 106 36 51 71 0 112 116 153 141 142 60 191 137 133 121 186 122 119 204 14 147 94 128 60 100 14 99 119 94 75 152 138 152 46 112 0 45 103 133 78 62 123 127 169 57 163 164 123 132 126 35 92 16 88 59 56 67 76 86 69 119 130 142 72 116 45 0 58 89 35 56 84 83 132 12 118 129 82 95 130 58 56 53 69 49 114 73 21 118 107 109 154 161 127 153 103 58 0 52 25 98 40 47 110 46 63 112 61 53 166 105 61 107 93 36 141 55 62 106 104 65 131 133 140 141 133 89 52 0 70 101 85 6 59 78 46 63 23 98 152 146 51 142 82 54 91 72 41 109 94 119 149 159 106 142 78 35 25 70 0 84 50 64 124 24 88 124 73 62 156 80 60 82 86 65 60 49 119 32 13 96 76 90 42 60 62 56 98 101 84 0 134 96 118 61 144 111 82 146 74 96 50 78 28 89 137 113 23 157 144 148 194 201 156 191 123 84 40 85 50 134 0 82 144 74 75 147 100 13 205 114 101 123 132 31 135 51 59 102 99 66 129 132 135 137 127 83 47 6 64 96 82 0 63 72 49 65 21 95 149 140 46 136 78 73 173 71 121 106 114 27 109 104 160 133 169 132 110 59 124 118 144 63 0 123 89 11 51 157 139 190 78 182 91 50 68 62 64 89 73 113 131 141 82 121 57 12 46 78 24 61 74 72 123 0 106 121 73 86 135 68 50 65 68 79 174 100 57 151 147 105 177 178 180 186 163 118 63 46 88 144 75 49 89 106 0 97 69 83 198 168 94 170 127 71 167 65 124 97 105 16 98 93 153 122 164 129 112 63 124 111 147 65 11 121 97 0 51 160 128 187 73 177 83 23 129 34 77 84 83 48 108 111 124 119 123 82 61 23 73 82 100 21 51 73 69 51 0 113 129 140 33 134 61 102 146 126 36 170 156 161 207 214 167 204 132 95 53 98 62 146 13 95 157 86 83 160 113 0 218 119 114 130 145 122 118 98 187 48 62 112 33 46 84 14 126 130 166 152 156 74 205 149 139 135 198 128 129 218 0 161 107 142 73 117 46 123 117 128 109 177 172 186 81 147 35 58 105 146 80 96 114 140 190 68 168 187 140 119 161 0 114 21 118 15 97 12 82 59 53 63 93 100 91 94 92 56 61 51 60 50 101 46 78 50 94 73 33 114 107 114 0 104 34 111 25 112 122 110 91 166 154 168 60 128 16 53 107 142 82 78 123 136 182 65 170 177 134 130 142 21 104 0 103 49 88 27 114 25 23 68 63 73 70 60 88 69 93 82 86 28 132 78 91 68 127 83 61 145 73 118 34 103 0 
0 10 118 72 141 133 93 138 39 48 87 84 93 102 113 48 57 66 127 113 33 108 68 87 138 167 40 26 112 117 10 0 124 71 132 126 84 138 31 38 80 81 84 102 114 57 52 65 118 122 24 114 71 79 128 164 31 18 122 107 118 124 0 78 164 128 150 63 155 150 112 87 147 63 45 130 175 183 164 57 121 10 56 120 196 121 154 116 68 179 72 71 78 0 95 70 72 69 94 81 35 15 69 32 49 111 120 135 88 109 55 71 30 43 119 95 91 54 115 101 141 132 164 95 0 42 52 121 133 110 60 81 51 101 121 189 159 180 19 204 108 160 125 56 51 88 129 115 210 51 133 126 128 70 42 0 68 79 138 117 46 55 64 65 83 177 165 185 52 173 104 124 98 49 90 50 134 108 181 82 93 84 150 72 52 68 0 126 81 58 41 65 4 94 115 141 107 128 35 177 60 143 99 32 49 118 77 68 182 29 138 138 63 69 121 79 126 0 163 150 86 65 122 37 27 167 189 203 126 119 124 65 72 95 164 59 160 123 129 150 39 31 155 94 133 138 81 163 0 23 94 101 82 126 140 75 28 47 116 152 39 145 100 89 118 181 4 40 151 98 48 38 150 81 110 117 58 150 23 0 74 85 59 113 130 92 50 70 93 157 29 140 94 68 95 161 19 35 158 75 87 80 112 35 60 46 41 86 94 74 0 25 37 53 74 133 121 140 53 144 58 105 65 9 85 87 90 62 150 67 84 81 87 15 81 55 65 65 101 85 25 0 61 30 50 125 128 144 77 123 62 80 44 34 110 83 98 63 129 92 93 84 147 69 51 64 4 122 82 59 37 61 0 90 111 141 109 129 34 175 60 140 96 28 51 114 78 67 179 32 102 102 63 32 101 65 94 37 126 113 53 30 90 0 21 136 152 167 102 109 87 59 42 62 137 72 123 86 118 120 113 114 45 49 121 83 115 27 140 130 74 50 111 21 0 140 166 179 122 97 102 44 46 83 158 79 138 100 107 141 48 57 130 111 189 177 141 167 75 92 133 125 141 136 140 0 74 68 175 102 81 121 95 133 185 206 78 74 97 164 57 52 175 120 159 165 107 189 28 50 121 128 109 152 166 74 0 21 142 166 66 165 123 116 138 208 31 66 164 120 66 65 183 135 180 185 128 203 47 70 140 144 129 167 179 68 21 0 163 167 83 173 134 136 159 226 51 81 163 141 127 118 164 88 19 52 35 126 116 93 53 77 34 102 122 175 142 163 0 197 94 157 118 47 38 101 112 101 203 33 113 122 57 109 204 173 177 119 152 157 144 123 175 109 97 102 166 167 197 0 130 54 79 151 226 176 153 123 11 206 33 24 121 55 108 104 60 124 39 29 58 62 60 87 102 81 66 83 94 130 0 111 65 56 106 143 36 8 132 85 108 114 10 71 160 124 143 65 145 140 105 80 140 59 44 121 165 173 157 54 111 0 46 113 189 122 144 106 64 172 68 71 56 30 125 98 99 72 100 94 65 44 96 42 46 95 123 134 118 79 65 46 0 72 147 114 99 61 85 128 87 79 120 43 56 49 32 95 89 68 9 34 28 62 83 133 116 136 47 151 56 113 72 0 76 94 85 61 157 59 138 128 196 119 51 90 49 164 118 95 85 110 51 137 158 185 138 159 38 226 106 189 147 76 0 139 114 114 230 21 167 164 121 95 88 50 118 59 181 161 87 83 114 72 79 206 208 226 101 176 143 122 114 94 139 0 177 146 186 132 40 31 154 91 129 134 77 160 4 19 90 98 78 123 138 78 31 51 112 153 36 144 99 85 114 177 0 38 152 94 26 18 116 54 115 108 68 123 40 35 62 63 67 86 100 74 66 81 101 123 8 106 61 61 114 146 38 0 124 93 112 122 68 115 210 181 182 129 151 158 150 129 179 118 107 97 164 163 203 11 132 64 85 157 230 186 152 124 0 211 117 107 179 101 51 82 29 150 98 75 67 92 32 120 141 164 120 141 33 206 85 172 128 59 21 132 94 93 211 0 
0 168 206 132 190 110 225 97 104 95 46 226 162 71 126 193 126 91 82 151 168 180 99 48 156 162 132 120 48 101 168 0 46 126 52 101 78 87 71 103 123 71 42 112 116 45 116 159 123 172 82 106 81 134 43 98 105 49 148 111 206 46 0 133 27 118 33 132 115 126 160 25 47 156 162 17 125 178 146 175 124 146 126 166 87 141 151 93 192 130 132 126 133 0 107 34 134 136 124 47 99 141 89 136 186 116 11 57 50 46 187 210 132 84 151 195 182 114 154 35 190 52 27 107 0 95 35 128 111 105 144 37 28 150 166 11 99 155 125 148 134 158 122 148 95 150 155 89 183 107 110 101 118 34 95 0 128 102 90 16 70 132 71 104 152 102 23 60 31 77 155 178 98 62 121 162 148 82 124 12 225 78 33 134 35 128 0 160 143 139 179 12 63 183 194 35 128 186 158 173 157 179 154 183 119 174 183 121 218 140 97 87 132 136 128 102 160 0 17 90 65 156 103 28 50 125 125 135 99 176 72 88 6 85 62 70 47 39 64 103 104 71 115 124 111 90 143 17 0 79 66 139 86 41 63 108 113 129 92 165 72 92 11 84 52 74 58 22 77 92 95 103 126 47 105 16 139 90 79 0 54 142 79 89 140 110 38 56 20 86 148 171 86 47 117 153 136 75 108 13 46 123 160 99 144 70 179 65 66 54 0 180 116 48 107 147 91 75 49 128 136 153 65 21 118 135 109 78 55 64 226 71 25 141 37 132 12 156 139 142 180 0 64 180 187 33 134 191 162 181 148 170 150 184 112 165 176 117 216 144 162 42 47 89 28 71 63 103 86 79 116 64 0 123 145 31 80 131 99 134 121 145 97 120 81 135 135 64 156 83 71 112 156 136 150 104 183 28 41 89 48 180 123 0 59 148 127 123 93 172 97 109 32 69 90 91 63 63 36 102 126 116 162 186 166 152 194 50 63 140 107 187 145 59 0 161 175 182 148 226 56 58 54 128 77 42 13 81 80 153 193 45 17 116 11 102 35 125 108 110 147 33 31 148 161 0 108 162 130 159 127 150 119 151 88 143 149 86 183 114 126 116 125 11 99 23 128 125 113 38 91 134 80 127 175 108 0 59 44 57 176 199 121 78 140 184 171 103 146 27 91 159 178 57 155 60 186 135 129 56 75 191 131 123 182 162 59 0 38 60 200 221 133 54 171 203 182 129 126 49 82 123 146 50 125 31 158 99 92 20 49 162 99 93 148 130 44 38 0 79 163 184 96 34 133 166 146 91 104 19 151 172 175 46 148 77 173 176 165 86 128 181 134 172 226 159 57 60 79 0 232 255 172 109 197 239 222 159 182 73 168 82 124 187 134 155 157 72 72 148 136 148 121 97 56 127 176 200 163 232 0 24 71 156 40 18 43 73 128 160 180 106 146 210 158 178 179 88 92 171 153 170 145 109 58 150 199 221 184 255 24 0 89 173 64 18 49 96 138 183 99 81 126 132 122 98 154 6 11 86 65 150 97 32 54 119 121 133 96 172 71 89 0 85 58 71 50 33 68 99 48 134 166 84 148 62 183 85 84 47 21 184 120 69 128 151 78 54 34 109 156 173 85 0 134 155 130 93 73 53 156 43 87 151 95 121 119 62 52 117 118 112 81 90 77 88 140 171 133 197 40 64 58 134 0 55 64 42 126 128 162 98 141 195 150 162 174 70 74 153 135 165 135 91 42 143 184 203 166 239 18 18 71 155 55 0 31 81 120 166 132 105 151 182 155 148 183 47 58 136 109 176 135 63 13 149 171 182 146 222 43 49 50 130 64 31 0 73 89 149 120 49 93 114 89 82 121 39 22 75 78 117 64 63 81 86 103 129 91 159 73 96 33 93 42 81 73 0 99 87 48 148 192 154 183 124 218 64 77 108 55 216 156 36 80 183 146 126 104 182 128 138 68 73 126 120 89 99 0 119 101 111 130 35 107 12 140 103 92 13 64 144 83 102 153 114 27 49 19 73 160 183 99 53 128 166 149 87 119 0 
0 34 83 60 153 183 101 86 97 75 69 77 48 127 126 100 82 58 44 140 151 192 77 25 184 106 139 128 74 129 34 0 115 94 187 217 134 107 127 105 96 111 67 161 152 130 109 76 52 174 185 225 94 50 218 136 173 161 106 163 83 115 0 50 102 110 69 53 20 18 83 17 63 85 58 27 32 64 83 81 79 110 68 87 103 31 76 88 67 48 60 94 50 0 93 127 41 91 70 58 33 34 75 67 108 77 74 82 88 80 95 145 96 49 136 81 79 68 20 82 153 187 102 93 0 59 53 155 113 120 97 91 159 26 143 120 134 163 176 23 47 106 170 138 95 119 30 27 82 76 183 217 110 127 59 0 96 155 110 127 142 107 173 77 127 115 136 174 193 52 32 53 173 176 43 111 48 80 124 64 101 134 69 41 53 96 0 120 87 83 46 52 113 27 123 94 99 119 128 45 69 129 130 85 118 96 48 27 29 73 86 107 53 91 155 155 120 0 45 37 122 68 40 138 48 41 21 32 57 134 127 141 19 104 137 46 129 141 111 91 97 127 20 70 113 110 87 45 0 22 103 37 67 99 38 7 26 65 88 91 82 101 63 105 96 11 85 103 87 46 75 105 18 58 120 127 83 37 22 0 91 31 47 102 53 25 16 47 68 99 96 122 50 85 116 31 94 104 77 64 69 96 83 33 97 142 46 122 103 91 0 67 99 72 141 110 106 108 107 91 114 170 124 46 160 114 94 70 20 110 77 111 17 34 91 107 52 68 37 31 67 0 68 71 75 44 47 72 87 71 75 115 79 76 107 48 68 73 50 52 48 67 63 75 159 173 113 40 67 47 99 68 0 137 85 67 44 10 21 139 141 168 29 70 163 73 136 139 95 111 127 161 85 67 26 77 27 138 99 102 72 71 137 0 134 106 117 142 153 26 54 116 150 112 105 107 32 4 56 72 126 152 58 108 143 127 123 48 38 53 141 75 85 134 0 31 44 79 105 120 104 99 67 138 98 27 113 138 125 68 100 130 27 77 120 115 94 41 7 25 110 44 67 106 31 0 24 64 88 97 88 102 59 110 97 6 91 110 94 51 82 109 32 74 134 136 99 21 26 16 106 47 44 117 44 24 0 40 65 113 107 126 37 95 121 30 108 120 93 72 58 76 64 82 163 174 119 32 65 47 108 72 10 142 79 64 40 0 26 143 143 166 19 80 161 70 139 144 102 110 44 52 83 88 176 193 128 57 88 68 107 87 21 153 105 88 65 26 0 158 161 189 42 69 184 94 155 154 106 131 140 174 81 80 23 52 45 134 91 99 91 71 139 26 120 97 113 143 158 0 28 90 149 128 79 96 7 30 74 53 151 185 79 95 47 32 69 127 82 96 114 75 141 54 104 88 107 143 161 28 0 62 144 144 51 85 22 58 94 37 192 225 110 145 106 53 129 141 101 122 170 115 168 116 99 102 126 166 189 90 62 0 160 191 11 96 84 120 150 63 77 94 68 96 170 173 130 19 63 50 124 79 29 150 67 59 37 19 42 149 144 160 0 99 156 65 144 152 116 109 25 50 87 49 138 176 85 104 105 85 46 76 70 112 138 110 95 80 69 128 144 191 99 0 183 116 128 112 57 128 184 218 103 136 95 43 118 137 96 116 160 107 163 105 98 97 121 161 184 79 51 11 156 183 0 92 73 109 140 55 106 136 31 81 119 111 96 46 11 31 114 48 73 107 27 6 30 70 94 96 85 96 65 116 92 0 90 111 98 48 139 173 76 79 30 48 48 129 85 94 94 68 136 32 113 91 108 139 155 7 22 84 144 128 73 90 0 36 76 46 128 161 88 68 27 80 27 141 103 104 70 73 139 4 138 110 120 144 154 30 58 120 152 112 109 111 36 0 55 76 74 106 67 20 82 124 29 111 87 77 20 50 95 56 125 94 93 102 106 74 94 150 116 57 140 98 76 55 0 90 129 163 48 82 76 64 73 91 46 64 110 52 111 72 68 51 72 110 131 53 37 63 109 128 55 48 46 76 90 0 
0 75 74 15 26 103 78 111 136 124 73 153 92 78 138 103 27 76 139 76 79 48 108 137 114 136 88 54 71 162 75 0 46 75 54 129 59 48 113 114 35 89 51 130 63 73 48 51 142 26 140 115 34 62 92 115 34 127 99 87 74 46 0 65 68 86 100 45 71 155 11 84 95 98 83 117 61 92 96 70 113 96 71 92 136 72 23 126 127 105 15 75 65 0 35 88 89 106 123 137 66 147 100 65 136 114 34 85 124 82 70 41 109 137 126 123 82 61 86 160 26 54 68 35 0 119 54 96 137 103 63 138 66 100 117 79 7 50 149 52 104 74 85 114 91 138 75 74 60 141 103 129 86 88 119 0 169 126 78 222 97 152 173 46 168 192 114 163 47 149 65 78 157 178 207 76 109 128 174 187 78 59 100 89 54 169 0 106 170 56 90 144 22 154 106 25 56 8 193 35 157 126 70 95 38 172 93 114 52 128 111 48 45 106 96 126 106 0 82 157 40 42 92 143 42 114 90 98 123 71 158 141 46 54 133 84 24 165 147 61 136 113 71 123 137 78 170 82 0 225 80 88 164 118 120 186 130 162 48 139 137 137 127 135 205 3 80 181 197 131 124 114 155 137 103 222 56 157 225 0 145 190 65 202 149 43 108 63 249 88 201 169 115 134 25 227 148 142 63 167 73 35 11 66 63 97 90 40 80 145 0 81 85 106 76 107 56 82 107 60 120 101 60 82 126 82 16 127 120 98 153 89 84 147 138 152 144 42 88 190 81 0 127 178 47 147 132 136 136 109 195 180 75 65 166 91 66 207 188 47 92 51 95 100 66 173 22 92 164 65 85 127 0 164 86 22 66 18 191 25 170 140 52 74 41 166 85 133 74 107 78 130 98 65 100 46 154 143 118 202 106 178 164 0 181 179 99 150 93 144 19 38 163 188 191 116 121 87 147 203 138 63 83 136 117 168 106 42 120 149 76 47 86 181 0 106 111 99 164 74 196 175 36 18 124 123 60 190 155 24 103 73 117 114 79 192 25 114 186 43 107 147 22 179 106 0 80 29 213 47 182 151 72 91 19 188 107 138 68 124 27 48 61 34 7 114 56 90 130 108 56 132 66 99 111 80 0 51 143 49 104 74 81 110 94 131 68 79 67 135 76 51 92 85 50 163 8 98 162 63 82 136 18 150 99 29 51 0 186 27 154 124 63 88 44 164 85 115 57 121 139 142 96 124 149 47 193 123 48 249 107 136 191 93 164 213 143 186 0 166 112 124 163 177 230 45 113 173 209 178 76 26 70 82 52 149 35 71 139 88 60 109 25 144 74 47 49 27 166 0 152 123 38 66 66 141 60 125 81 97 79 140 113 70 104 65 157 158 137 201 120 195 170 19 196 182 104 154 112 152 0 32 174 200 193 135 136 76 143 218 48 115 96 41 74 78 126 141 137 169 101 180 140 38 175 151 74 124 124 123 32 0 149 177 162 137 117 50 111 198 108 34 71 109 85 157 70 46 127 115 60 75 52 163 36 72 81 63 163 38 174 149 0 29 91 129 50 159 119 59 137 62 92 137 114 178 95 54 135 134 82 65 74 188 18 91 110 88 177 66 200 177 29 0 109 138 69 188 145 33 114 92 136 126 91 207 38 133 205 25 126 166 41 191 124 19 94 44 230 66 193 162 91 109 0 207 126 142 66 142 136 115 72 123 138 76 172 84 3 227 82 91 166 116 123 188 131 164 45 141 135 137 129 138 207 0 82 181 198 134 88 34 23 82 75 109 93 24 80 148 16 66 85 121 60 107 68 85 113 60 136 117 50 69 126 82 0 142 130 82 54 127 126 61 74 128 114 165 181 142 127 207 133 87 190 138 79 115 173 125 76 50 159 188 142 181 142 0 79 214 71 99 127 86 60 174 52 147 197 63 120 188 74 147 155 68 67 57 209 81 143 111 119 145 66 198 130 79 0 178 162 87 105 160 141 187 128 61 131 167 98 47 107 203 24 124 135 121 178 97 218 198 59 33 142 134 82 214 178 0 
0 103 117 130 121 78 39 100 83 70 74 89 49 93 113 75 47 29 75 143 107 29 112 73 124 10 55 109 14 81 103 0 30 90 195 29 115 18 30 152 153 177 152 45 63 32 102 132 100 67 95 127 167 104 21 113 156 60 108 23 117 30 0 120 219 39 136 18 34 154 155 198 165 75 93 42 104 145 92 92 125 143 194 131 25 126 167 90 119 48 130 90 120 0 157 105 112 107 111 199 202 157 165 50 27 105 159 155 171 45 31 136 118 72 100 139 182 31 143 84 121 195 219 157 0 182 86 201 188 164 169 38 99 158 161 179 165 113 194 196 126 93 40 93 216 117 122 160 130 172 78 29 39 105 182 0 97 22 7 123 124 159 127 55 78 3 73 107 72 92 101 104 159 97 47 88 129 74 81 21 39 115 136 112 86 97 0 118 104 102 107 62 54 89 102 95 86 49 113 137 83 25 73 43 136 41 73 99 52 92 100 18 18 107 201 22 118 0 18 142 143 180 149 60 80 25 92 129 85 85 110 126 176 113 27 110 151 77 103 30 83 30 34 111 188 7 104 18 0 124 125 165 131 61 84 9 74 111 70 95 108 110 166 104 45 92 133 80 85 27 70 152 154 199 164 123 102 142 124 0 5 126 65 157 179 121 50 55 69 207 176 79 170 142 169 63 42 175 56 136 74 153 155 202 169 124 107 143 125 5 0 131 70 160 182 122 51 60 68 209 180 84 175 146 170 67 47 178 60 138 89 177 198 157 38 159 62 180 165 126 131 0 61 147 155 157 132 77 161 191 126 60 59 86 198 84 84 153 97 154 49 152 165 165 99 127 54 149 131 65 70 61 0 137 153 124 78 21 107 187 137 29 108 97 173 39 24 149 47 129 93 45 75 50 158 55 89 60 61 157 160 147 137 0 23 55 113 122 122 50 50 108 127 65 61 103 148 19 103 34 113 63 93 27 161 78 102 80 84 179 182 155 153 23 0 78 136 140 145 36 39 124 125 69 75 122 167 4 124 57 75 32 42 105 179 3 95 25 9 121 122 157 124 55 78 0 71 104 70 93 101 101 157 96 50 85 126 74 78 21 47 102 104 159 165 73 86 92 74 50 51 132 78 113 136 71 0 58 29 160 142 72 159 116 119 48 69 132 35 87 29 132 145 155 113 107 49 129 111 55 60 77 21 122 140 104 58 0 87 172 129 24 115 91 153 19 27 136 26 110 75 100 92 171 194 72 113 85 70 69 68 161 107 122 145 70 29 87 0 163 159 101 186 138 112 77 97 141 64 91 143 67 92 45 196 92 137 85 95 207 209 191 187 50 36 93 160 172 163 0 71 158 159 105 68 153 198 38 153 73 107 95 125 31 126 101 83 110 108 176 180 126 137 50 39 101 142 129 159 71 0 108 88 41 111 115 156 39 120 81 29 127 143 136 93 104 25 126 110 79 84 60 29 108 124 101 72 24 101 158 108 0 91 68 148 24 48 120 37 104 112 167 194 118 40 159 73 176 166 170 175 59 108 127 125 157 159 115 186 159 88 91 0 63 186 113 132 124 125 146 73 104 131 72 93 97 43 113 104 142 146 86 97 65 69 96 116 91 138 105 41 68 63 0 124 79 116 67 87 83 124 21 25 100 216 47 136 27 45 169 170 198 173 61 75 50 119 153 112 68 111 148 186 124 0 134 176 72 128 44 10 113 126 139 117 88 41 110 92 63 67 84 39 103 122 85 48 19 77 153 115 24 113 79 134 0 45 118 13 91 55 156 167 182 122 129 73 151 133 42 47 84 24 148 167 126 69 27 97 198 156 48 132 116 176 45 0 163 48 135 109 60 90 31 160 74 99 77 80 175 178 153 149 19 4 74 132 136 141 38 39 120 124 67 72 118 163 0 120 53 14 108 119 143 130 81 52 103 85 56 60 97 47 103 124 78 35 26 64 153 120 37 125 87 128 13 48 120 0 87 81 23 48 84 172 21 92 30 27 136 138 154 129 34 57 21 87 110 91 73 81 104 146 83 44 91 135 53 87 0 
