0 108 122 111 29 95 149 83 114 70 95 43 125 18 52 19 73 52 79 93 116 16 70 51 94 134 73 42 56 99 108 0 152 65 121 25 62 27 192 110 195 147 23 104 81 112 181 148 185 102 35 106 94 61 116 105 136 72 101 195 122 152 0 95 151 127 139 129 77 188 119 115 151 104 86 104 142 98 136 50 128 106 182 138 37 71 195 106 69 109 111 65 95 0 136 43 48 54 153 148 171 136 57 97 61 104 171 128 172 48 34 99 135 88 62 40 167 70 70 167 29 121 151 136 0 113 170 100 134 50 106 55 141 47 79 47 73 70 83 121 136 45 57 60 123 162 45 66 85 113 95 25 127 43 113 0 58 14 169 112 176 130 31 87 59 95 164 129 168 77 24 88 97 55 91 83 136 54 78 174 149 62 139 48 170 58 0 72 201 170 218 180 41 139 104 146 215 175 217 96 34 140 154 113 110 72 194 107 117 215 83 27 129 54 100 14 72 0 165 98 168 120 42 77 54 85 155 121 158 80 38 79 84 41 92 94 122 45 74 168 114 192 77 153 134 169 201 165 0 183 50 80 200 102 112 96 88 64 78 105 180 102 184 155 92 143 177 125 91 38 70 110 188 148 50 112 170 98 183 0 156 105 133 85 105 89 121 119 132 149 136 84 17 60 156 182 28 86 119 163 95 195 119 171 106 176 218 168 50 156 0 52 207 91 117 83 41 47 30 129 191 90 162 144 119 173 144 123 101 12 43 147 115 136 55 130 180 120 80 105 52 0 161 43 76 35 35 18 38 103 150 42 110 93 100 149 97 76 68 58 125 23 151 57 141 31 41 42 200 133 207 161 0 118 90 126 195 160 199 101 23 119 117 81 115 95 159 85 109 205 18 104 104 97 47 87 139 77 102 85 91 43 118 0 36 8 78 45 81 75 107 2 83 53 76 118 91 33 38 93 52 81 86 61 79 59 104 54 112 105 117 76 90 36 0 43 111 71 113 44 74 38 97 52 51 83 118 20 21 115 19 112 104 104 47 95 146 85 96 89 83 35 126 8 43 0 70 37 73 78 115 7 88 61 79 123 91 41 41 85 73 181 142 171 73 164 215 155 88 121 41 35 195 78 111 70 0 46 12 137 184 76 130 124 131 183 106 110 103 53 52 148 98 128 70 129 175 121 64 119 47 18 160 45 71 37 46 0 44 91 145 44 122 98 85 137 114 76 58 48 79 185 136 172 83 168 217 158 78 132 30 38 199 81 113 73 12 44 0 135 187 80 140 130 129 181 117 114 102 41 93 102 50 48 121 77 96 80 105 149 129 103 101 75 44 78 137 91 135 0 79 77 140 94 14 46 162 63 37 123 116 35 128 34 136 24 34 38 180 136 191 150 23 107 74 115 184 145 187 79 0 108 121 79 93 73 160 74 91 189 16 106 106 99 45 88 140 79 102 84 90 42 119 2 38 7 76 44 80 77 108 0 83 54 78 120 89 34 40 92 70 94 182 135 57 97 154 84 184 17 162 110 117 83 97 88 130 122 140 140 121 83 0 48 148 171 45 77 113 168 51 61 138 88 60 55 113 41 155 60 144 93 81 53 52 61 124 98 130 94 79 54 48 0 103 123 81 33 71 146 94 116 37 62 123 91 110 92 92 156 119 100 115 76 51 79 131 85 129 14 93 78 148 103 0 54 166 71 38 113 134 105 71 40 162 83 72 94 143 182 173 149 95 118 83 123 183 137 181 46 73 120 171 123 54 0 198 98 82 167 73 136 195 167 45 136 194 122 177 28 144 97 159 91 118 91 106 114 117 162 160 89 45 81 166 198 0 100 128 153 42 72 106 70 66 54 107 45 125 86 123 76 85 33 20 41 110 76 114 63 74 34 77 33 71 98 100 0 38 123 56 101 69 70 85 78 117 74 91 119 101 68 109 38 21 41 103 58 102 37 91 40 113 71 38 82 128 38 0 98 99 195 109 167 113 174 215 168 38 163 12 58 205 93 115 85 53 48 41 123 189 92 168 146 113 167 153 123 98 0 
0 138 169 39 154 73 105 119 125 111 72 182 95 196 48 109 43 7 196 31 170 132 132 95 82 153 112 178 70 217 138 0 148 100 66 107 82 56 203 59 94 76 124 124 90 88 100 131 87 135 37 8 9 47 82 113 29 80 125 166 169 148 0 157 87 203 78 94 119 94 102 103 74 62 153 71 167 164 111 191 143 153 155 125 99 35 129 94 100 53 39 100 157 0 124 51 84 89 144 82 55 151 91 173 10 89 11 32 165 39 134 94 94 59 60 134 76 148 71 199 154 66 87 124 0 154 55 35 174 43 87 29 95 58 116 56 130 147 43 163 56 73 75 68 74 52 60 24 110 100 73 107 203 51 154 0 126 122 193 117 103 176 140 209 51 133 40 70 189 48 144 99 99 86 104 177 96 177 122 242 105 82 78 84 55 126 0 29 123 23 33 84 43 91 78 7 92 99 98 121 96 84 86 49 24 51 57 79 55 116 119 56 94 89 35 122 29 0 152 8 53 63 72 87 81 33 95 112 77 128 67 60 61 36 40 60 35 59 81 122 125 203 119 144 174 193 123 152 0 146 110 200 80 177 147 119 154 126 211 156 219 202 204 159 121 133 174 192 79 170 111 59 94 82 43 117 23 8 146 0 45 71 66 92 74 29 88 105 85 121 74 61 63 32 32 62 35 67 74 125 72 94 102 55 87 103 33 53 110 45 0 116 39 124 52 37 65 66 130 90 117 93 94 49 13 82 65 111 31 147 182 76 103 151 29 176 84 63 200 71 116 0 123 56 142 85 155 175 14 190 50 84 85 92 103 71 80 9 139 101 95 124 74 91 95 140 43 72 80 66 39 123 0 113 89 39 101 92 135 120 139 124 126 83 45 66 96 116 26 124 196 124 62 173 58 209 91 87 177 92 124 56 113 0 166 87 180 190 56 212 106 131 133 123 115 47 117 48 137 45 48 90 153 10 116 51 78 81 147 74 52 142 89 166 0 83 14 41 156 48 124 84 84 50 54 128 66 140 72 193 109 88 71 89 56 133 7 33 119 29 37 85 39 87 83 0 97 103 97 126 100 90 92 56 29 45 63 78 55 110 43 100 167 11 130 40 92 95 154 88 65 155 101 180 14 97 0 37 169 35 135 93 93 63 68 142 78 154 82 207 7 131 164 32 147 70 99 112 126 105 66 175 92 190 41 103 37 0 189 30 163 125 125 88 76 148 105 171 66 212 196 87 111 165 43 189 98 77 211 85 130 14 135 56 156 97 169 189 0 204 57 95 96 106 117 81 93 19 152 101 31 135 191 39 163 48 121 128 156 121 90 190 120 212 48 126 35 30 204 0 170 128 128 98 97 171 113 187 96 236 170 37 143 134 56 144 96 67 219 74 117 50 139 106 124 100 135 163 57 170 0 45 46 76 104 108 58 58 147 151 132 8 153 94 73 99 84 60 202 61 93 84 124 131 84 90 93 125 95 128 45 0 2 44 81 118 28 88 124 173 132 9 155 94 75 99 86 61 204 63 94 85 126 133 84 92 93 125 96 128 46 2 0 45 83 120 30 89 125 175 95 47 125 59 68 86 49 36 159 32 49 92 83 123 50 56 63 88 106 98 76 44 45 0 38 94 18 91 80 157 82 82 99 60 74 104 24 40 121 32 13 103 45 115 54 29 68 76 117 97 104 81 83 38 0 74 53 98 44 139 153 113 35 134 52 177 51 60 133 62 82 71 66 47 128 45 142 148 81 171 108 118 120 94 74 0 95 62 91 65 112 29 129 76 60 96 57 35 174 35 65 80 96 117 66 63 78 105 93 113 58 28 30 18 53 95 0 81 96 156 178 80 94 148 24 177 79 59 192 67 111 9 116 48 140 78 154 171 19 187 58 88 89 91 98 62 81 0 133 93 70 125 100 71 110 122 55 81 79 74 31 139 26 137 72 55 82 66 152 96 147 124 125 80 44 91 96 133 0 150 217 166 53 199 100 242 116 122 170 125 147 101 124 45 193 110 207 212 101 236 151 173 175 157 139 65 156 93 150 0 
0 145 140 69 116 157 30 149 141 37 98 126 184 81 29 127 130 31 133 143 97 111 106 98 35 123 73 85 95 53 145 0 17 101 54 39 133 112 49 158 84 153 62 77 170 126 38 152 85 68 130 40 134 110 119 24 84 72 61 92 140 17 0 104 38 27 130 125 63 155 90 137 53 66 166 136 50 149 97 82 115 29 118 116 110 28 85 61 65 87 69 101 104 0 101 129 42 80 79 62 29 161 156 79 82 63 73 58 64 76 129 83 137 32 70 78 19 78 40 46 116 54 38 101 0 43 115 144 89 140 97 99 68 35 144 147 74 133 116 107 77 21 80 122 83 48 82 31 70 68 157 39 27 129 43 0 151 151 88 176 117 131 28 77 185 163 76 170 123 107 115 47 116 143 125 55 110 73 91 106 30 133 130 42 115 151 0 120 119 25 71 147 179 83 40 97 110 19 106 118 115 104 124 68 49 109 51 85 74 47 149 112 125 80 144 151 120 0 63 134 56 230 173 140 157 32 75 132 28 44 199 123 206 52 148 99 84 137 78 119 141 49 63 79 89 88 119 63 0 141 51 185 110 97 159 81 15 136 38 19 156 68 163 73 125 41 68 93 46 94 37 158 155 62 140 176 25 134 141 0 91 163 204 107 24 106 134 7 123 138 133 129 142 82 68 134 75 110 98 72 98 84 90 29 97 117 71 56 51 91 0 175 143 86 111 50 49 87 35 47 143 77 151 26 92 62 28 84 27 63 126 153 137 161 99 131 147 230 185 163 175 0 144 90 152 222 170 157 204 200 32 117 24 192 98 145 148 93 152 115 184 62 53 156 68 28 179 173 110 204 143 144 0 103 212 188 100 198 147 129 133 75 133 169 151 81 137 99 118 134 81 77 66 79 35 77 83 140 97 107 86 90 103 0 110 136 82 100 114 111 60 37 66 106 48 61 62 5 62 37 29 170 166 82 144 185 40 157 159 24 111 152 212 110 0 130 150 25 145 158 124 138 133 105 64 146 91 113 114 79 127 126 136 63 147 163 97 32 81 106 50 222 188 136 130 0 88 106 43 64 190 127 198 31 133 108 74 134 77 108 130 38 50 73 74 76 110 75 15 134 49 170 100 82 150 88 0 129 47 33 141 53 148 74 112 26 59 78 36 81 31 152 149 58 133 170 19 132 136 7 87 157 198 100 25 106 129 0 120 134 126 123 135 80 61 128 70 103 93 65 133 85 97 64 116 123 106 28 38 123 35 204 147 114 145 43 47 120 0 21 173 95 180 44 126 71 62 111 52 96 143 68 82 76 107 107 118 44 19 138 47 200 129 111 158 64 33 134 21 0 170 86 177 63 131 59 70 107 52 100 97 130 115 129 77 115 115 199 156 133 143 32 133 60 124 190 141 126 173 170 0 91 9 160 66 119 116 63 121 83 111 40 29 83 21 47 104 123 68 129 77 117 75 37 138 127 53 123 95 86 91 0 96 103 81 28 64 32 50 59 106 134 118 137 80 116 124 206 163 142 151 24 133 66 133 198 148 135 180 177 9 96 0 168 75 124 124 70 128 91 98 110 116 32 122 143 68 52 73 82 26 192 169 106 105 31 74 80 44 63 160 103 168 0 102 88 44 105 53 77 35 119 110 70 83 125 49 148 125 68 92 98 151 48 64 133 112 61 126 131 66 81 75 102 0 98 64 52 79 31 123 24 28 78 48 55 109 99 41 134 62 145 81 61 146 108 26 128 71 59 119 28 124 88 98 0 60 56 38 70 73 84 85 19 82 110 51 84 68 75 28 148 137 62 91 74 59 70 62 70 116 64 124 44 64 60 0 61 23 35 85 72 61 78 31 73 85 137 93 110 84 93 99 5 113 134 78 103 111 107 63 32 70 105 52 56 61 0 59 38 95 61 65 40 70 91 74 78 46 98 27 152 118 62 114 77 36 93 52 52 121 50 128 53 79 38 23 59 0 48 53 92 87 46 68 106 47 119 94 72 63 115 134 37 79 108 81 65 96 100 83 59 91 77 31 70 35 38 48 0 
0 118 127 127 101 133 56 72 70 58 80 142 130 11 116 109 96 76 39 101 83 77 149 35 23 137 49 118 65 50 118 0 146 78 48 139 85 55 61 152 61 47 189 122 9 153 22 184 144 46 171 87 49 144 138 24 165 76 53 128 127 146 0 79 98 14 160 149 154 185 163 125 57 118 153 29 139 195 165 171 85 180 132 160 123 146 136 203 131 177 127 78 79 0 37 68 130 106 112 181 120 46 132 124 87 96 80 203 165 116 137 142 53 162 137 70 161 148 91 163 101 48 98 37 0 91 93 69 75 149 83 42 142 100 55 106 44 175 136 80 132 105 50 134 115 51 142 112 54 130 133 139 14 68 91 0 161 148 153 191 162 114 71 124 146 43 134 203 171 168 98 180 121 166 131 137 146 200 130 181 56 85 160 130 93 161 0 30 24 67 29 125 178 66 80 150 64 101 64 52 137 22 129 66 79 109 102 63 39 43 72 55 149 106 69 148 30 0 6 97 14 95 177 80 50 145 34 130 91 29 144 36 99 92 95 79 121 54 18 73 70 61 154 112 75 153 24 6 0 91 11 101 180 79 56 148 40 125 87 31 145 30 105 88 93 85 119 52 23 67 58 152 185 181 149 191 67 97 91 0 95 186 182 67 147 166 130 36 21 118 129 75 191 26 65 175 70 120 100 24 80 61 163 120 83 162 29 14 11 95 0 104 191 89 55 159 43 130 93 23 156 26 108 95 103 85 129 41 32 71 142 47 125 46 42 114 125 95 101 186 104 0 176 142 56 140 61 215 175 93 173 130 8 174 157 29 184 123 86 165 130 189 57 132 142 71 178 177 180 182 191 176 0 119 194 36 177 182 161 204 56 200 183 156 117 193 119 231 160 180 11 122 118 124 100 124 66 80 79 67 89 142 119 0 122 99 101 81 47 109 72 88 149 42 16 140 43 128 71 61 116 9 153 87 55 146 80 50 56 147 55 56 194 122 0 158 21 180 141 38 173 81 57 141 138 31 165 67 51 123 109 153 29 96 106 43 150 145 148 166 159 140 36 99 158 0 141 172 145 170 56 171 147 140 101 157 111 199 127 159 96 22 139 80 44 134 64 34 40 130 43 61 177 101 21 141 0 162 122 36 153 69 65 122 117 45 144 68 31 107 76 184 195 203 175 203 101 130 125 36 130 215 182 81 180 172 162 0 40 153 126 111 221 41 72 206 63 156 131 59 39 144 165 165 136 171 64 91 87 21 93 175 161 47 141 145 122 40 0 116 108 78 181 5 44 166 51 123 91 29 101 46 171 116 80 168 52 29 31 118 23 93 204 109 38 170 36 153 116 0 173 46 95 118 124 69 150 32 44 94 83 171 85 137 132 98 137 144 145 129 156 173 56 72 173 56 153 126 108 173 0 159 181 103 65 182 63 197 129 131 77 87 180 142 105 180 22 36 30 75 26 130 200 88 81 171 69 111 78 46 159 0 134 81 99 111 121 45 53 52 149 49 132 53 50 121 129 99 105 191 108 8 183 149 57 147 65 221 181 95 181 134 0 180 165 28 192 124 91 170 35 144 160 162 134 166 66 92 88 26 95 174 156 42 141 140 122 41 5 118 103 81 180 0 39 166 46 126 91 33 23 138 123 137 115 131 79 95 93 65 103 157 117 16 138 101 117 72 44 124 65 99 165 39 0 156 27 141 87 66 137 24 146 70 51 137 109 79 85 175 85 29 193 140 31 157 45 206 166 69 182 111 28 166 156 0 183 97 75 152 49 165 136 161 142 146 102 121 119 70 129 184 119 43 165 111 144 63 51 150 63 121 192 46 27 183 0 165 114 79 118 76 203 148 112 200 63 54 52 120 41 123 231 128 67 199 68 156 123 32 197 45 124 126 141 97 165 0 72 97 65 53 131 91 54 130 39 18 23 100 32 86 160 71 51 127 31 131 91 44 129 53 91 91 87 75 114 72 0 79 50 128 177 163 130 181 43 73 67 24 71 165 180 61 123 159 107 59 29 94 131 52 170 33 66 152 79 97 79 0 
0 72 58 42 103 102 106 60 75 46 68 51 65 43 90 60 45 108 104 101 70 67 33 119 110 130 41 137 85 111 72 0 130 101 109 139 90 113 146 93 117 96 89 31 119 132 30 156 32 104 136 139 81 81 62 84 60 101 88 165 58 130 0 62 118 87 135 45 37 77 85 81 105 101 89 24 100 79 162 119 24 20 56 157 154 170 94 191 108 73 42 101 62 0 144 134 148 89 54 16 28 19 44 70 128 47 81 134 129 143 84 57 72 160 150 170 45 133 127 133 103 109 118 144 0 53 32 73 154 149 171 154 165 108 34 138 90 78 132 5 104 138 72 63 75 76 133 209 21 94 102 139 87 134 53 0 85 46 124 145 162 149 167 126 22 111 112 25 168 58 66 107 69 116 123 129 141 231 61 41 106 90 135 148 32 85 0 93 168 150 174 155 160 99 63 152 80 110 108 27 124 154 82 31 44 44 128 191 27 124 60 113 45 89 73 46 93 0 82 99 116 104 123 93 44 67 83 48 145 74 31 65 32 120 121 133 100 196 66 53 75 146 37 54 154 124 168 82 0 70 67 72 97 115 126 16 120 114 176 154 59 17 86 187 182 200 98 187 142 106 46 93 77 16 149 145 150 99 70 0 25 5 28 62 135 63 76 147 118 147 99 73 79 158 145 167 34 117 131 146 68 117 85 28 171 162 174 116 67 25 0 21 37 87 156 66 101 161 140 169 109 76 100 183 170 192 57 127 153 158 51 96 81 19 154 149 155 104 72 5 21 0 25 66 140 66 80 151 120 152 103 76 84 162 149 171 36 116 135 151 65 89 105 44 165 167 160 123 97 28 37 25 0 63 155 91 81 171 107 162 126 101 98 162 148 170 32 91 145 172 43 31 101 70 108 126 99 93 115 62 87 66 63 0 109 101 19 139 61 104 111 110 61 99 85 107 31 105 87 146 90 119 89 128 34 22 63 44 126 135 156 140 155 109 0 111 93 47 147 37 72 109 57 94 101 107 127 213 39 61 60 132 24 47 138 111 152 67 16 63 66 66 91 101 111 0 105 103 162 138 48 10 70 171 166 184 87 180 126 97 45 30 100 81 90 112 80 83 120 76 101 80 81 19 93 105 0 127 62 86 106 112 51 82 69 91 49 120 69 135 108 156 79 134 78 25 110 48 114 147 161 151 171 139 47 103 127 0 187 83 55 97 79 141 148 154 148 243 86 16 104 32 162 129 132 168 108 145 176 118 140 120 107 61 147 162 62 187 0 127 168 171 113 90 70 90 84 89 113 197 101 104 119 143 5 58 27 74 154 147 169 152 162 104 37 138 86 83 127 0 105 139 71 58 70 71 130 204 17 98 70 136 24 84 104 66 124 31 59 99 109 103 126 111 72 48 106 55 168 105 0 42 56 151 151 164 110 207 97 49 67 139 20 57 138 107 154 65 17 73 76 76 101 110 109 10 112 97 171 139 42 0 73 174 171 187 97 190 128 89 33 81 56 72 72 69 82 32 86 79 100 84 98 61 57 70 51 79 113 71 56 73 0 101 98 114 72 164 57 85 119 81 157 160 63 116 31 120 187 158 183 162 162 99 94 171 82 141 90 58 151 174 101 0 20 13 130 178 55 155 110 62 154 150 75 123 44 121 182 145 170 149 148 85 101 166 69 148 70 70 151 171 98 20 0 22 116 158 62 162 130 84 170 170 76 129 44 133 200 167 192 171 170 107 107 184 91 154 90 71 164 187 114 13 22 0 138 179 68 168 41 60 94 45 133 141 128 100 98 34 57 36 32 31 127 87 49 148 84 130 110 97 72 130 116 138 0 97 113 152 137 101 191 133 209 231 191 196 187 117 127 116 91 105 213 180 120 243 89 204 207 190 164 178 158 179 97 0 188 248 85 88 108 127 21 61 27 66 142 131 153 135 145 87 39 126 69 86 113 17 97 128 57 55 62 68 113 188 0 100 111 165 73 133 94 41 124 53 106 146 158 151 172 146 61 97 135 16 197 98 49 89 85 155 162 168 152 248 100 0 
0 154 38 39 53 77 35 106 85 131 70 75 55 63 114 40 146 50 55 101 115 175 154 91 29 54 89 108 92 44 154 0 160 184 198 188 120 56 76 44 125 175 183 188 98 124 67 110 125 171 189 80 23 103 181 137 101 77 184 197 38 160 0 28 39 114 47 123 103 147 104 113 24 30 95 37 168 76 37 139 153 197 165 74 35 28 118 131 130 52 39 184 28 0 14 102 65 141 120 166 109 106 23 30 123 60 184 88 65 134 147 213 187 102 14 56 128 146 123 25 53 198 39 14 0 112 79 155 134 180 122 116 23 27 134 74 198 102 76 146 157 227 201 113 25 67 142 160 133 27 77 188 114 102 112 0 98 132 113 152 64 14 125 132 183 111 152 85 129 42 47 175 179 160 88 131 91 118 23 86 35 120 47 65 79 98 0 77 56 102 64 92 70 77 85 16 121 30 34 109 127 150 122 62 61 42 72 84 108 77 106 56 123 141 155 132 77 0 22 25 69 119 147 153 100 86 48 57 95 116 134 76 48 91 135 107 46 26 128 150 85 76 103 120 134 113 56 22 0 46 51 101 126 133 96 67 65 35 79 102 121 94 70 83 114 91 35 31 110 129 131 44 147 166 180 152 102 25 46 0 88 138 171 177 114 111 30 81 119 130 147 54 27 110 160 131 61 35 144 175 70 125 104 109 122 64 64 69 51 88 0 50 124 132 137 80 90 36 98 51 70 117 115 118 97 106 27 54 59 107 75 175 113 106 116 14 92 119 101 138 50 0 127 135 176 106 138 75 124 31 41 161 165 154 92 127 77 104 17 92 55 183 24 23 23 125 70 147 126 171 124 127 0 8 113 61 191 98 58 155 168 220 189 92 37 47 140 154 144 47 63 188 30 30 27 132 77 153 133 177 132 135 8 0 114 67 198 106 63 163 176 227 195 94 44 51 148 161 152 53 114 98 95 123 134 183 85 100 96 114 137 176 113 114 0 74 144 103 61 188 207 168 115 23 129 67 131 124 191 147 40 124 37 60 74 111 16 86 67 111 80 106 61 67 74 0 132 46 18 125 142 161 128 51 60 26 88 97 122 78 146 67 168 184 198 152 121 48 65 30 90 138 191 198 144 132 0 96 143 123 138 29 45 138 175 155 63 39 141 190 50 110 76 88 102 85 30 57 35 81 36 75 98 106 103 46 96 0 63 85 104 125 105 83 79 72 42 58 89 94 55 125 37 65 76 129 34 95 79 119 98 124 58 63 61 18 143 63 0 143 160 171 133 38 68 12 103 110 140 86 101 171 139 134 146 42 109 116 102 130 51 31 155 163 188 125 123 85 143 0 19 143 157 168 121 149 70 95 21 122 115 189 153 147 157 47 127 134 121 147 70 41 168 176 207 142 138 104 160 19 0 157 174 187 133 165 88 112 24 132 175 80 197 213 227 175 150 76 94 54 117 161 220 227 168 161 29 125 171 143 157 0 57 164 204 183 90 67 162 218 154 23 165 187 201 179 122 48 70 27 115 165 189 195 115 128 45 105 133 157 174 57 0 116 182 145 88 62 171 198 91 103 74 102 113 160 62 91 83 110 118 154 92 94 23 51 138 83 38 168 187 164 116 0 106 46 115 113 170 124 29 181 35 14 25 88 61 135 114 160 97 92 37 44 129 60 175 79 68 121 133 204 182 106 0 62 118 137 109 18 54 137 28 56 67 131 42 107 91 131 106 127 47 51 67 26 155 72 12 149 165 183 145 46 62 0 113 121 144 80 89 101 118 128 142 91 72 46 35 61 27 77 140 148 131 88 63 42 103 70 88 90 88 115 118 113 0 27 83 130 108 77 131 146 160 118 84 26 31 35 54 104 154 161 124 97 39 58 110 95 112 67 62 113 137 121 27 0 109 151 92 184 130 123 133 23 108 128 110 144 59 17 144 152 191 122 141 89 140 21 24 162 171 170 109 144 83 109 0 108 44 197 52 25 27 86 77 150 129 175 107 92 47 53 147 78 190 94 86 122 132 218 198 124 18 80 130 151 108 0 
0 129 93 149 168 133 137 77 187 125 70 49 29 80 143 140 72 32 46 98 42 24 150 74 100 100 45 100 76 144 129 0 81 120 51 50 48 148 122 47 109 87 102 53 27 44 143 97 88 50 88 115 31 75 53 119 144 103 66 45 93 81 0 61 132 121 57 153 94 47 34 47 83 44 108 62 148 70 82 32 62 69 83 97 28 149 83 22 29 123 149 120 61 0 168 168 74 214 47 73 80 107 143 101 147 79 209 130 143 81 123 125 103 156 76 208 127 49 89 165 168 51 132 168 0 41 94 166 162 96 159 133 139 100 26 89 163 137 122 101 129 158 66 100 104 125 191 154 116 26 133 50 121 168 41 0 98 125 172 95 139 107 104 80 29 94 122 105 87 90 99 128 78 61 94 84 162 143 96 15 137 48 57 74 94 98 0 178 74 12 91 88 117 60 75 5 173 106 108 39 96 117 29 108 37 158 137 73 61 93 77 148 153 214 166 125 178 0 243 168 141 107 71 120 147 178 5 84 72 142 91 97 178 73 147 47 122 168 127 140 187 122 94 47 162 172 74 243 0 81 122 141 175 123 147 78 238 164 171 101 154 163 97 178 96 230 170 91 117 165 125 47 47 73 96 95 12 168 81 0 80 76 105 48 74 15 163 94 96 27 84 105 36 99 25 150 126 65 49 92 70 109 34 80 159 139 91 141 122 80 0 39 71 59 133 95 136 58 77 60 54 46 114 101 58 147 49 31 43 144 49 87 47 107 133 107 88 107 141 76 39 0 36 34 107 91 102 23 39 49 16 29 103 62 51 109 58 61 27 114 29 102 83 143 139 104 117 71 175 105 71 36 0 57 114 118 66 13 17 78 21 32 125 45 82 80 65 97 59 115 80 53 44 101 100 80 60 120 123 48 59 34 57 0 74 61 115 48 48 22 38 63 70 55 27 107 91 66 16 85 143 27 108 147 26 29 75 147 147 74 133 107 114 74 0 70 144 111 97 76 103 132 50 78 80 111 165 130 90 18 140 44 62 79 89 94 5 178 78 15 95 91 118 61 70 0 173 109 108 42 99 120 24 107 40 157 141 78 64 88 72 143 148 209 163 122 173 5 238 163 136 102 66 115 144 173 0 79 67 137 86 92 173 68 142 46 117 163 122 137 32 97 70 130 137 105 106 84 164 94 58 23 13 48 111 109 79 0 22 67 10 24 118 50 71 91 58 84 47 115 46 88 82 143 122 87 108 72 171 96 77 39 17 48 97 108 67 22 0 70 23 46 112 28 75 70 80 99 55 98 98 50 32 81 101 90 39 142 101 27 60 49 78 22 76 42 137 67 70 0 57 78 56 77 5 129 101 54 22 91 42 88 62 123 129 99 96 91 154 84 54 16 21 38 103 99 86 10 23 57 0 29 108 48 61 93 63 77 38 108 24 115 69 125 158 128 117 97 163 105 46 29 32 63 132 120 92 24 46 78 29 0 132 74 80 112 34 76 56 137 150 31 83 103 66 78 29 178 97 36 114 103 125 70 50 24 173 118 112 56 108 132 0 105 56 150 157 101 77 68 74 75 97 156 100 61 108 73 178 99 101 62 45 55 78 107 68 50 28 77 48 74 105 0 82 52 108 118 68 75 100 53 28 76 104 94 37 147 96 25 58 51 82 27 80 40 142 71 75 5 61 80 56 82 0 134 102 50 24 95 100 119 149 208 125 84 158 47 230 150 147 109 80 107 111 157 46 91 70 129 93 112 150 52 134 0 144 168 120 99 45 144 83 127 191 162 137 122 170 126 49 58 65 91 165 141 117 58 80 101 63 34 157 108 102 144 0 79 80 171 100 103 22 49 154 143 73 168 91 65 31 61 97 66 130 78 163 84 99 54 77 76 101 118 50 168 79 0 50 145 76 66 29 89 116 96 61 127 117 49 43 27 59 16 90 64 122 47 55 22 38 56 77 68 24 120 80 50 0 101 144 45 123 165 26 15 93 140 165 92 144 114 115 85 18 88 137 115 98 91 108 137 68 75 95 99 171 145 101 0 
0 48 144 55 74 10 130 49 100 42 196 88 81 175 166 150 142 96 115 44 190 40 158 45 81 36 136 154 127 33 48 0 133 89 51 46 124 77 53 24 173 75 67 132 119 150 155 56 137 51 164 83 154 85 55 36 89 157 85 26 144 133 0 119 82 135 22 110 122 155 61 58 66 116 143 37 72 96 91 177 64 138 32 131 79 162 132 49 97 152 55 89 119 0 80 48 99 14 129 94 179 77 74 187 189 111 94 113 62 99 177 22 122 14 88 90 163 112 141 85 74 51 82 80 0 65 75 66 55 74 124 27 19 107 109 102 114 34 104 97 117 88 105 85 8 82 84 111 61 72 10 46 135 48 65 0 120 41 96 46 186 78 71 169 162 140 133 90 107 52 181 37 148 40 73 42 132 144 121 37 130 124 22 99 75 120 0 91 123 146 83 49 57 131 154 27 54 97 70 166 86 119 30 112 75 152 140 37 105 142 49 77 110 14 66 41 91 0 115 85 168 64 61 173 175 106 93 99 66 93 166 28 116 21 74 83 149 109 127 77 100 53 122 129 55 96 123 115 0 72 144 78 72 82 66 150 166 26 159 100 131 129 151 129 51 87 36 160 39 78 42 24 155 94 74 46 146 85 72 0 196 97 89 154 137 170 171 79 149 28 188 82 176 86 78 15 107 177 108 9 196 173 61 179 124 186 83 168 144 196 0 108 115 98 136 89 127 122 152 221 16 196 78 189 118 206 139 99 107 196 88 75 58 77 27 78 49 64 78 97 108 0 8 113 123 75 88 54 84 119 104 90 79 85 27 104 104 84 73 94 81 67 66 74 19 71 57 61 72 89 115 8 0 113 121 83 95 49 88 111 110 86 87 82 21 96 99 92 71 86 175 132 116 187 107 169 131 173 82 154 98 113 113 0 39 153 185 79 193 182 82 195 148 192 99 168 55 165 48 158 166 119 143 189 109 162 154 175 66 137 136 123 121 39 0 179 206 76 207 164 120 193 175 192 102 152 30 191 50 144 150 150 37 111 102 140 27 106 150 170 89 75 83 153 179 0 38 124 66 189 97 133 12 125 102 175 166 12 131 166 142 155 72 94 114 133 54 93 166 171 127 88 95 185 206 38 0 142 34 185 135 116 50 108 115 173 190 30 156 165 96 56 96 113 34 90 97 99 26 79 122 54 49 79 76 124 142 0 137 107 111 118 125 117 28 92 50 134 31 82 115 137 91 62 104 107 70 66 159 149 152 84 88 193 207 66 34 137 0 159 155 84 78 76 109 149 187 61 157 142 44 51 177 99 97 52 166 93 100 28 221 119 111 182 164 189 185 107 159 0 214 82 196 88 103 15 134 194 136 25 190 164 64 177 117 181 86 166 131 188 16 104 110 82 120 97 135 111 155 214 0 194 87 187 111 199 124 108 93 189 40 83 138 22 88 37 119 28 129 82 196 90 86 195 193 133 116 118 84 82 194 0 143 8 96 76 165 134 148 73 158 154 32 122 105 148 30 116 151 176 78 79 87 148 175 12 50 125 78 196 87 143 0 136 104 182 164 21 129 172 45 85 131 14 85 40 112 21 129 86 189 85 82 192 192 125 108 117 76 88 187 8 136 0 93 81 165 126 146 77 81 55 79 88 8 73 75 74 51 78 118 27 21 99 102 102 115 28 109 103 111 96 104 93 0 88 78 111 53 78 36 36 162 90 82 42 152 83 87 15 206 104 96 168 152 175 173 92 149 15 199 76 182 81 88 0 122 181 121 10 136 89 132 163 84 132 140 149 36 107 139 104 99 55 30 166 190 50 187 134 124 165 164 165 78 122 0 177 35 114 154 157 49 112 111 144 37 109 160 177 99 84 92 165 191 12 30 134 61 194 108 134 21 126 111 181 177 0 142 172 127 85 97 141 61 121 105 127 39 108 107 73 71 48 50 131 156 31 157 136 93 148 129 146 53 121 35 142 0 111 33 26 152 85 72 37 142 77 78 9 196 94 86 158 144 166 165 82 142 25 189 73 172 77 78 10 114 172 111 0 
0 105 134 129 79 115 145 92 27 21 186 132 132 175 56 117 100 137 83 144 73 42 89 82 96 161 54 100 72 155 105 0 36 87 34 105 75 111 78 126 106 105 40 80 161 57 24 66 36 82 147 92 70 119 126 119 57 112 33 174 134 36 0 70 55 98 98 113 108 154 72 91 9 44 189 43 58 40 52 107 162 110 72 126 129 96 80 112 64 166 129 87 70 0 71 34 161 61 110 146 67 21 61 77 175 30 109 33 65 169 121 90 40 78 75 34 84 56 89 97 79 34 55 71 0 78 103 78 53 99 112 84 53 96 134 46 46 64 6 108 113 58 41 85 94 105 25 81 18 145 115 105 98 34 78 0 180 31 102 127 100 19 89 111 153 55 123 65 73 185 90 73 38 47 42 49 81 23 95 69 145 75 98 161 103 180 0 181 123 165 167 180 107 133 198 131 57 137 107 11 207 150 143 186 196 192 115 184 90 247 92 111 113 61 78 31 181 0 83 100 128 50 105 134 123 73 124 88 75 185 60 50 42 17 16 80 71 8 91 69 27 78 108 110 53 102 123 83 0 48 162 116 106 149 83 93 75 113 57 123 85 35 70 79 92 142 28 91 45 151 21 126 154 146 99 127 165 100 48 0 205 145 152 195 35 136 121 156 103 163 68 56 106 88 102 175 74 108 93 159 186 106 72 67 112 100 167 128 162 205 0 82 66 36 237 69 130 49 107 177 188 151 101 145 142 63 134 123 127 153 132 105 91 21 84 19 180 50 116 145 82 0 82 97 172 50 126 54 79 187 109 90 47 66 61 30 93 42 102 76 132 40 9 61 53 89 107 105 106 152 66 82 0 43 187 34 64 31 49 116 156 106 65 119 121 87 78 104 64 157 175 80 44 77 96 111 133 134 149 195 36 97 43 0 229 64 102 46 92 144 190 145 98 150 150 87 121 131 107 173 56 161 189 175 134 153 198 123 83 35 237 172 187 229 0 169 156 189 138 194 75 86 136 108 121 202 109 131 128 172 117 57 43 30 46 55 131 73 93 136 69 50 34 64 169 0 79 20 40 139 126 83 34 87 89 62 65 70 63 124 100 24 58 109 46 123 57 124 75 121 130 126 64 102 156 79 0 90 50 62 152 95 86 130 139 141 59 127 34 190 137 66 40 33 64 65 137 88 113 156 49 54 31 46 189 20 90 0 58 146 145 103 54 104 104 56 85 85 80 130 83 36 52 65 6 73 107 75 57 103 107 79 49 92 138 40 50 58 0 112 113 58 36 83 90 99 29 77 24 140 144 82 107 169 108 185 11 185 123 163 177 187 116 144 194 139 62 146 112 0 207 152 148 189 200 201 117 189 94 252 73 147 162 121 113 90 207 60 85 68 188 109 156 190 75 126 152 145 113 207 0 57 92 43 51 139 93 67 118 97 42 92 110 90 58 73 150 50 35 56 151 90 106 145 86 83 95 103 58 152 57 0 50 44 57 119 36 58 61 116 89 70 72 40 41 38 143 42 70 106 101 47 65 98 136 34 86 54 36 148 92 50 0 54 58 72 46 42 57 104 82 119 126 78 85 47 186 17 79 88 145 66 119 150 108 87 130 104 83 189 43 44 54 0 14 96 72 24 96 73 96 126 129 75 94 42 196 16 92 102 142 61 121 150 121 89 139 104 90 200 51 57 58 14 0 90 84 19 106 59 161 119 96 34 105 49 192 80 142 175 63 30 87 87 202 62 141 56 99 201 139 119 72 96 90 0 118 72 123 90 54 57 80 84 25 81 115 71 28 74 134 93 78 121 109 65 59 85 29 117 93 36 46 72 84 118 0 76 25 140 100 112 112 56 81 23 184 8 91 108 123 42 104 131 131 70 127 85 77 189 67 58 42 24 19 72 76 0 95 64 72 33 64 89 18 95 90 91 45 93 127 102 64 107 128 63 34 80 24 94 118 61 57 96 106 123 25 95 0 159 155 174 166 97 145 69 247 69 151 159 153 76 157 173 172 124 190 130 140 252 97 116 104 73 59 90 140 64 159 0 
0 154 173 186 205 148 174 165 11 70 92 186 139 174 218 193 133 241 60 106 136 188 99 141 148 199 235 169 169 168 154 0 124 177 107 169 124 193 164 106 147 209 50 189 189 105 23 157 102 135 173 65 156 13 28 193 165 167 151 52 173 124 0 58 55 69 1 87 176 103 95 95 76 75 65 43 111 71 117 76 84 82 97 124 96 72 62 53 34 78 186 177 58 0 109 40 58 41 186 126 94 41 128 25 35 99 161 102 143 80 57 139 90 176 149 16 84 17 26 136 205 107 55 109 0 124 54 142 211 135 142 149 74 130 102 13 104 50 145 123 139 44 147 112 83 121 59 108 89 55 148 169 69 40 124 0 70 24 148 95 56 43 119 27 75 112 149 131 112 47 17 144 51 164 141 51 116 24 38 135 174 124 1 58 54 70 0 88 177 104 95 96 76 76 65 42 111 70 118 76 85 81 98 124 96 73 62 54 35 78 165 193 87 41 142 24 88 0 163 117 74 21 143 17 75 130 173 143 134 69 29 166 66 188 165 44 125 34 53 158 11 164 176 186 211 148 177 163 0 76 92 184 146 173 218 199 142 246 67 106 134 195 97 151 156 199 238 169 169 175 70 106 103 126 135 95 104 117 76 0 48 137 75 122 154 123 83 171 17 48 89 123 57 96 90 141 165 109 104 103 92 147 95 94 142 56 95 74 92 48 0 95 105 82 128 129 124 165 63 19 45 146 9 138 125 107 156 77 80 130 186 209 95 41 149 43 96 21 184 137 95 0 159 20 67 138 190 142 154 89 50 176 87 205 181 35 123 42 61 170 139 50 76 128 74 119 76 143 146 75 105 159 0 139 141 67 35 122 79 90 125 49 112 48 22 144 125 117 102 29 174 189 75 25 130 27 76 17 173 122 82 20 139 0 58 118 170 127 139 74 39 156 76 185 161 27 109 22 41 150 218 189 65 35 102 75 65 75 218 154 128 67 141 58 0 95 176 79 170 112 92 140 124 189 161 32 59 51 50 141 193 105 43 99 13 112 42 130 199 123 129 138 67 118 95 0 99 55 134 110 126 46 134 109 79 112 60 96 77 53 133 23 111 161 104 149 111 173 142 83 124 190 35 170 176 99 0 154 79 113 152 67 133 15 21 177 158 150 135 49 241 157 71 102 50 131 70 143 246 171 165 142 122 127 79 55 154 0 184 146 148 94 168 162 133 108 20 109 93 105 60 102 117 143 145 112 118 134 67 17 63 154 79 139 170 134 79 184 0 65 105 128 72 91 91 158 179 126 120 108 106 135 76 80 123 47 76 69 106 48 19 89 90 74 112 110 113 146 65 0 42 128 24 128 111 95 137 63 63 113 136 173 84 57 139 17 85 29 134 89 45 50 125 39 92 126 152 148 105 42 0 155 37 167 147 66 133 41 55 143 188 65 82 139 44 144 81 166 195 123 146 176 49 156 140 46 67 94 128 128 155 0 152 73 46 154 103 134 115 20 99 156 97 90 147 51 98 66 97 57 9 87 112 76 124 134 133 168 72 24 37 152 0 147 133 102 156 73 79 136 141 13 124 176 112 164 124 188 151 96 138 205 48 185 189 109 15 162 91 128 167 73 147 0 30 192 169 165 150 57 148 28 96 149 83 141 96 165 156 90 125 181 22 161 161 79 21 133 91 111 147 46 133 30 0 165 139 139 123 28 199 193 72 16 121 51 73 44 199 141 107 35 144 27 32 112 177 108 158 95 66 154 102 192 165 0 88 32 42 150 235 165 62 84 59 116 62 125 238 165 156 123 125 109 59 60 158 20 179 137 133 103 156 169 139 88 0 92 79 113 169 167 53 17 108 24 54 34 169 109 77 42 117 22 51 96 150 109 126 63 41 134 73 165 139 32 92 0 19 128 169 151 34 26 89 38 35 53 169 104 80 61 102 41 50 77 135 93 120 63 55 115 79 150 123 42 79 19 0 110 168 52 78 136 55 135 78 158 175 103 130 170 29 150 141 53 49 105 108 113 143 20 136 57 28 150 113 128 110 0 
0 82 139 128 123 133 165 67 107 67 210 152 19 29 136 96 38 115 50 124 169 61 73 160 92 86 19 136 108 87 82 0 57 86 65 161 85 79 156 97 175 74 99 106 85 136 52 159 40 181 87 123 20 78 41 132 96 186 38 72 139 57 0 82 56 188 28 116 195 135 157 24 154 159 73 172 109 195 97 221 31 171 74 21 61 171 151 223 38 96 128 86 82 0 26 115 87 71 135 87 89 69 135 135 13 112 120 132 114 162 103 129 105 91 45 116 130 160 53 44 123 65 56 26 0 135 65 76 150 95 110 47 134 135 20 127 107 148 99 177 80 135 85 67 31 129 129 176 29 51 133 161 188 115 135 0 200 82 45 69 135 182 123 114 128 39 156 34 161 64 215 81 169 202 128 50 119 51 150 92 165 85 28 87 65 200 0 137 213 156 149 18 180 184 76 190 137 212 125 240 18 193 102 9 82 191 176 240 59 113 67 79 116 71 76 82 137 0 79 19 144 119 68 65 82 57 78 80 80 105 147 59 87 135 55 55 63 108 78 27 107 156 195 135 150 45 213 79 0 60 176 195 92 81 148 23 138 12 145 27 226 46 160 213 134 24 89 30 157 100 67 97 135 87 95 69 156 19 60 0 152 138 63 57 99 39 87 62 92 86 166 42 103 154 74 36 58 90 97 44 210 175 157 89 110 135 149 144 176 152 0 136 212 208 90 157 208 167 203 199 167 190 194 157 134 166 207 186 139 123 152 74 24 69 47 182 18 119 195 138 136 0 166 169 58 172 126 194 114 222 34 176 93 22 65 173 161 222 44 95 19 99 154 135 134 123 180 68 92 63 212 166 0 11 145 85 57 102 69 107 185 46 91 175 104 74 5 121 122 92 29 106 159 135 135 114 184 65 81 57 208 169 11 0 145 75 66 91 78 96 190 35 99 180 106 65 10 110 125 91 136 85 73 13 20 128 76 82 148 99 90 58 145 145 0 125 125 145 117 175 92 141 105 80 48 129 140 173 49 55 96 136 172 112 127 39 190 57 23 39 157 172 85 75 125 0 123 23 129 50 203 42 141 190 111 11 80 51 134 77 38 52 109 120 107 156 137 78 138 87 208 126 57 66 125 123 0 144 13 158 138 95 37 130 77 115 56 168 85 88 115 159 195 132 148 34 212 80 12 62 167 194 102 91 145 23 144 0 151 32 225 56 164 212 134 29 98 28 157 99 50 40 97 114 99 161 125 80 145 92 203 114 69 78 117 129 13 151 0 167 126 104 24 118 69 122 68 175 75 85 124 181 221 162 177 64 240 105 27 86 199 222 107 96 175 50 158 32 167 0 252 63 183 240 160 50 105 19 183 127 169 87 31 103 80 215 18 147 226 166 167 34 185 190 92 203 138 225 126 252 0 202 102 13 92 202 182 253 69 126 61 123 171 129 135 81 193 59 46 42 190 176 46 35 141 42 95 56 104 63 202 0 122 191 111 31 43 75 134 86 73 20 74 105 85 169 102 87 160 103 194 93 91 99 105 141 37 164 24 183 102 122 0 95 60 136 89 190 58 85 160 78 21 91 67 202 9 135 213 154 157 22 175 180 80 190 130 212 118 240 13 191 95 0 80 190 172 240 57 113 92 41 61 45 31 128 82 55 134 74 134 65 104 106 48 111 77 134 69 160 92 111 60 80 0 110 99 162 23 36 86 132 171 116 129 50 191 55 24 36 166 173 74 65 129 11 115 29 122 50 202 31 136 190 110 0 70 54 133 78 19 96 151 130 129 119 176 63 89 58 207 161 5 10 140 80 56 98 68 105 182 43 89 172 99 70 0 118 117 87 136 186 223 160 176 51 240 108 30 90 186 222 121 110 173 51 168 28 175 19 253 75 190 240 162 54 118 0 185 127 108 38 38 53 29 150 59 78 157 97 139 44 122 125 49 134 85 157 75 183 69 134 58 57 23 133 117 185 0 58 87 72 96 44 51 92 113 27 100 44 123 95 92 91 55 77 88 99 85 127 126 86 85 113 36 78 87 127 58 0 
0 170 50 76 156 66 23 40 2 102 41 158 137 143 49 155 44 34 75 42 145 46 51 152 149 131 109 154 131 105 170 0 136 182 29 131 171 200 171 141 181 15 82 38 218 57 214 204 238 137 29 152 221 102 146 135 151 57 115 168 50 136 0 113 129 17 67 90 49 55 85 122 128 118 96 138 88 81 124 9 108 74 97 149 161 142 130 137 135 133 76 182 113 0 158 130 53 57 78 168 37 175 117 145 82 144 89 81 81 104 167 40 87 118 95 81 52 143 93 38 156 29 129 158 0 128 153 182 157 145 160 32 53 13 201 29 199 189 220 128 39 131 205 73 117 106 124 28 86 142 66 131 17 130 128 0 84 106 65 39 102 116 134 118 111 140 102 96 140 26 102 90 112 156 172 153 143 139 144 147 23 171 67 53 153 84 0 29 25 121 18 160 127 140 49 148 50 39 67 58 149 28 53 138 131 113 89 147 116 83 40 200 90 57 182 106 29 0 41 142 25 189 153 169 25 176 32 24 38 82 178 52 30 162 149 133 106 175 138 94 2 171 49 78 157 65 25 41 0 101 43 159 139 144 48 157 43 34 75 41 146 48 51 154 151 133 111 156 133 107 102 141 55 168 145 39 121 142 101 0 139 126 162 137 143 163 132 128 172 64 112 129 142 186 207 188 181 162 177 186 41 181 85 37 160 102 18 25 43 139 0 171 129 147 50 153 55 45 60 76 160 29 55 137 124 108 81 152 113 71 158 15 122 175 32 116 160 189 159 126 171 0 81 37 206 61 202 192 227 124 14 143 209 104 145 134 148 60 114 165 137 82 128 117 53 134 127 153 139 162 129 81 0 44 176 28 177 166 189 124 83 101 180 24 64 53 74 28 33 93 143 38 118 145 13 118 140 169 144 137 147 37 44 0 188 27 186 176 207 116 39 118 192 67 108 97 113 26 77 130 49 218 96 82 201 111 49 25 48 143 50 206 176 188 0 197 13 15 30 89 194 75 5 186 174 158 131 196 163 119 155 57 138 144 29 140 148 176 157 163 153 61 28 27 197 0 197 186 213 135 66 124 201 45 90 81 102 1 61 121 44 214 88 89 199 102 50 32 43 132 55 202 177 186 13 197 0 11 42 82 189 78 11 188 179 163 136 196 166 126 34 204 81 81 189 96 39 24 34 128 45 192 166 176 15 186 11 0 44 74 179 67 17 177 168 152 126 185 155 116 75 238 124 81 220 140 67 38 75 172 60 227 189 207 30 213 42 44 0 116 216 89 31 196 176 162 133 212 172 119 42 137 9 104 128 26 58 82 41 64 76 124 124 116 89 135 82 74 116 0 110 65 91 143 154 135 121 134 128 124 145 29 108 167 39 102 149 178 146 112 160 14 83 39 194 66 189 179 216 110 0 133 196 106 146 132 144 65 113 160 46 152 74 40 131 90 28 52 48 129 29 143 101 118 75 124 78 67 89 65 133 0 80 111 103 85 63 123 88 60 51 221 97 87 205 112 53 30 51 142 55 209 180 192 5 201 11 17 31 91 196 80 0 191 179 163 136 200 168 124 152 102 149 118 73 156 138 162 154 186 137 104 24 67 186 45 188 177 196 143 106 111 191 0 45 41 69 45 25 88 149 146 161 95 117 172 131 149 151 207 124 145 64 108 174 90 179 168 176 154 146 103 179 45 0 19 43 90 33 58 131 135 142 81 106 153 113 133 133 188 108 134 53 97 158 81 163 152 162 135 132 85 163 41 19 0 29 81 20 48 109 151 130 52 124 143 89 106 111 181 81 148 74 113 131 102 136 126 133 121 144 63 136 69 43 29 0 102 44 19 154 57 137 143 28 139 147 175 156 162 152 60 28 26 196 1 196 185 212 134 65 123 200 45 90 81 102 0 61 121 131 115 135 93 86 144 116 138 133 177 113 114 33 77 163 61 166 155 172 128 113 88 168 25 33 20 44 61 0 63 105 168 133 38 142 147 83 94 107 186 71 165 93 130 119 121 126 116 119 124 160 60 124 88 58 48 19 121 63 0 
