0 147 162 146 97 63 134 78 34 87 95 144 19 133 196 166 90 64 56 101 186 178 52 175 9 185 147 162 151 177 147 0 174 73 142 136 117 119 140 89 131 109 134 155 59 120 113 143 133 88 49 64 127 32 156 171 98 187 88 40 162 174 0 106 65 99 57 89 128 201 69 68 145 29 174 68 82 98 106 212 170 141 197 176 164 32 80 15 92 167 146 73 106 0 92 104 50 82 123 131 82 38 128 90 72 47 70 110 106 138 66 40 152 70 153 98 26 119 15 62 97 142 65 92 0 34 51 28 63 143 11 67 80 36 163 85 29 34 41 155 156 132 135 154 99 89 76 66 87 150 63 136 99 104 34 0 77 22 29 118 33 90 46 70 169 111 35 7 7 131 161 143 102 155 65 123 96 100 103 153 134 117 57 50 51 77 0 57 103 151 45 16 115 40 121 34 44 80 82 161 116 88 158 120 138 60 27 70 39 112 78 119 89 82 28 22 57 0 46 115 20 69 59 60 148 91 13 28 25 127 140 121 108 135 82 108 74 93 81 133 34 140 128 123 63 29 103 46 0 102 61 115 19 99 181 137 59 30 22 116 172 158 78 163 37 151 118 128 124 163 87 89 201 131 143 118 151 115 102 0 135 152 85 173 148 172 119 124 111 14 138 144 45 121 96 211 147 207 144 129 95 131 69 82 11 33 45 20 61 135 0 60 77 40 152 79 18 36 39 147 145 122 128 143 98 90 68 73 78 139 144 109 68 38 67 90 16 69 115 152 60 0 125 55 106 22 56 94 94 161 102 73 163 108 150 63 12 82 24 99 19 134 145 128 80 46 115 59 19 85 77 125 0 116 180 147 71 49 39 99 170 161 59 160 25 167 128 146 132 162 133 155 29 90 36 70 40 60 99 173 40 55 116 0 161 65 54 70 77 184 156 128 168 160 135 53 67 34 79 152 196 59 174 72 163 169 121 148 181 148 152 106 180 161 0 108 138 176 169 147 10 33 183 27 204 160 94 188 82 19 166 120 68 47 85 111 34 91 137 172 79 22 147 65 108 0 78 114 116 180 106 75 185 114 172 52 25 83 32 104 90 113 82 70 29 35 44 13 59 119 18 56 71 54 138 78 0 40 38 131 130 110 117 127 94 98 61 88 68 123 64 143 98 110 34 7 80 28 30 124 36 94 49 70 176 114 40 0 13 137 168 149 107 162 66 123 101 98 108 160 56 133 106 106 41 7 82 25 22 111 39 94 39 77 169 116 38 13 0 124 160 144 95 154 59 129 99 107 106 152 101 88 212 138 155 131 161 127 116 14 147 161 99 184 147 180 131 137 124 0 137 147 56 120 109 221 155 218 151 128 186 49 170 66 156 161 116 140 172 138 145 102 170 156 10 106 130 168 160 137 0 31 173 18 195 158 90 184 78 9 178 64 141 40 132 143 88 121 158 144 122 73 161 128 33 75 110 149 144 147 31 0 175 43 186 127 61 155 49 31 52 127 197 152 135 102 158 108 78 45 128 163 59 168 183 185 117 107 95 56 173 175 0 159 59 215 161 201 162 164 175 32 176 70 154 155 120 135 163 121 143 108 160 160 27 114 127 162 154 120 18 43 159 0 183 166 96 189 84 12 9 156 164 153 99 65 138 82 37 96 98 150 25 135 204 172 94 66 59 109 195 186 59 183 0 188 153 163 157 186 185 171 32 98 89 123 60 108 151 211 90 63 167 53 160 52 98 123 129 221 158 127 215 166 188 0 73 46 83 156 147 98 80 26 76 96 27 74 118 147 68 12 128 67 94 25 61 101 99 155 90 61 161 96 153 73 0 94 12 87 162 187 15 119 66 100 70 93 128 207 73 82 146 34 188 83 88 98 107 218 184 155 201 189 163 46 94 0 106 181 151 88 92 15 87 103 39 81 124 144 78 24 132 79 82 32 68 108 106 151 78 49 162 84 157 83 12 106 0 75 177 40 167 62 150 153 112 133 163 129 139 99 162 152 19 104 123 160 152 128 9 31 164 12 186 156 87 181 75 0 
0 93 103 46 111 95 56 158 83 160 89 10 151 96 59 127 61 86 147 56 171 94 41 110 18 121 73 46 131 27 93 0 52 134 198 182 123 206 176 153 154 84 218 126 140 154 122 13 228 109 182 139 55 146 99 76 89 134 187 80 103 52 0 129 186 172 105 168 174 101 129 97 188 89 129 112 101 41 205 88 132 107 64 108 115 24 57 129 154 78 46 134 129 0 65 49 34 124 45 155 54 55 109 84 18 109 41 124 101 48 157 73 79 91 55 141 81 0 96 54 111 198 186 65 0 16 81 108 41 183 65 120 72 117 59 126 86 188 43 98 171 96 144 111 118 193 131 65 83 118 95 182 172 49 16 0 67 109 29 175 56 104 78 107 43 120 72 172 57 84 166 87 128 103 102 179 117 49 82 102 56 123 105 34 81 67 0 102 74 121 34 62 98 50 25 76 7 110 105 17 124 41 71 58 72 113 51 34 75 45 158 206 168 124 108 109 102 0 138 107 70 164 44 80 106 58 97 193 85 105 79 68 165 60 174 161 117 124 28 142 83 176 174 45 41 29 74 138 0 193 77 93 107 122 50 141 81 167 84 91 188 105 122 123 85 186 124 45 110 98 160 153 101 155 183 175 121 107 193 0 119 159 146 71 143 58 114 140 181 109 37 88 140 72 178 81 87 155 112 133 89 154 129 54 65 56 34 70 77 119 0 96 64 52 36 64 33 141 76 45 111 31 105 47 104 132 72 54 43 79 10 84 97 55 120 104 62 164 93 159 96 0 159 99 68 131 67 77 156 60 173 99 33 114 19 116 72 55 137 26 151 218 188 109 72 78 98 44 107 146 64 159 0 100 92 89 97 205 41 109 121 81 169 83 164 185 131 109 35 143 96 126 89 84 117 107 50 80 122 71 52 99 100 0 72 32 43 113 124 41 75 21 91 20 114 85 37 84 66 73 59 140 129 18 59 43 25 106 50 143 36 68 92 72 0 94 31 130 88 42 142 58 86 76 72 138 76 18 78 60 127 154 112 109 126 120 76 58 141 58 64 131 89 32 94 0 69 141 123 71 48 36 123 18 145 103 67 109 54 105 61 122 101 41 86 72 7 97 81 114 33 67 97 43 31 69 0 109 106 13 117 34 72 51 78 107 45 41 72 47 86 13 41 124 188 172 110 193 167 140 141 77 205 113 130 141 109 0 215 96 169 126 45 133 94 65 76 124 174 70 147 228 205 101 43 57 105 85 84 181 76 156 41 124 88 123 106 215 0 119 160 103 174 112 156 208 148 101 69 148 56 109 88 48 98 84 17 105 91 109 45 60 109 41 42 71 13 96 119 0 116 39 61 54 74 96 34 48 82 37 171 182 132 157 171 166 124 79 188 37 111 173 121 75 142 48 117 169 160 116 0 84 160 66 189 115 104 157 91 147 94 139 107 73 96 87 41 68 105 88 31 99 81 21 58 36 34 126 103 39 84 0 97 18 112 105 51 73 48 76 41 55 64 79 144 128 71 165 122 140 105 33 169 91 86 123 72 45 174 61 160 97 0 109 51 85 56 79 143 26 110 146 108 91 111 103 58 60 123 72 47 114 83 20 76 18 51 133 112 54 66 18 109 0 128 103 57 91 48 90 18 99 115 55 118 102 72 174 85 178 104 19 164 114 72 145 78 94 156 74 189 112 51 128 0 135 91 55 147 45 121 76 24 141 193 179 113 161 186 81 132 116 185 85 138 103 107 65 208 96 115 105 85 103 135 0 62 141 151 94 73 89 57 81 131 117 51 117 124 87 72 72 131 37 76 67 45 76 148 34 104 51 56 57 91 62 0 81 99 46 46 134 129 0 65 49 34 124 45 155 54 55 109 84 18 109 41 124 101 48 157 73 79 91 55 141 81 0 96 54 131 187 154 96 83 82 75 28 110 112 43 137 35 66 78 54 72 174 69 82 91 48 143 48 147 151 99 96 0 119 27 80 78 54 118 102 45 142 98 133 79 26 143 73 60 105 47 70 148 37 147 76 26 90 45 94 46 54 119 0 
0 80 59 54 115 107 52 23 76 39 104 85 81 100 105 88 103 50 110 58 132 117 46 82 112 84 86 90 97 100 80 0 127 96 144 27 132 80 82 76 165 144 42 151 183 65 146 130 161 78 153 165 102 22 90 14 166 170 17 131 59 127 0 40 164 151 54 47 135 52 130 119 139 139 99 147 148 33 145 61 182 155 94 118 171 135 69 61 142 64 54 96 40 0 169 117 81 31 127 21 151 135 117 153 132 131 157 64 161 21 186 170 100 83 158 107 105 99 109 46 115 144 164 169 0 166 118 138 62 153 66 57 106 40 127 85 24 137 43 171 18 38 70 161 77 134 138 153 157 215 107 27 151 117 166 0 159 106 104 99 192 171 60 177 210 83 170 157 187 97 174 190 129 34 103 32 193 197 10 147 52 132 54 81 118 159 0 63 107 78 76 67 127 87 54 126 98 21 93 96 136 103 55 133 146 135 34 42 149 117 23 80 47 31 138 106 63 0 97 17 125 107 92 123 117 104 126 53 133 36 155 140 69 75 130 88 94 93 96 77 76 82 135 127 62 104 107 97 0 107 99 79 44 78 141 26 68 118 87 122 71 88 52 100 39 72 137 149 95 173 39 76 52 21 153 99 78 17 107 0 142 124 96 139 132 110 142 66 149 19 169 156 85 66 137 87 108 105 90 66 104 165 130 151 66 192 76 125 99 142 0 21 140 26 64 125 42 97 24 161 82 33 63 175 131 161 82 98 182 192 85 144 119 135 57 171 67 107 79 124 21 0 119 20 71 105 33 88 26 143 74 36 42 154 113 140 82 97 161 178 81 42 139 117 106 60 127 92 44 96 140 119 0 121 171 23 112 131 131 105 114 132 82 64 49 29 161 168 52 159 100 151 139 153 40 177 87 123 78 139 26 20 121 0 88 104 16 108 10 158 56 17 55 165 106 145 101 117 167 197 105 183 99 132 127 210 54 117 141 132 64 71 171 88 0 164 103 68 88 149 144 97 89 187 178 184 30 45 200 163 88 65 147 131 85 83 126 104 26 110 125 105 23 104 164 0 94 135 113 122 91 114 75 87 27 52 160 168 75 176 103 146 148 157 24 170 98 126 68 142 42 33 112 16 103 94 0 118 21 161 41 20 57 161 93 138 115 130 161 202 50 130 33 64 137 157 21 53 118 66 97 88 131 108 68 135 118 0 114 81 155 124 70 127 156 134 42 40 147 97 110 161 145 161 43 187 93 133 87 149 24 26 131 10 88 113 21 114 0 168 58 10 65 175 114 155 104 120 177 204 58 78 61 21 171 97 96 36 122 19 161 143 105 158 149 122 161 81 168 0 186 175 104 63 149 91 123 119 90 54 132 153 182 186 18 174 136 155 71 169 82 74 114 56 144 91 41 155 58 186 0 50 88 171 78 143 156 171 166 232 117 165 155 170 38 190 103 140 88 156 33 36 132 17 97 114 20 124 10 175 50 0 72 180 113 158 114 130 181 214 46 102 94 100 70 129 55 69 52 85 63 42 82 55 89 75 57 70 65 104 88 72 0 112 91 100 85 97 119 145 82 22 118 83 161 34 133 75 100 66 175 154 64 165 187 87 161 127 175 63 171 180 112 0 112 36 167 167 27 113 112 90 171 158 77 103 146 130 39 137 131 113 49 106 178 27 93 156 114 149 78 113 91 112 0 76 176 188 98 203 84 14 135 107 134 32 135 88 72 87 161 140 29 145 184 52 138 134 155 91 143 158 100 36 76 0 169 174 23 144 86 166 69 105 138 193 34 94 137 108 82 82 161 101 30 160 115 42 104 123 156 114 85 167 176 169 0 16 183 133 90 170 61 99 153 197 42 93 149 105 98 97 168 117 45 168 130 40 120 119 171 130 97 167 188 174 16 0 187 122 97 17 142 109 157 10 149 96 95 90 182 161 52 167 200 75 161 147 177 90 166 181 119 27 98 23 183 187 0 140 100 131 64 46 215 147 117 77 173 66 192 178 159 197 163 176 202 97 204 54 232 214 145 113 203 144 133 122 140 0 
0 67 132 49 200 53 186 52 123 65 11 151 193 12 70 147 161 142 128 112 161 106 153 168 218 44 170 107 195 87 67 0 79 22 156 65 156 57 90 69 57 122 132 55 93 137 125 81 83 82 119 98 88 101 154 45 118 51 152 48 132 79 0 101 79 94 89 89 43 87 125 66 64 120 112 98 58 101 20 46 48 78 91 73 93 124 39 28 76 46 49 22 101 0 177 66 173 59 107 74 38 139 154 39 93 150 144 93 104 98 140 109 104 122 176 23 140 73 173 65 200 156 79 177 0 151 43 149 78 140 196 60 72 190 157 94 43 170 74 89 40 108 156 125 96 200 45 106 7 115 53 65 94 66 151 0 134 8 73 12 54 99 158 46 28 94 110 144 84 62 111 53 148 150 186 78 128 77 145 49 186 156 89 173 43 134 0 134 66 122 184 35 109 177 131 56 32 190 75 76 42 82 179 153 137 195 73 111 36 108 52 57 89 59 149 8 134 0 71 15 51 99 153 43 36 97 109 136 80 60 109 56 140 143 180 72 124 70 143 43 123 90 43 107 78 73 66 71 0 62 120 32 98 113 81 56 38 138 23 11 38 38 131 116 129 129 61 52 72 42 65 69 87 74 140 12 122 15 62 0 66 87 151 58 26 82 99 146 75 52 100 41 148 147 180 87 119 72 134 44 11 57 125 38 196 54 184 51 120 66 0 149 185 8 75 148 158 131 123 109 157 107 142 158 209 33 164 99 191 82 151 122 66 139 60 99 35 99 32 87 149 0 104 142 98 38 18 166 47 41 30 49 157 137 135 160 65 82 53 74 193 132 64 154 72 158 109 153 98 151 185 104 0 181 176 142 88 114 78 106 75 136 95 60 31 177 39 86 75 110 12 55 120 39 190 46 177 43 113 58 8 142 181 0 67 140 151 132 116 102 150 99 143 156 206 38 158 95 184 75 70 93 112 93 157 28 131 36 81 26 75 98 176 67 0 83 114 172 98 71 119 49 174 173 205 103 141 98 150 70 147 137 98 150 94 94 56 97 56 82 148 38 142 140 83 0 56 193 78 59 68 41 187 171 173 167 103 107 87 91 161 125 58 144 43 110 32 109 38 99 158 18 88 151 114 56 0 159 43 49 13 65 148 125 118 166 49 79 36 79 142 81 101 93 170 144 190 136 138 146 131 166 114 132 172 193 159 0 119 135 148 162 20 55 119 106 125 86 170 108 128 83 20 104 74 84 75 80 23 75 123 47 78 116 98 78 43 119 0 28 36 59 110 93 108 126 44 36 69 41 112 82 46 98 89 62 76 60 11 52 109 41 106 102 71 59 49 135 28 0 49 32 130 118 136 119 70 49 83 34 161 119 48 140 40 111 42 109 38 100 157 30 75 150 119 68 13 148 36 49 0 71 137 112 106 162 36 72 34 76 106 98 78 109 108 53 82 56 38 41 107 49 136 99 49 41 65 162 59 32 71 0 159 149 167 126 99 77 101 54 153 88 91 104 156 148 179 140 131 148 142 157 95 143 174 187 148 20 110 130 137 159 0 36 99 120 111 82 156 107 168 101 73 122 125 150 153 143 116 147 158 137 60 156 173 171 125 55 93 118 112 149 36 0 64 141 81 75 126 103 218 154 93 176 96 186 137 180 129 180 209 135 31 206 205 173 118 119 108 136 106 167 99 64 0 198 70 112 101 137 44 45 124 23 200 78 195 72 129 87 33 160 177 38 103 167 166 106 126 119 162 126 120 141 198 0 163 96 195 87 170 118 39 140 45 128 73 124 61 119 164 65 39 158 141 103 49 125 44 70 36 99 111 81 70 163 0 67 45 83 107 51 28 73 106 77 111 70 52 72 99 82 86 95 98 107 79 86 36 49 72 77 82 75 112 96 67 0 103 28 195 152 76 173 7 145 36 143 72 134 191 53 75 184 150 87 36 170 69 83 34 101 156 126 101 195 45 103 0 110 87 48 46 65 115 49 108 43 42 44 82 74 110 75 70 91 79 108 41 34 76 54 107 103 137 87 83 28 110 0 
0 87 49 213 59 59 149 192 112 150 104 71 145 173 134 110 64 186 66 96 170 44 85 190 42 176 207 42 165 134 87 0 130 138 90 40 124 166 53 70 68 76 142 132 153 56 45 193 43 138 112 128 127 127 46 184 205 51 96 75 49 130 0 241 62 94 153 192 161 184 124 83 139 183 116 159 95 168 97 71 190 8 64 213 84 158 192 79 193 160 213 138 241 0 180 155 121 127 169 68 117 158 155 93 189 175 149 196 147 209 60 243 204 39 173 190 188 171 48 81 59 90 62 180 0 50 93 135 136 129 63 22 86 121 77 136 46 127 48 48 129 66 37 151 55 118 148 45 132 99 59 40 94 155 50 0 104 147 87 91 51 39 113 122 118 88 8 162 10 98 113 93 87 132 21 153 177 17 107 76 149 124 153 121 93 104 0 43 177 105 56 78 34 33 69 180 96 80 94 98 61 158 97 82 124 73 84 116 84 65 192 166 192 127 135 147 43 0 218 133 99 121 55 39 90 222 139 72 137 129 76 198 131 89 167 69 61 159 104 98 112 53 161 169 136 87 177 218 0 103 121 126 195 182 205 6 95 246 94 184 157 156 173 167 82 237 258 91 136 123 150 70 184 68 129 91 105 133 103 0 71 108 136 94 162 109 89 185 87 167 60 184 159 65 108 178 188 108 34 41 104 68 124 117 63 51 56 99 121 71 0 41 75 71 94 124 43 127 41 96 67 127 88 89 72 117 137 65 69 36 71 76 83 158 22 39 78 121 126 108 41 0 78 103 79 127 32 125 33 63 107 86 53 130 52 115 142 42 110 77 145 142 139 155 86 113 34 55 195 136 75 78 0 65 36 198 105 52 104 74 95 145 76 116 130 42 64 120 118 95 173 132 183 93 121 122 33 39 182 94 71 103 65 0 101 187 114 103 112 131 37 187 129 54 143 97 98 136 65 60 134 153 116 189 77 118 69 90 205 162 94 79 36 101 0 206 110 52 111 46 129 123 52 151 130 42 76 120 148 122 110 56 159 175 136 88 180 222 6 109 124 127 198 187 206 0 96 249 96 184 162 154 173 173 81 240 261 91 142 127 64 45 95 149 46 8 96 139 95 89 43 32 105 114 110 96 0 154 2 93 106 95 82 126 29 145 169 22 101 70 186 193 168 196 127 162 80 72 246 185 127 125 52 103 52 249 154 0 154 97 139 175 104 157 177 10 27 167 164 145 66 43 97 147 48 10 94 137 94 87 41 33 104 112 111 96 2 154 0 95 104 97 84 124 31 144 168 24 99 68 96 138 71 209 48 98 98 129 184 167 96 63 74 131 46 184 93 97 95 0 151 79 11 174 103 88 122 93 163 131 170 112 190 60 129 113 61 76 157 60 67 107 95 37 129 162 106 139 104 151 0 193 146 23 134 133 135 128 28 38 44 128 8 243 66 93 158 198 156 184 127 86 145 187 123 154 95 175 97 79 193 0 71 216 82 165 199 77 195 162 85 127 64 204 37 87 97 131 173 159 88 53 76 129 52 173 82 104 84 11 146 71 0 169 92 94 128 82 157 124 190 127 213 39 151 132 82 89 167 65 89 130 116 54 151 173 126 157 124 174 23 216 169 0 153 151 150 148 31 56 42 46 84 173 55 21 124 167 82 108 72 52 130 143 130 81 29 177 31 103 134 82 92 153 0 167 194 10 127 97 176 184 158 190 118 153 73 69 237 178 117 115 42 97 42 240 145 10 144 88 133 165 94 151 167 0 34 157 157 137 207 205 192 188 148 177 84 61 258 188 137 142 64 98 76 261 169 27 168 122 135 199 128 150 194 34 0 184 162 149 42 51 79 171 45 17 116 159 91 108 65 42 120 136 120 91 22 167 24 93 128 77 82 148 10 157 184 0 123 92 165 96 193 48 132 107 84 104 136 34 69 110 118 65 148 142 101 164 99 163 28 195 157 31 127 157 162 123 0 33 134 75 160 81 99 76 65 98 123 41 36 77 95 60 122 127 70 145 68 131 38 162 124 56 97 137 149 92 33 0 
0 81 110 174 121 122 52 144 60 26 67 76 62 116 45 145 115 123 51 192 151 125 137 16 72 55 186 74 91 62 81 0 48 164 142 164 29 193 27 106 138 48 29 115 125 149 68 109 104 191 144 107 187 73 127 52 201 13 36 27 110 48 0 126 122 154 64 185 72 130 150 39 49 89 150 121 24 76 112 156 110 72 181 97 131 97 173 43 19 73 174 164 126 0 68 103 160 127 176 174 161 118 143 58 187 36 102 55 134 31 23 57 127 158 130 199 61 152 128 179 121 142 122 68 0 39 126 69 144 114 94 94 114 36 123 32 103 55 73 75 49 60 67 107 64 160 65 129 114 147 122 164 154 103 39 0 143 31 161 106 74 120 135 74 109 68 137 93 71 102 88 98 28 112 51 170 77 151 141 164 52 29 64 160 126 143 0 171 18 77 110 42 17 106 96 140 76 105 79 185 139 104 165 44 101 39 190 22 46 21 144 193 185 127 69 31 171 0 188 124 85 151 164 105 122 94 168 124 94 118 114 129 7 135 72 194 86 180 172 191 60 27 72 176 144 161 18 188 0 86 123 58 33 124 105 158 89 121 95 203 156 120 182 57 118 25 208 30 57 3 26 106 130 174 114 106 77 124 86 0 42 93 83 117 20 142 131 129 41 188 151 132 117 33 55 81 177 98 111 88 67 138 150 161 94 74 110 85 123 42 0 111 111 110 37 125 145 126 38 169 140 131 78 66 31 122 150 127 133 126 76 48 39 118 94 120 42 151 58 93 111 0 25 67 112 101 39 63 73 145 98 62 146 61 92 81 153 35 22 61 62 29 49 143 114 135 17 164 33 83 111 25 0 91 103 125 59 88 76 170 123 87 158 50 98 56 176 16 30 36 116 115 89 58 36 74 106 105 124 117 110 67 91 0 131 34 67 19 78 79 35 24 102 100 79 143 86 102 83 127 45 125 150 187 123 109 96 122 105 20 37 112 103 131 0 153 150 145 53 198 164 148 115 53 60 97 183 118 131 107 145 149 121 36 32 68 140 94 158 142 125 101 125 34 153 0 98 45 101 47 20 50 94 130 95 177 52 136 117 161 115 68 24 102 103 137 76 168 89 131 145 39 59 67 150 98 0 53 107 132 86 48 165 100 121 114 150 59 32 90 123 109 76 55 55 93 105 124 121 129 126 63 88 19 145 45 53 0 92 82 35 5 121 107 97 144 97 98 74 124 51 104 112 134 73 71 79 94 95 41 38 73 76 78 53 101 107 92 0 147 111 95 88 41 23 100 136 92 95 98 192 191 156 31 75 102 185 118 203 188 169 145 170 79 198 47 132 82 147 0 47 85 121 177 139 222 38 180 156 206 151 144 110 23 49 88 139 114 156 151 140 98 123 35 164 20 86 35 111 47 0 38 114 135 109 177 66 133 109 159 125 107 72 57 60 98 104 129 120 132 131 62 87 24 148 50 48 5 95 85 38 0 126 109 101 143 102 95 71 123 137 187 181 127 67 28 165 7 182 117 78 146 158 102 115 94 165 121 88 121 114 126 0 128 65 187 90 174 168 185 16 73 97 158 107 112 44 135 57 33 66 61 50 100 53 130 100 107 41 177 135 109 128 0 63 59 172 65 78 60 72 127 131 130 64 51 101 72 118 55 31 92 98 79 60 95 121 97 23 139 109 101 65 63 0 122 123 114 114 121 55 52 97 199 160 170 39 194 25 81 122 81 56 143 97 177 114 144 100 222 177 143 187 59 122 0 225 55 82 25 186 201 173 61 65 77 190 86 208 177 150 153 176 86 183 52 150 97 136 38 66 102 90 172 123 225 0 188 169 211 74 13 43 152 129 151 22 180 30 98 127 35 16 102 118 136 59 98 92 180 133 95 174 65 114 55 188 0 27 31 91 36 19 128 114 141 46 172 57 111 133 22 30 83 131 117 32 74 95 156 109 71 168 78 114 82 169 27 0 58 62 27 73 179 147 164 21 191 3 88 126 61 36 127 107 161 90 124 98 206 159 123 185 60 121 25 211 31 58 0 
0 101 25 131 44 178 70 133 134 58 34 80 64 178 191 141 155 149 87 75 112 144 111 72 144 152 100 92 103 166 101 0 98 53 124 150 86 57 79 60 135 52 67 155 145 85 90 173 14 154 11 48 38 61 107 166 167 108 175 130 25 98 0 118 27 154 47 119 115 44 48 65 45 154 169 122 137 124 85 59 106 134 99 84 122 127 81 67 86 143 131 53 118 0 137 104 83 4 32 74 164 53 73 110 93 36 37 147 61 159 44 28 20 111 61 136 165 94 174 83 44 124 27 137 0 155 56 137 129 66 47 84 64 154 174 135 151 110 111 32 131 156 119 111 129 117 56 66 59 148 178 150 154 104 155 0 108 100 72 128 200 112 118 8 31 68 73 83 151 159 145 129 112 197 43 66 145 89 156 21 70 86 47 83 56 108 0 83 73 30 94 35 20 108 122 79 95 93 78 76 90 106 69 104 75 91 83 27 92 96 133 57 119 4 137 100 83 0 29 75 165 54 74 106 89 32 33 144 65 159 48 31 23 115 58 133 164 93 174 79 134 79 115 32 129 72 73 29 0 76 163 54 70 78 66 7 22 118 84 147 73 60 41 132 29 105 146 74 156 51 58 60 44 74 66 128 30 75 76 0 90 22 11 130 136 83 97 123 49 94 66 91 55 74 89 121 107 57 115 113 34 135 48 164 47 200 94 165 163 90 0 112 93 199 216 170 185 157 121 66 146 178 144 101 169 164 94 111 94 190 80 52 65 53 84 112 35 54 54 22 112 0 20 115 117 61 75 121 47 109 55 72 35 85 70 115 118 56 127 94 64 67 45 73 64 118 20 74 70 11 93 20 0 120 127 77 92 112 58 89 72 92 55 85 80 110 100 46 109 104 178 155 154 110 154 8 108 106 78 130 199 115 120 0 39 74 80 76 157 156 151 136 118 200 49 59 140 88 151 28 191 145 169 93 174 31 122 89 66 136 216 117 127 39 0 60 57 114 150 182 137 115 107 198 47 97 171 109 182 27 141 85 122 36 135 68 79 32 7 83 170 61 77 74 60 0 16 119 90 153 78 62 47 139 28 106 151 79 161 47 155 90 137 37 151 73 95 33 22 97 185 75 92 80 57 16 0 132 97 169 81 58 54 147 39 118 167 95 177 52 149 173 124 147 110 83 93 144 118 123 157 121 112 76 114 119 132 0 168 98 173 175 143 197 93 17 75 66 84 91 87 14 85 61 111 151 78 65 84 49 121 47 58 157 150 90 97 168 0 142 25 61 43 50 108 162 156 102 164 132 75 154 59 159 32 159 76 159 147 94 66 109 89 156 182 153 169 98 142 0 160 181 144 143 140 109 28 75 28 155 112 11 106 44 131 145 90 48 73 66 146 55 72 151 137 78 81 173 25 160 0 37 33 72 102 165 172 111 181 124 144 48 134 28 156 129 106 31 60 91 178 72 92 136 115 62 58 175 61 181 37 0 37 109 89 164 189 120 198 108 111 38 99 20 119 112 69 23 41 55 144 35 55 118 107 47 54 143 43 144 33 37 0 93 69 134 152 84 161 92 72 61 84 111 111 197 104 115 132 74 101 85 85 200 198 139 147 197 50 143 72 109 93 0 154 195 165 131 170 178 144 107 122 61 129 43 75 58 29 89 169 70 80 49 47 28 39 93 108 140 102 89 69 154 0 79 134 65 145 24 152 166 127 136 117 66 91 133 105 121 164 115 110 59 97 106 118 17 162 109 165 164 134 195 79 0 88 64 97 75 100 167 81 165 56 145 83 164 146 107 94 118 100 140 171 151 167 75 156 28 172 189 152 165 134 88 0 72 11 145 92 108 67 94 66 89 27 93 74 57 111 56 46 88 109 79 95 66 102 75 111 120 84 131 65 64 72 0 82 82 103 175 86 174 59 156 92 174 156 115 94 127 109 151 182 161 177 84 164 28 181 198 161 170 145 97 11 82 0 156 166 130 143 83 148 21 96 79 51 113 190 94 104 28 27 47 52 91 132 155 124 108 92 178 24 75 145 82 156 0 
0 170 177 125 92 148 212 128 46 138 108 137 173 56 171 131 58 147 57 187 117 125 97 130 50 85 157 74 182 158 170 0 137 139 105 32 112 202 139 42 96 81 147 174 126 49 117 84 143 135 211 189 126 40 131 90 92 96 49 95 177 137 0 55 186 108 62 109 131 155 78 65 14 138 11 157 164 57 121 13 129 97 80 136 177 113 45 134 185 42 125 139 55 0 153 107 108 66 79 140 48 59 48 83 53 139 124 60 68 68 82 53 30 121 133 79 61 98 181 58 92 105 186 153 0 101 193 191 94 63 109 124 189 130 176 56 38 134 107 191 188 182 124 69 42 74 147 55 99 149 148 32 108 107 101 0 95 170 112 48 64 49 118 146 97 52 101 53 115 109 179 157 94 32 115 64 63 74 77 66 212 112 62 108 193 95 0 168 167 143 104 76 76 186 57 147 183 66 161 50 188 156 122 127 197 133 55 152 160 55 128 202 109 66 191 170 168 0 98 196 106 125 96 72 111 193 154 126 84 122 22 13 77 178 159 126 127 139 240 124 46 139 131 79 94 112 167 98 0 116 63 92 127 39 125 111 57 102 14 141 94 91 51 103 61 49 112 49 163 112 138 42 155 140 63 48 143 196 116 0 92 90 161 155 144 7 81 98 124 156 200 184 119 19 94 71 110 67 47 113 108 96 78 48 109 64 104 106 63 92 0 29 80 89 69 91 86 39 59 85 115 94 30 73 99 35 49 56 135 50 137 81 65 59 124 49 76 125 92 90 29 0 71 118 54 92 108 10 88 67 137 112 55 71 122 57 23 77 126 25 173 147 14 48 189 118 76 96 127 161 80 71 0 131 22 163 165 65 116 26 116 84 76 142 177 115 55 136 195 52 56 174 138 83 130 146 186 72 39 155 89 118 131 0 136 150 92 125 31 151 61 70 64 140 93 85 132 88 202 131 171 126 11 53 176 97 57 111 125 144 69 54 22 136 0 146 155 46 116 16 131 99 75 125 168 104 34 125 174 31 131 49 157 139 56 52 147 193 111 7 91 92 163 150 146 0 74 100 120 158 197 182 117 21 87 68 112 62 52 115 58 117 164 124 38 101 183 154 57 81 86 108 165 92 155 74 0 118 70 171 151 147 94 77 14 51 131 31 124 132 147 84 57 60 134 53 66 126 102 98 39 10 65 125 46 100 118 0 97 58 141 113 62 79 132 67 13 87 130 15 57 143 121 68 107 115 161 84 14 124 59 88 116 31 116 120 70 97 0 132 81 77 41 109 75 54 107 58 171 106 187 135 13 68 191 109 50 122 141 156 85 67 26 151 16 158 171 58 132 0 142 110 91 137 184 120 46 141 184 43 117 211 129 82 188 179 188 22 94 200 115 137 116 61 131 197 151 141 81 142 0 32 85 183 153 129 143 139 245 140 125 189 97 53 182 157 156 13 91 184 94 112 84 70 99 182 147 113 77 110 32 0 65 166 152 115 114 129 228 111 97 126 80 30 124 94 122 77 51 119 30 55 76 64 75 117 94 62 41 91 85 65 0 101 103 52 68 69 163 67 130 40 136 121 69 32 127 178 103 19 73 71 142 140 125 21 77 79 109 137 183 166 101 0 91 55 91 57 62 94 50 131 177 133 42 115 197 159 61 94 99 122 177 93 168 87 14 132 75 184 153 152 103 91 0 65 145 45 136 146 85 90 113 79 74 64 133 126 49 71 35 57 115 85 104 68 51 67 54 120 129 115 52 55 65 0 80 21 117 81 157 92 45 61 147 63 55 127 112 110 49 23 55 132 34 112 131 13 107 46 143 114 68 91 145 80 0 100 140 3 74 96 134 98 55 74 152 139 49 67 56 77 136 88 125 62 31 87 58 141 139 129 69 57 45 21 100 0 114 102 182 49 185 181 99 77 160 240 163 47 135 126 195 202 174 52 124 130 171 184 245 228 163 62 136 117 140 114 0 143 158 95 42 58 149 66 55 124 112 113 50 25 52 131 31 115 132 15 106 43 140 111 67 94 146 81 3 102 143 0 
0 81 97 117 71 79 104 111 42 43 62 67 104 113 83 73 88 98 73 70 118 107 37 61 100 141 125 156 62 68 81 0 177 106 143 130 149 191 48 114 131 79 179 180 44 151 82 126 124 137 178 185 117 73 177 180 150 150 19 148 97 177 0 199 42 126 145 59 138 64 55 151 83 109 179 26 173 157 123 96 130 69 69 148 74 175 179 228 158 51 117 106 199 0 185 84 84 181 85 159 178 50 154 139 62 182 29 56 83 112 123 168 131 56 157 99 61 44 101 152 71 143 42 185 0 126 149 91 112 29 13 135 106 129 153 18 157 154 121 101 145 97 59 130 98 183 179 221 125 63 79 130 126 84 126 0 25 98 83 110 125 55 70 57 99 116 71 32 6 30 48 85 67 59 74 62 54 103 113 75 104 149 145 84 149 25 0 108 104 134 148 70 77 56 114 138 80 28 31 49 39 94 90 76 83 37 36 93 134 94 111 191 59 181 91 98 108 0 146 101 101 142 32 59 180 73 163 130 98 69 81 14 74 142 25 129 144 200 172 43 42 48 138 85 112 83 104 146 0 83 102 42 131 132 41 115 56 87 77 89 130 139 74 34 130 139 112 128 30 104 43 114 64 159 29 110 134 101 83 0 19 109 106 125 124 38 131 134 104 90 137 103 45 104 99 170 161 197 96 62 62 131 55 178 13 125 148 101 102 19 0 128 112 133 143 29 150 151 120 102 148 105 58 123 105 184 177 215 113 68 67 79 151 50 135 55 70 142 42 109 128 0 119 111 44 133 22 47 51 75 103 132 82 8 121 101 71 89 67 107 104 179 83 154 106 70 77 32 131 106 112 119 0 27 160 89 139 100 71 44 49 18 68 120 9 97 113 170 160 44 113 180 109 139 129 57 56 59 132 125 133 111 27 0 155 113 128 83 60 43 22 45 81 114 36 70 92 149 162 66 83 44 179 62 153 99 114 180 41 124 143 44 160 155 0 156 39 89 95 116 147 171 112 41 161 143 109 106 41 141 73 151 26 182 18 116 138 73 115 38 29 133 89 113 156 0 155 146 112 89 130 79 52 129 80 171 170 214 132 47 88 82 173 29 157 71 80 163 56 131 150 22 139 128 39 155 0 53 68 95 117 152 104 27 141 106 70 72 74 129 98 126 157 56 154 32 28 130 87 134 151 47 100 83 89 146 53 0 34 62 67 116 95 55 105 54 27 71 114 107 73 124 123 83 121 6 31 98 77 104 120 51 71 60 95 112 68 34 0 29 54 85 62 54 74 68 58 105 107 73 70 137 96 112 101 30 49 69 89 90 102 75 44 43 116 89 95 62 29 0 48 57 45 76 46 82 83 133 119 45 118 178 130 123 145 48 39 81 130 137 148 103 49 22 147 130 117 67 54 48 0 67 92 107 57 48 72 129 160 83 107 185 69 168 97 85 94 14 139 103 105 132 18 45 171 79 152 116 85 57 67 0 70 132 11 115 130 186 166 41 37 117 69 131 59 67 90 74 74 45 58 82 68 81 112 52 104 95 62 45 92 70 0 79 63 126 120 162 98 31 61 73 148 56 130 59 76 142 34 104 123 8 120 114 41 129 27 55 54 76 107 132 79 0 121 108 79 96 59 105 100 177 74 157 98 74 83 25 130 99 105 121 9 36 161 80 141 105 74 46 57 11 63 121 0 105 119 175 158 37 141 180 175 99 183 62 37 129 139 170 184 101 97 70 143 171 106 54 68 82 48 115 126 108 105 0 38 91 167 125 125 150 179 61 179 54 36 144 112 161 177 71 113 92 109 170 70 27 58 83 72 130 120 79 119 38 0 57 138 128 156 150 228 44 221 103 93 200 128 197 215 89 170 149 106 214 72 71 105 133 129 186 162 96 175 91 57 0 145 178 62 19 158 101 125 113 134 172 30 96 113 67 160 162 41 132 74 114 107 119 160 166 98 59 158 167 138 145 0 129 68 148 51 152 63 75 94 43 104 62 68 107 44 66 141 47 129 107 73 45 83 41 31 105 37 125 128 178 129 0 
0 161 109 147 25 117 178 134 25 169 113 38 91 32 84 20 194 58 23 195 90 33 176 121 14 43 71 177 78 113 161 0 75 121 139 149 96 55 139 166 52 125 112 157 123 145 167 199 139 65 173 169 176 171 167 118 107 69 96 95 109 75 0 60 99 75 70 26 99 102 64 86 37 122 48 90 113 133 86 87 98 106 112 96 111 70 94 68 31 21 147 121 60 0 144 48 48 67 144 45 124 134 56 167 63 127 53 146 125 96 92 130 55 67 143 116 151 72 77 42 25 139 99 144 0 122 169 120 0 171 89 14 88 23 84 26 194 82 22 180 103 53 181 130 38 29 46 165 69 105 117 149 75 48 122 0 96 95 122 52 134 116 44 143 40 99 79 102 100 140 44 92 59 22 109 98 143 116 70 54 178 96 70 48 169 96 0 57 169 83 120 156 89 192 100 158 74 188 155 51 138 166 92 115 176 140 162 30 100 65 134 55 26 67 120 95 57 0 120 112 63 106 63 142 74 116 116 159 111 61 124 132 122 117 137 92 106 45 57 41 25 139 99 144 0 122 169 120 0 171 89 14 88 23 84 26 194 82 22 180 103 53 181 130 38 29 46 165 69 105 169 166 102 45 171 52 83 112 171 0 166 163 87 194 87 151 29 152 151 134 92 144 10 57 161 145 187 112 112 82 113 52 64 124 89 134 120 63 89 166 0 75 90 106 99 99 177 157 93 108 146 126 176 153 121 72 55 101 67 85 38 125 86 134 14 116 156 106 14 163 75 0 78 36 76 31 184 90 25 166 103 60 173 127 48 18 37 151 58 94 91 112 37 56 88 44 89 63 88 87 90 78 0 111 12 71 106 100 69 119 62 77 96 63 88 60 101 97 26 25 32 157 122 167 23 143 192 142 23 194 106 36 111 0 107 44 217 88 43 202 121 65 202 150 46 52 54 187 92 128 84 123 48 63 84 40 100 74 84 87 99 76 12 107 0 65 110 89 64 131 50 68 97 56 80 58 103 108 32 36 20 145 90 127 26 99 158 116 26 151 99 31 71 44 65 0 175 60 6 177 77 29 158 106 22 27 68 158 59 93 194 167 113 53 194 79 74 116 194 29 177 184 106 217 110 175 0 181 174 125 121 171 30 86 187 166 204 104 130 95 58 199 133 146 82 102 188 159 82 152 157 90 100 88 89 60 181 0 66 219 60 31 156 95 44 85 127 197 103 125 23 139 86 125 22 100 155 111 22 151 93 25 69 43 64 6 174 66 0 172 81 35 159 108 28 21 62 154 55 90 195 65 87 96 180 140 51 61 180 134 108 166 119 202 131 177 125 219 172 0 177 193 143 161 198 153 161 24 118 95 90 173 98 92 103 44 138 124 103 92 146 103 62 121 50 77 121 60 81 177 0 59 96 35 78 88 137 154 80 83 33 169 106 130 53 92 166 132 53 144 126 60 77 65 68 29 171 31 35 193 59 0 151 93 19 54 97 173 76 102 176 176 112 55 181 59 92 122 181 10 176 173 96 202 97 158 30 156 159 143 96 151 0 61 168 155 197 121 122 92 121 171 96 67 130 22 115 117 130 57 153 127 63 150 56 106 86 95 108 161 35 93 61 0 111 110 157 137 88 76 14 167 111 143 38 109 176 137 38 161 121 48 88 46 80 22 187 44 28 198 78 19 168 111 0 49 84 179 80 111 43 118 70 116 29 98 140 92 29 145 72 18 60 52 58 27 166 85 21 153 88 54 155 110 49 0 49 137 40 76 71 107 94 151 46 143 162 106 46 187 55 37 101 54 103 68 204 127 62 161 137 97 197 157 84 49 0 150 75 109 177 69 68 72 165 116 30 45 165 112 101 151 97 187 108 158 104 197 154 24 154 173 121 137 179 137 150 0 99 72 78 96 31 77 69 70 100 57 69 112 67 58 26 92 32 59 130 103 55 118 80 76 122 88 80 40 75 99 0 36 113 95 21 42 105 54 65 41 105 82 85 94 25 128 36 93 95 125 90 95 83 102 92 76 111 76 109 72 36 0 
0 163 183 71 33 129 11 118 30 137 123 136 139 168 112 181 26 77 100 31 75 77 148 77 196 162 46 110 205 169 163 0 81 92 142 133 169 108 141 117 46 28 92 81 122 121 149 115 113 142 114 134 52 86 53 4 117 53 62 103 183 81 0 126 151 202 183 176 173 190 75 95 48 15 88 46 181 108 174 153 166 186 130 124 130 85 143 97 137 183 71 92 126 0 55 98 78 76 50 96 55 65 93 114 89 140 58 55 64 55 44 63 80 6 125 91 25 39 134 116 33 142 151 55 0 137 32 122 42 142 98 117 106 136 79 148 45 44 105 2 79 88 135 61 180 142 33 90 189 167 129 133 202 98 137 0 140 26 100 19 128 109 183 194 186 229 103 152 34 135 58 52 83 94 125 129 106 106 130 59 11 169 183 78 32 140 0 128 40 147 127 143 138 168 109 179 37 76 110 30 85 88 156 84 203 168 53 116 212 179 118 108 176 76 122 26 128 0 88 20 102 83 158 168 163 203 93 131 18 120 43 47 60 71 106 104 89 80 112 52 30 141 173 50 42 100 40 88 0 107 105 114 133 159 115 179 8 77 70 40 45 48 120 55 169 140 30 89 178 139 137 117 190 96 142 19 147 20 107 0 118 95 175 184 182 219 112 151 37 140 63 63 65 91 106 113 109 97 111 40 123 46 75 55 98 128 127 102 105 118 0 33 59 66 80 101 113 69 99 98 91 111 68 52 94 47 77 22 103 120 136 28 95 65 117 109 143 83 114 95 33 0 90 90 113 129 122 97 86 117 86 106 37 59 64 26 90 27 73 89 139 92 48 93 106 183 138 158 133 175 59 90 0 33 40 47 141 62 152 108 136 156 127 93 145 95 104 78 154 179 168 81 15 114 136 194 168 168 159 184 66 90 33 0 73 40 167 93 165 138 155 175 127 112 132 85 129 88 140 179 112 122 88 89 79 186 109 163 115 182 80 113 40 73 0 71 121 38 152 81 132 149 146 92 174 124 89 92 183 194 181 121 46 140 148 229 179 203 179 219 101 129 47 40 71 0 186 104 198 150 183 203 166 140 172 125 150 123 180 218 26 149 181 58 45 103 37 93 8 112 113 122 141 167 121 186 0 83 75 43 51 51 128 63 177 148 38 97 186 145 77 115 108 55 44 152 76 131 77 151 69 97 62 93 38 104 83 0 118 46 96 112 126 60 161 116 51 71 170 168 100 113 174 64 105 34 110 18 70 37 99 86 152 165 152 198 75 118 0 103 26 29 70 60 119 110 73 77 126 70 31 142 153 55 2 135 30 120 40 140 98 117 108 138 81 150 43 46 103 0 77 86 135 61 180 142 32 90 189 166 75 114 166 44 79 58 85 43 45 63 91 86 136 155 132 183 51 96 26 77 0 20 81 43 131 112 48 69 139 94 77 134 186 63 88 52 88 47 48 63 111 106 156 175 149 203 51 112 29 86 20 0 97 63 147 131 61 89 154 99 148 52 130 80 135 83 156 60 120 65 68 37 127 127 146 166 128 126 70 135 81 97 0 74 50 48 104 55 58 53 77 86 124 6 61 94 84 71 55 91 52 59 93 112 92 140 63 60 60 61 43 63 74 0 119 85 31 34 128 110 196 53 130 125 180 125 203 106 169 106 94 64 145 132 174 172 177 161 119 180 131 147 50 119 0 50 150 91 9 75 162 4 85 91 142 129 168 104 140 113 47 26 95 85 124 125 148 116 110 142 112 131 48 85 50 0 116 52 59 99 46 117 143 25 33 106 53 89 30 109 77 90 104 129 89 150 38 51 73 32 48 61 104 31 150 116 0 64 159 134 110 53 97 39 90 106 116 80 89 97 22 27 78 88 92 123 97 71 77 90 69 89 55 34 91 52 64 0 100 102 205 62 137 134 189 130 212 112 178 111 103 73 154 140 183 180 186 170 126 189 139 154 58 128 9 59 159 100 0 78 169 103 183 116 167 59 179 52 139 40 120 89 179 179 194 218 145 168 70 166 94 99 53 110 75 99 134 102 78 0 
0 45 76 75 11 203 144 190 202 189 93 173 187 10 169 152 151 129 178 109 206 188 99 191 140 163 89 197 28 202 45 0 39 61 34 160 117 145 157 156 60 128 153 36 129 121 107 84 133 67 161 143 54 146 113 131 70 156 24 157 76 39 0 42 65 128 137 127 143 117 80 108 114 69 93 135 101 64 116 73 148 124 52 133 132 92 41 121 62 137 75 61 42 0 67 154 174 165 183 117 117 146 116 73 112 175 143 104 155 114 188 162 94 173 170 91 15 142 76 173 11 34 65 67 0 192 139 179 191 178 85 162 176 6 158 146 141 118 167 99 195 177 88 180 135 152 80 186 21 191 203 160 128 154 192 0 184 67 86 84 157 61 80 195 44 168 104 83 69 128 89 64 119 84 179 91 141 20 183 59 144 117 137 174 139 184 0 128 123 228 57 123 224 135 180 20 80 112 119 68 124 128 89 115 5 211 178 193 118 143 190 145 127 165 179 67 128 0 21 140 118 19 136 181 89 109 50 63 12 90 26 4 92 17 123 138 157 83 165 15 202 157 143 183 191 86 123 21 0 161 122 39 157 192 110 103 53 79 28 96 5 25 103 11 119 159 176 103 175 27 189 156 117 117 178 84 228 140 161 0 183 125 4 183 51 217 157 116 136 161 166 136 142 156 223 26 102 64 179 137 93 60 80 117 85 157 57 118 122 183 0 105 179 83 141 61 69 75 106 29 126 116 41 111 53 163 121 161 65 131 173 128 108 146 162 61 123 19 39 125 105 0 121 164 74 107 43 44 11 76 44 16 75 31 118 121 138 74 148 29 187 153 114 116 176 80 224 136 157 4 179 121 0 181 47 213 153 112 132 157 162 132 138 152 219 25 101 60 176 133 10 36 69 73 6 195 135 181 192 183 83 164 181 0 162 143 141 120 169 99 196 178 89 181 131 158 86 190 18 193 169 129 93 112 158 44 180 89 110 51 141 74 47 162 0 168 106 69 85 116 115 85 100 105 175 50 99 30 153 88 152 121 135 175 146 168 20 109 103 217 61 107 213 143 168 0 64 101 101 62 104 110 83 95 18 203 176 178 125 123 151 107 101 143 141 104 80 50 53 157 69 43 153 141 106 64 0 45 40 43 57 50 53 42 75 146 140 114 123 65 129 84 64 104 118 83 112 63 79 116 75 44 112 120 69 101 45 0 52 47 84 60 36 69 107 102 98 86 106 73 178 133 116 155 167 69 119 12 28 136 106 11 132 169 85 101 40 52 0 78 33 10 80 20 114 132 148 84 153 25 109 67 73 114 99 128 68 90 96 161 29 76 157 99 116 62 43 47 78 0 100 88 21 85 63 143 114 133 81 103 206 161 148 188 195 89 124 26 5 166 126 44 162 196 115 104 57 84 33 100 0 30 107 15 120 164 181 107 179 30 188 143 124 162 177 64 128 4 25 136 116 16 132 178 85 110 50 60 10 88 30 0 89 20 124 134 154 80 162 15 99 54 52 94 88 119 89 92 103 142 41 75 138 89 100 83 53 36 80 21 107 89 0 92 84 123 93 120 73 104 191 146 133 173 180 84 115 17 11 156 111 31 152 181 105 95 42 69 20 85 15 20 92 0 111 152 166 100 164 29 140 113 132 170 135 179 5 123 119 223 53 118 219 131 175 18 75 107 114 63 120 124 84 111 0 206 173 188 114 138 163 131 92 91 152 91 211 138 159 26 163 121 25 158 50 203 146 102 132 143 164 134 123 152 206 0 76 72 154 138 89 70 41 15 80 141 178 157 176 102 121 138 101 86 99 176 140 98 148 114 181 154 93 166 173 76 0 129 87 165 197 156 121 142 186 20 193 83 103 64 161 74 60 190 30 178 114 86 84 133 107 80 120 100 188 72 129 0 180 77 28 24 62 76 21 183 118 165 175 179 65 148 176 18 153 125 123 106 153 81 179 162 73 164 114 154 87 180 0 177 202 157 137 173 191 59 143 15 27 137 131 29 133 193 88 123 65 73 25 103 30 15 104 29 138 138 165 77 177 0 
