0 68 95 106 82 136 141 52 78 119 87 69 62 8 47 71 133 109 65 118 77 64 120 81 34 45 84 85 122 147 68 0 41 143 146 195 199 111 146 111 97 118 17 72 104 18 129 124 133 148 11 22 171 48 36 59 45 124 108 205 95 41 0 137 176 201 204 124 173 83 83 155 35 96 117 58 101 108 160 136 45 31 170 25 70 99 18 122 78 210 106 143 137 0 142 75 75 62 120 82 56 159 127 98 63 157 80 42 115 19 154 124 38 112 127 150 119 21 90 79 82 146 176 142 0 126 132 82 25 190 153 45 143 82 85 143 199 166 27 161 153 145 133 162 110 96 166 126 195 138 136 195 201 75 126 0 6 84 101 157 127 161 181 129 91 204 155 117 104 90 206 180 37 176 167 179 183 80 165 12 141 199 204 75 132 6 0 89 107 157 129 167 185 134 96 209 155 117 110 90 210 183 37 179 172 184 186 83 165 6 52 111 124 62 82 84 89 0 64 111 74 97 99 45 7 120 118 84 55 79 122 98 68 102 83 97 108 44 117 95 78 146 173 120 25 101 107 64 0 174 137 64 140 77 68 146 182 148 13 139 153 142 108 155 110 104 160 106 180 113 119 111 83 82 190 157 157 111 174 0 37 188 95 114 106 129 18 40 165 71 121 90 120 64 119 150 69 80 8 161 87 97 83 56 153 127 129 74 137 37 0 155 80 81 69 114 46 27 128 53 108 76 93 58 94 124 65 47 43 134 69 118 155 159 45 161 167 97 64 188 155 0 120 74 97 111 201 174 57 176 123 124 161 147 85 61 149 141 191 173 62 17 35 127 143 181 185 99 140 95 80 120 0 64 92 35 112 107 127 131 28 5 155 33 35 65 31 109 93 191 8 72 96 98 82 129 134 45 77 114 81 74 64 0 39 76 127 102 64 110 81 65 112 80 39 53 84 77 117 140 47 104 117 63 85 91 96 7 68 106 69 97 92 39 0 113 114 81 59 79 115 91 73 95 77 92 101 44 112 102 71 18 58 157 143 204 209 120 146 129 114 111 35 76 113 0 147 141 133 163 13 40 182 66 37 50 63 138 126 215 133 129 101 80 199 155 155 118 182 18 46 201 112 127 114 147 0 38 173 65 139 107 118 82 135 166 87 82 23 158 109 124 108 42 166 117 117 84 148 40 27 174 107 102 81 141 38 0 139 31 135 103 80 84 120 149 91 44 48 121 65 133 160 115 27 104 110 55 13 165 128 57 127 64 59 133 173 139 0 134 140 129 107 143 97 91 147 99 170 116 118 148 136 19 161 90 90 79 139 71 53 176 131 110 79 163 65 31 134 0 159 127 53 111 136 162 118 35 79 93 77 11 45 154 153 206 210 122 153 121 108 123 28 81 115 13 139 135 140 159 0 32 182 57 43 62 53 135 117 216 64 22 31 124 145 180 183 98 142 90 76 124 5 65 91 40 107 103 129 127 32 0 153 28 39 70 26 106 88 189 120 171 170 38 133 37 37 68 108 120 93 161 155 112 73 182 118 80 107 53 182 153 0 145 148 165 152 48 128 41 81 48 25 112 162 176 179 102 155 64 58 147 33 80 95 66 82 84 143 111 57 28 145 0 65 96 7 97 60 185 34 36 70 127 110 167 172 83 110 119 94 85 35 39 77 37 135 120 97 136 43 39 148 65 0 32 65 107 119 178 45 59 99 150 96 179 184 97 104 150 124 61 65 53 92 50 166 149 91 162 62 70 165 96 32 0 96 129 151 190 84 45 18 119 166 183 186 108 160 69 65 149 31 84 101 63 87 91 147 118 53 26 152 7 65 96 0 104 65 192 85 124 122 21 126 80 83 44 106 80 47 141 109 77 44 138 82 44 99 35 135 106 48 97 107 129 104 0 88 88 122 108 78 90 195 165 165 117 180 8 43 191 93 117 112 126 23 48 170 79 117 88 128 60 119 151 65 88 0 169 147 205 210 79 138 12 6 95 113 161 134 173 191 140 102 215 158 121 116 93 216 189 41 185 178 190 192 88 169 0 
0 28 121 148 149 114 194 93 151 32 152 38 91 136 114 151 146 38 23 119 73 121 120 51 34 99 62 104 126 99 28 0 102 138 125 142 197 65 144 60 141 34 119 148 111 134 157 10 37 94 94 148 123 74 54 114 58 132 108 73 121 102 0 61 38 208 147 68 71 139 56 86 187 144 73 36 147 96 107 30 139 200 92 135 154 132 71 191 7 46 148 138 61 0 89 203 87 127 10 153 10 110 186 106 44 38 106 136 127 91 133 186 55 140 181 112 86 183 54 106 149 125 38 89 0 244 176 73 99 170 81 117 223 181 110 52 184 117 138 31 176 237 129 171 179 170 107 227 40 55 114 142 208 203 244 0 200 205 200 82 212 130 23 121 159 225 129 152 111 218 71 30 150 74 109 93 137 20 210 204 194 197 147 87 176 200 0 207 77 185 96 163 192 79 88 125 71 198 171 177 145 174 74 164 225 112 139 180 141 187 93 65 68 127 73 205 207 0 135 123 124 76 182 181 121 104 188 55 94 44 145 205 139 132 118 155 84 192 75 22 151 144 71 10 99 200 77 135 0 154 19 114 184 99 42 48 99 142 129 101 131 181 50 140 184 107 89 180 64 114 32 60 139 153 170 82 185 123 154 0 159 53 59 116 113 162 126 70 32 142 46 89 115 23 43 78 69 72 142 125 152 141 56 10 81 212 96 124 19 159 0 114 194 116 53 29 116 138 132 86 141 195 65 147 186 121 91 192 49 102 38 34 86 110 117 130 163 76 114 53 114 0 108 115 78 113 124 38 21 89 69 129 89 56 72 83 25 116 90 74 91 119 187 186 223 23 192 182 184 59 194 108 0 114 142 206 123 129 88 196 53 38 137 52 88 82 116 20 190 182 136 148 144 106 181 121 79 181 99 116 116 115 114 0 71 140 10 153 114 168 72 95 53 93 159 38 98 101 141 168 114 111 73 44 110 159 88 121 42 113 53 78 142 71 0 71 74 112 91 100 89 142 19 98 146 68 53 139 70 104 151 134 36 38 52 225 125 104 48 162 29 113 206 140 71 0 142 130 133 63 154 212 87 156 185 139 93 206 29 82 146 157 147 106 184 129 71 188 99 126 116 124 123 10 74 142 0 162 124 173 82 103 55 103 169 48 105 110 144 174 38 10 96 136 117 152 198 55 142 70 138 38 129 153 112 130 162 0 45 86 102 157 124 83 63 120 59 142 102 64 23 37 107 127 138 111 171 94 129 32 132 21 88 114 91 133 124 45 0 110 57 113 97 39 55 78 41 98 111 94 119 94 30 91 31 218 177 44 101 142 86 89 196 168 100 63 173 86 110 0 152 213 119 144 148 151 83 203 37 24 73 94 139 133 176 71 145 145 131 46 141 69 53 72 89 154 82 102 57 152 0 61 84 23 89 34 69 52 140 141 121 148 200 186 237 30 174 205 181 89 195 129 38 95 142 212 103 157 113 213 61 0 131 74 124 74 130 18 200 202 120 123 92 55 129 150 74 139 50 115 65 89 137 53 19 87 55 124 97 119 84 131 0 97 152 57 65 130 89 122 51 74 135 140 171 74 164 132 140 23 147 56 52 93 98 156 103 83 39 144 23 74 97 0 66 55 64 60 138 130 34 54 154 181 179 109 225 118 184 43 186 72 88 159 146 185 169 63 55 148 89 124 152 66 0 121 95 106 159 127 99 114 132 112 170 93 112 155 107 78 121 83 82 38 68 139 48 120 78 151 34 74 57 55 121 0 72 73 131 146 62 58 71 86 107 137 139 84 89 69 91 25 116 98 53 93 105 59 41 83 69 130 65 64 95 72 0 120 74 74 104 132 191 183 227 20 180 192 180 72 192 116 20 101 139 206 110 142 98 203 52 18 130 60 106 73 120 0 192 190 126 108 7 54 40 210 141 75 64 142 49 90 190 141 70 29 144 102 111 37 140 200 89 138 159 131 74 192 0 53 99 73 46 106 55 204 187 22 114 125 102 74 182 168 104 82 174 64 94 24 141 202 122 130 127 146 74 190 53 0 
0 95 27 103 65 141 89 146 33 23 130 134 100 128 3 112 111 65 151 208 130 161 119 101 162 70 160 150 168 24 95 0 70 107 38 72 33 97 70 72 37 57 19 42 97 93 17 81 85 127 36 102 27 67 163 135 139 88 90 116 27 70 0 104 48 126 72 137 29 14 105 116 79 107 29 109 85 65 137 190 106 150 94 93 166 91 159 137 150 51 103 107 104 0 77 87 74 68 75 90 139 95 94 106 106 25 121 39 86 149 123 87 130 45 62 70 58 84 113 104 65 38 48 77 0 78 24 91 35 42 75 69 36 64 68 70 55 45 89 143 68 102 65 48 138 97 120 89 103 83 141 72 126 87 78 0 54 33 108 119 79 18 54 37 144 62 74 91 13 68 58 30 78 47 120 147 85 16 28 156 89 33 72 74 24 54 0 70 58 66 65 45 20 42 92 60 47 54 65 119 52 80 56 34 130 112 107 66 79 106 146 97 137 68 91 33 70 0 113 127 112 51 78 70 149 43 103 86 24 82 91 19 109 45 88 135 52 21 51 156 33 70 29 75 35 108 58 113 0 15 107 102 71 99 36 81 87 36 118 175 103 128 97 68 137 69 131 117 135 48 23 72 14 90 42 119 66 127 15 0 108 111 77 105 26 96 88 51 130 185 107 141 97 82 152 77 146 129 145 44 130 37 105 139 75 79 65 112 107 108 0 61 45 42 133 121 20 118 92 115 21 109 11 95 190 172 161 95 86 152 134 57 116 95 69 18 45 51 102 111 61 0 39 19 137 72 56 91 31 74 40 48 60 51 135 149 102 34 34 150 100 19 79 94 36 54 20 78 71 77 45 39 0 28 103 77 28 74 67 112 32 83 37 51 147 131 121 69 73 119 128 42 107 106 64 37 42 70 99 105 42 19 28 0 131 84 38 95 50 85 21 67 41 61 151 153 119 53 49 147 3 97 29 106 68 144 92 149 36 26 133 137 103 131 0 115 113 68 154 211 133 164 122 104 165 71 163 153 171 23 112 93 109 25 70 62 60 43 81 96 121 72 77 84 115 0 105 47 61 124 103 62 114 26 70 92 50 59 88 117 111 17 85 121 55 74 47 103 87 88 20 56 28 38 113 105 0 98 87 121 24 104 10 79 175 152 149 90 87 132 65 81 65 39 45 91 54 86 36 51 118 91 74 95 68 47 98 0 96 159 106 104 108 44 101 58 95 95 119 70 151 85 137 86 89 13 65 24 118 130 92 31 67 50 154 61 87 96 0 63 71 17 91 52 112 151 76 3 27 164 208 127 190 149 143 68 119 82 175 185 115 74 112 85 211 124 121 159 63 0 97 63 120 115 164 214 125 65 40 223 130 36 106 123 68 58 52 91 103 107 21 40 32 21 133 103 24 106 71 97 0 88 23 78 171 163 140 74 65 151 161 102 150 87 102 30 80 19 128 141 109 48 83 67 164 62 104 104 17 63 88 0 108 60 104 154 65 14 36 172 119 27 94 130 65 78 56 109 97 97 11 60 37 41 122 114 10 108 91 120 23 108 0 88 184 162 156 94 88 141 101 67 93 45 48 47 34 45 68 82 95 51 51 61 104 26 79 44 52 115 78 60 88 0 96 100 73 51 75 112 162 163 166 62 138 120 130 88 137 152 190 135 147 151 165 70 175 101 112 164 171 104 184 96 0 112 39 109 139 159 70 135 91 70 97 147 112 135 69 77 172 149 131 153 71 92 152 58 151 214 163 154 162 100 112 0 125 149 175 55 160 139 159 58 120 85 107 52 131 146 161 102 121 119 163 50 149 95 76 125 140 65 156 73 39 125 0 73 101 162 150 88 137 84 89 16 66 21 117 129 95 34 69 53 153 59 90 95 3 65 74 14 94 51 109 149 73 0 30 163 168 90 150 113 103 28 79 51 135 145 86 34 73 49 171 88 87 119 27 40 65 36 88 75 139 175 101 30 0 183 24 116 51 104 83 156 106 156 48 44 152 150 119 147 23 117 132 70 164 223 151 172 141 112 159 55 162 163 183 0 
0 145 168 133 32 55 189 132 79 144 121 78 126 143 38 133 67 49 67 125 154 41 33 134 120 125 78 109 71 127 145 0 37 60 133 162 44 49 132 73 73 73 117 98 159 17 161 171 80 52 50 124 122 120 25 46 86 148 151 44 168 37 0 51 151 193 39 86 137 109 67 91 154 82 187 54 169 200 101 89 27 140 150 157 55 46 120 184 185 44 133 60 51 0 109 169 88 99 88 125 17 58 158 38 160 67 122 173 69 98 25 98 123 163 53 17 108 178 167 18 32 133 151 109 0 87 177 132 47 150 95 61 142 114 70 124 41 81 53 125 133 11 51 150 108 105 86 132 99 107 55 162 193 169 87 0 203 131 133 134 160 111 96 187 17 146 122 16 100 124 186 93 46 103 138 157 76 65 23 158 189 44 39 88 177 203 0 79 170 95 104 116 146 121 201 57 202 213 124 85 66 167 165 148 69 79 127 183 192 77 132 49 86 99 132 131 79 0 147 26 107 81 68 137 133 33 168 143 82 7 96 125 101 71 46 82 56 104 116 81 79 132 137 88 47 133 170 147 0 170 71 66 175 77 117 129 34 128 66 142 113 40 93 182 111 91 115 174 143 93 144 73 109 125 150 134 95 26 170 0 133 104 53 163 139 59 188 148 104 28 122 144 112 53 72 108 66 93 115 107 121 73 67 17 95 160 104 107 71 133 0 50 160 31 150 77 105 163 60 105 42 84 114 166 61 27 105 175 160 29 78 73 91 58 61 111 116 81 66 104 50 0 117 79 102 65 89 115 11 76 76 51 65 124 48 47 58 127 110 49 126 117 154 158 142 96 146 68 175 53 160 117 0 191 107 100 183 112 112 65 161 141 94 8 106 141 60 42 74 140 143 98 82 38 114 187 121 137 77 163 31 79 191 0 175 105 111 188 89 136 55 103 141 197 91 55 136 206 189 56 38 159 187 160 70 17 201 133 117 139 150 102 107 175 0 144 105 13 91 126 178 78 37 114 134 149 77 80 38 150 133 17 54 67 124 146 57 33 129 59 77 65 100 105 144 0 154 156 71 35 63 115 108 103 18 51 70 131 135 49 67 161 169 122 41 122 202 168 34 188 105 89 183 111 105 154 0 114 86 162 147 44 92 191 137 123 127 173 138 125 49 171 200 173 81 16 213 143 128 148 163 115 112 188 13 156 114 0 104 136 191 89 50 119 146 162 88 81 39 163 67 80 101 69 53 100 124 82 66 104 60 11 112 89 91 71 86 104 0 76 87 44 54 119 55 58 52 119 100 60 125 52 89 98 125 124 85 7 142 28 105 76 65 136 126 35 162 136 76 0 98 119 94 68 45 81 49 98 109 80 154 50 27 25 133 186 66 96 113 122 42 76 161 55 178 63 147 191 87 98 0 122 141 166 55 29 118 186 181 28 41 124 140 98 11 93 167 125 40 144 84 51 141 103 78 115 44 89 44 119 122 0 54 149 99 94 83 135 103 96 33 122 150 123 51 46 165 101 93 112 114 65 94 141 37 108 92 50 54 94 141 54 0 102 97 112 46 81 50 113 134 120 157 163 150 103 148 71 182 53 166 124 8 197 114 103 191 119 119 68 166 149 102 0 111 146 67 46 81 145 120 25 55 53 108 138 69 46 111 72 61 48 106 91 134 18 137 146 55 45 55 99 97 111 0 36 65 131 130 35 125 46 46 17 105 157 79 82 91 108 27 47 141 55 149 51 123 162 58 81 29 94 112 146 36 0 92 162 153 2 78 86 120 108 86 76 127 56 115 66 105 58 60 136 77 70 127 88 52 49 118 83 46 67 65 92 0 70 65 92 109 148 184 178 132 65 183 104 174 93 175 127 42 206 80 131 173 81 119 98 186 135 81 46 131 162 70 0 42 162 71 151 185 167 99 23 192 116 143 115 160 110 74 189 38 135 138 39 100 109 181 103 50 81 130 153 65 42 0 153 127 44 44 18 107 158 77 81 93 107 29 49 140 56 150 49 125 163 60 80 28 96 113 145 35 2 92 162 153 0 
0 166 164 121 177 166 121 202 207 199 167 144 68 193 187 50 69 59 178 108 108 61 188 176 104 131 178 196 241 190 166 0 71 105 31 104 47 40 73 76 122 46 104 57 30 117 107 128 20 77 86 107 27 137 62 65 117 74 77 82 164 71 0 156 102 169 63 74 143 38 52 108 126 39 98 128 95 109 89 56 56 105 93 67 89 33 183 145 123 26 121 105 156 0 93 45 93 143 102 176 192 59 61 159 107 79 110 126 104 118 127 98 113 207 70 129 57 88 162 177 177 31 102 93 0 80 69 55 42 103 153 36 111 84 14 127 126 147 15 104 113 124 21 168 74 94 92 43 70 113 166 104 169 45 80 0 113 134 69 180 213 61 103 161 93 122 146 164 95 145 154 136 100 228 96 148 15 55 140 186 121 47 63 93 69 113 0 81 110 90 101 55 67 76 74 75 60 81 64 35 44 61 73 116 26 36 128 106 124 86 202 40 74 143 55 134 81 0 85 57 125 84 143 39 41 155 139 159 40 104 110 142 34 139 100 85 145 92 49 70 207 73 143 102 42 69 110 85 0 139 195 63 139 120 46 157 164 185 54 145 154 159 52 210 109 136 75 14 73 151 199 76 38 176 103 180 90 57 139 0 76 122 157 19 94 162 130 147 88 91 94 140 87 88 116 68 193 145 101 17 167 122 52 192 153 213 101 125 195 76 0 153 148 88 150 144 103 108 141 75 68 116 145 15 122 65 228 196 174 59 144 46 108 59 36 61 55 84 63 122 153 0 77 103 49 94 102 123 45 89 98 96 55 168 47 89 75 55 106 125 68 104 126 61 111 103 67 143 139 157 148 77 0 143 122 19 52 66 114 75 80 39 124 162 43 93 116 128 177 152 193 57 39 159 84 161 76 39 120 19 88 103 143 0 75 151 125 142 69 86 89 132 68 101 101 63 174 126 86 31 187 30 98 107 14 93 74 41 46 94 150 49 122 75 0 137 133 154 10 107 115 132 7 165 83 95 104 51 57 105 50 117 128 79 127 122 75 155 157 162 144 94 19 151 137 0 41 51 129 74 77 28 139 156 55 95 135 147 192 154 69 107 95 110 126 146 60 139 164 130 103 102 52 125 133 41 0 21 123 39 39 13 133 115 55 62 161 157 184 121 59 128 109 126 147 164 81 159 185 147 108 123 66 142 154 51 21 0 144 56 53 28 154 117 76 79 179 178 205 135 178 20 89 104 15 95 64 40 54 88 141 45 114 69 10 129 123 144 0 97 105 123 10 156 74 85 107 58 63 98 108 77 56 118 104 145 35 104 145 91 75 89 75 86 107 74 39 56 97 0 9 49 104 89 49 23 160 141 152 82 108 86 56 127 113 154 44 110 154 94 68 98 80 89 115 77 39 53 105 9 0 51 113 82 58 26 169 150 159 82 61 107 105 98 124 136 61 142 159 140 116 96 39 132 132 28 13 28 123 49 51 0 133 128 50 72 151 151 184 131 188 27 93 113 21 100 73 34 52 87 145 55 124 68 7 139 133 154 10 104 113 133 0 160 84 92 111 58 53 99 176 137 67 207 168 228 116 139 210 88 15 168 162 101 165 156 115 117 156 89 82 128 160 0 137 80 243 211 187 71 104 62 89 70 74 96 26 100 109 116 122 47 43 101 83 55 55 76 74 49 58 50 84 137 0 59 111 102 137 112 131 65 33 129 94 148 36 85 136 68 65 89 93 63 95 95 62 79 85 23 26 72 92 80 59 0 163 136 134 59 178 117 183 57 92 15 128 145 75 193 228 75 116 174 104 135 161 179 107 160 169 151 111 243 111 163 0 61 148 199 196 74 145 88 43 55 106 92 14 145 196 55 128 126 51 147 157 178 58 141 150 151 58 211 102 136 61 0 87 156 241 77 123 162 70 140 124 49 73 101 174 106 177 86 57 192 184 205 63 152 159 184 53 187 137 134 148 87 0 117 190 82 26 177 113 186 86 70 151 17 59 125 152 31 105 154 121 135 98 82 82 131 99 71 112 59 199 156 117 0 
0 51 51 60 118 158 96 65 100 75 84 203 71 176 186 50 130 187 158 51 93 44 60 60 162 150 99 101 75 110 51 0 1 39 71 107 92 15 75 44 79 154 68 126 137 39 124 136 111 8 58 26 69 100 112 123 92 86 78 64 51 1 0 40 71 107 92 15 74 43 80 154 68 126 136 38 124 136 111 8 57 25 68 101 112 123 92 87 79 63 60 39 40 0 68 118 130 38 114 83 40 174 105 143 155 75 162 149 102 47 96 62 103 85 116 91 130 47 41 94 118 71 71 68 0 55 148 56 117 92 91 115 131 84 96 105 174 86 40 76 91 94 135 153 49 81 146 81 99 68 158 107 107 118 55 0 155 93 117 106 146 60 146 29 41 128 172 31 57 108 93 122 156 202 21 127 151 136 154 63 96 92 92 130 148 155 0 102 40 56 168 173 25 159 163 55 34 174 187 84 62 68 36 154 171 214 5 177 162 92 65 15 15 38 56 93 102 0 80 49 78 143 80 114 125 51 133 124 96 20 58 38 81 111 97 112 101 81 79 57 100 75 74 114 117 117 40 80 0 31 154 134 40 119 123 50 57 134 153 67 26 59 54 160 133 190 35 160 153 54 75 44 43 83 92 106 56 49 31 0 123 136 40 114 121 27 84 128 131 36 19 31 50 134 118 160 54 129 122 43 84 79 80 40 91 146 168 78 154 123 0 205 143 174 186 113 200 177 115 87 136 100 138 79 139 74 168 20 13 132 203 154 154 174 115 60 173 143 134 136 205 0 172 31 19 163 178 34 114 152 119 161 184 254 76 187 168 196 212 94 71 68 68 105 131 146 25 80 40 40 143 172 0 152 158 30 59 167 170 60 53 43 14 130 158 191 28 152 137 83 176 126 126 143 84 29 159 114 119 114 174 31 152 0 12 141 169 15 85 125 99 137 164 225 47 156 154 165 181 71 186 137 136 155 96 41 163 125 123 121 186 19 158 12 0 148 171 20 97 135 105 145 170 236 59 168 158 177 193 78 50 39 38 75 105 128 55 51 50 27 113 163 30 141 148 0 87 154 145 31 46 13 30 110 139 161 55 122 109 70 130 124 124 162 174 172 34 133 57 84 200 178 59 169 171 87 0 184 210 116 83 100 70 188 190 244 32 209 196 111 187 136 136 149 86 31 174 124 134 128 177 34 167 15 20 154 184 0 80 136 114 149 178 233 43 154 169 167 185 85 158 111 111 102 40 57 187 96 153 131 115 114 170 85 97 145 210 80 0 116 127 134 175 186 38 74 185 100 126 100 51 8 8 47 76 108 84 20 67 36 87 152 60 125 135 31 116 136 116 0 50 18 61 104 115 131 84 94 86 60 93 58 57 96 91 93 62 58 26 19 136 119 53 99 105 46 83 114 127 50 0 49 65 152 109 165 58 139 136 30 44 26 25 62 94 122 68 38 59 31 100 161 43 137 145 13 100 149 134 18 49 0 43 103 131 148 68 109 96 67 60 69 68 103 135 156 36 81 54 50 138 184 14 164 170 30 70 178 175 61 65 43 0 118 167 191 39 150 131 93 60 100 101 85 153 202 154 111 160 134 79 254 130 225 236 110 188 233 186 104 152 103 118 0 201 153 157 99 66 164 162 112 112 116 49 21 171 97 133 118 139 76 158 47 59 139 190 43 38 115 109 131 167 201 0 111 167 127 148 79 150 123 123 91 81 127 214 112 190 160 74 187 191 156 168 161 244 154 74 131 165 148 191 153 111 0 213 54 87 147 99 92 92 130 146 151 5 101 35 54 168 168 28 154 158 55 32 169 185 84 58 68 39 157 167 213 0 177 164 88 101 86 87 47 81 136 177 81 160 129 20 196 152 165 177 122 209 167 100 94 139 109 150 99 127 54 177 0 33 132 75 78 79 41 99 154 162 79 153 122 13 212 137 181 193 109 196 185 126 86 136 96 131 66 148 87 164 33 0 135 110 64 63 94 68 63 92 57 54 43 132 94 83 71 78 70 111 85 100 60 30 67 93 164 79 147 88 132 135 0 
0 205 144 182 184 122 48 61 124 161 77 83 188 7 121 101 63 77 118 164 108 83 186 175 132 138 126 148 52 87 205 0 138 61 163 113 192 174 115 123 137 125 163 205 123 163 165 193 113 122 106 180 62 31 104 118 85 90 163 126 144 138 0 164 237 155 103 84 158 195 75 82 239 139 164 183 81 188 151 197 129 70 169 125 157 22 72 48 139 73 182 61 164 0 102 67 185 170 67 63 133 117 102 184 74 115 161 148 69 61 74 183 5 44 56 142 94 118 132 123 184 163 237 102 0 82 212 206 79 43 177 162 4 190 75 83 199 116 86 43 108 227 101 142 80 216 167 199 136 172 122 113 155 67 82 0 136 127 3 44 96 80 85 126 11 51 119 82 4 46 26 146 70 84 11 135 87 120 70 90 48 192 103 185 212 136 0 20 139 180 55 69 215 41 139 133 28 118 132 182 115 36 190 166 145 102 108 119 77 66 61 174 84 170 206 127 20 0 130 171 37 53 209 55 131 131 9 122 123 173 103 24 175 148 134 82 89 99 76 48 124 115 158 67 79 3 139 130 0 41 99 83 82 128 8 49 122 82 7 43 29 149 70 86 11 138 90 123 72 93 161 123 195 63 43 44 180 171 41 0 139 123 45 165 41 68 163 104 48 3 69 190 63 100 38 174 124 156 109 133 77 137 75 133 177 96 55 37 99 139 0 16 180 74 102 112 28 113 92 141 70 51 138 111 101 63 53 71 64 11 83 125 82 117 162 80 69 53 83 123 16 0 165 82 87 101 44 107 76 125 54 67 122 97 85 67 43 68 59 10 188 163 239 102 4 85 215 209 82 45 180 165 0 194 78 87 202 120 89 44 111 230 101 143 82 218 169 201 140 175 7 205 139 184 190 126 41 55 128 165 74 82 194 0 125 107 58 84 122 168 110 77 188 175 136 134 125 145 56 84 121 123 164 74 75 11 139 131 8 41 102 87 78 125 0 41 124 74 13 43 35 152 77 94 19 144 97 130 69 97 101 163 183 115 83 51 133 131 49 68 112 101 87 107 41 0 126 36 50 71 64 155 118 133 60 166 125 158 56 111 63 165 81 161 199 119 28 9 122 163 28 44 202 58 124 126 0 119 115 165 95 29 166 139 126 76 80 92 71 39 77 193 188 148 116 82 118 122 82 104 113 107 120 84 74 36 119 0 81 107 87 146 151 162 93 174 140 172 49 116 118 113 151 69 86 4 132 123 7 48 92 76 89 122 13 50 115 81 0 50 22 142 72 83 14 131 84 117 66 86 164 122 197 61 43 46 182 173 43 3 141 125 44 168 43 71 165 107 50 0 71 192 62 99 40 175 125 157 112 135 108 106 129 74 108 26 115 103 29 69 70 54 111 110 35 64 95 87 22 71 0 121 78 75 31 109 62 95 59 64 83 180 70 183 227 146 36 24 149 190 51 67 230 77 152 155 29 146 142 192 121 0 188 157 152 74 95 97 100 60 186 62 169 5 101 70 190 175 70 63 138 122 101 188 77 118 166 151 72 62 78 188 0 48 59 147 99 122 137 128 175 31 125 44 142 84 166 148 86 100 111 97 143 175 94 133 139 162 83 99 75 157 48 0 76 104 62 77 132 100 132 104 157 56 80 11 145 134 11 38 101 85 82 136 19 60 126 93 14 40 31 152 59 76 0 136 87 119 80 95 138 118 22 142 216 135 102 82 138 174 63 67 218 134 144 166 76 174 131 175 109 74 147 104 136 0 50 28 126 58 126 85 72 94 167 87 108 89 90 124 53 43 169 125 97 125 80 140 84 125 62 95 99 62 87 50 0 33 97 42 148 90 48 118 199 120 119 99 123 156 71 68 201 145 130 158 92 172 117 157 95 97 122 77 119 28 33 0 126 62 52 163 139 132 136 70 77 76 72 109 64 59 140 56 69 56 71 49 66 112 59 100 137 132 80 126 97 126 0 68 87 126 73 123 172 90 66 48 93 133 11 10 175 84 97 111 39 116 86 135 64 60 128 100 95 58 42 62 68 0 
0 120 108 120 199 42 31 129 107 118 28 28 23 151 89 101 137 26 87 145 156 119 157 216 105 43 113 162 172 175 120 0 143 19 138 141 125 16 70 17 148 103 120 92 33 36 132 145 158 27 124 183 151 137 76 83 118 132 138 78 108 143 0 128 126 75 139 139 77 129 122 84 130 97 116 107 44 125 40 170 75 45 57 154 71 89 33 77 87 145 120 19 128 0 119 135 129 11 53 3 148 99 123 73 31 23 114 146 147 42 105 170 132 120 59 79 101 113 119 64 199 138 126 119 0 188 221 122 93 122 224 171 213 49 138 118 82 224 166 148 51 167 78 31 94 158 98 50 42 70 42 141 75 135 188 0 72 146 105 134 47 39 65 145 108 113 113 51 46 168 139 78 131 210 100 58 91 143 153 179 31 125 139 129 221 72 0 137 128 127 37 56 9 172 98 115 165 31 118 146 182 150 186 237 127 63 141 190 199 190 129 16 139 11 122 146 137 0 63 12 157 109 132 80 40 34 124 155 158 31 113 181 141 121 69 89 111 121 127 62 107 70 77 53 93 105 128 63 0 54 133 79 120 44 52 35 62 132 103 94 61 120 81 109 6 65 48 69 78 75 118 17 129 3 122 134 127 12 54 0 146 98 121 76 29 22 116 144 146 41 108 170 134 123 60 78 102 116 122 67 28 148 122 148 224 47 37 157 133 146 0 54 35 177 117 129 156 6 93 173 179 123 175 242 131 71 133 185 195 203 28 103 84 99 171 39 56 109 79 98 54 0 47 123 70 78 109 53 73 130 128 105 130 188 77 20 85 134 144 150 23 120 130 123 213 65 9 132 120 121 35 47 0 164 92 108 156 29 110 142 174 142 177 229 119 55 132 181 191 183 151 92 97 73 49 145 172 80 44 76 177 123 164 0 89 69 61 176 132 110 37 142 70 65 46 109 64 44 47 50 89 33 116 31 138 108 98 40 52 29 117 70 92 89 0 20 113 115 127 60 113 153 132 145 56 50 94 121 129 93 101 36 107 23 118 113 115 34 35 22 129 78 108 69 20 0 97 127 124 63 95 148 116 125 40 59 82 103 110 75 137 132 44 114 82 113 165 124 62 116 156 109 156 61 113 97 0 158 84 155 31 85 21 111 57 106 24 33 43 111 26 145 125 146 224 51 31 155 132 144 6 53 29 176 115 127 158 0 97 169 180 128 178 241 130 69 135 186 196 201 87 158 40 147 166 46 118 158 103 146 93 73 110 132 127 124 84 97 0 185 115 32 97 192 97 86 68 117 127 176 145 27 170 42 148 168 146 31 94 41 173 130 142 110 60 63 155 169 185 0 144 210 172 143 100 110 142 152 157 82 156 124 75 105 51 139 182 113 61 108 179 128 174 37 113 95 31 180 115 144 0 116 33 80 59 119 48 8 17 87 119 183 45 170 167 78 150 181 120 170 123 105 142 142 153 148 85 128 32 210 116 0 91 196 114 116 78 117 126 190 157 151 57 132 78 131 186 141 81 134 175 130 177 70 132 116 21 178 97 172 33 91 0 109 76 127 45 30 36 120 216 137 154 120 31 210 237 121 109 123 242 188 229 65 145 125 111 241 192 143 80 196 109 0 111 174 124 80 73 61 105 76 71 59 94 100 127 69 6 60 131 77 119 46 56 40 57 130 97 100 59 114 76 111 0 64 42 67 76 80 43 83 89 79 158 58 63 89 65 78 71 20 55 109 50 59 106 69 86 110 119 116 127 174 64 0 82 127 136 132 113 118 33 101 98 91 141 111 48 102 133 85 132 64 94 82 24 135 68 142 48 78 45 124 42 82 0 52 62 112 162 132 77 113 50 143 190 121 69 116 185 134 181 44 121 103 33 186 117 152 8 117 30 80 67 127 52 0 10 92 172 138 87 119 42 153 199 127 78 122 195 144 191 47 129 110 43 196 127 157 17 126 36 73 76 136 62 10 0 92 175 78 145 64 70 179 190 62 75 67 203 150 183 50 93 75 111 201 176 82 87 190 120 61 80 132 112 92 92 0 
0 105 46 2 77 141 27 133 93 24 97 100 50 149 131 96 83 40 65 163 166 68 142 130 151 126 67 31 143 114 105 0 150 107 125 140 124 168 140 98 173 119 154 210 127 32 175 95 44 118 97 168 78 122 181 145 40 131 157 49 46 150 0 45 105 176 28 156 118 65 101 134 4 154 169 136 76 80 107 205 211 51 187 168 175 155 113 20 172 160 2 107 45 0 75 140 27 132 92 23 95 99 49 147 130 98 81 39 67 163 166 66 142 129 150 125 68 31 142 115 77 125 105 75 0 72 101 57 18 54 53 31 108 86 66 135 68 41 106 113 133 78 112 67 75 50 90 101 67 100 141 140 176 140 72 0 167 51 64 117 108 42 179 106 13 165 134 101 145 61 95 148 85 18 51 27 123 169 22 95 27 124 28 27 101 167 0 156 116 50 111 126 31 164 157 108 91 66 80 190 192 69 168 156 174 151 89 8 168 139 133 168 156 132 57 51 156 0 40 111 67 49 159 55 58 186 97 98 159 111 144 117 130 63 19 27 140 155 30 131 93 140 118 92 18 64 116 40 0 72 47 31 121 70 62 152 70 59 124 114 138 84 119 64 58 39 107 116 55 111 24 98 65 23 54 117 50 111 72 0 84 76 69 133 107 96 79 16 64 140 146 70 122 106 129 102 58 54 119 96 97 173 101 95 53 108 111 67 47 84 0 78 103 53 108 178 30 79 147 161 185 54 165 111 83 81 135 107 94 153 100 119 134 99 31 42 126 49 31 76 78 0 137 96 35 137 98 60 113 83 107 109 89 36 63 28 92 127 44 84 50 154 4 49 108 179 31 159 121 69 103 137 0 156 172 139 77 84 111 209 215 52 191 172 178 158 117 23 175 164 149 210 154 147 86 106 164 55 70 133 53 96 156 0 113 221 80 124 192 166 199 105 183 118 60 82 176 160 85 180 131 127 169 130 66 13 157 58 62 107 108 35 172 113 0 152 132 91 132 54 86 144 73 5 61 31 110 161 32 82 96 32 136 98 135 165 108 186 152 96 178 137 139 221 152 0 175 99 32 148 129 163 110 147 200 165 46 116 178 79 83 175 76 81 68 134 91 97 70 79 30 98 77 80 132 175 0 80 143 181 201 25 180 134 113 108 135 86 122 163 40 95 80 39 41 101 66 98 59 16 79 60 84 124 91 99 80 0 68 125 134 76 110 90 116 86 56 70 103 86 65 44 107 67 106 145 80 159 124 64 147 113 111 192 132 32 143 68 0 140 129 131 106 128 175 141 23 88 156 74 163 118 205 163 113 61 190 111 114 140 161 83 209 166 54 148 181 125 140 0 38 191 41 50 112 85 118 194 83 69 166 97 211 166 133 95 192 144 138 146 185 107 215 199 86 129 201 134 129 38 0 207 24 81 146 117 109 197 117 55 68 168 51 66 78 148 69 117 84 70 54 109 52 105 144 163 25 76 131 191 207 0 183 145 135 123 128 63 139 162 142 78 187 142 112 85 168 130 119 122 165 89 191 183 73 110 180 110 106 41 24 183 0 68 134 103 86 173 105 32 130 122 168 129 67 18 156 63 64 106 111 36 172 118 5 147 134 90 128 50 81 145 68 0 66 36 105 160 37 77 151 181 175 150 75 51 174 19 58 129 83 63 178 60 61 200 113 116 175 112 146 135 134 66 0 36 155 174 29 141 126 145 155 125 50 27 151 27 39 102 81 28 158 82 31 165 108 86 141 85 117 123 103 36 36 0 120 151 17 105 67 40 113 68 90 123 89 140 107 58 135 92 117 176 110 46 135 56 23 118 109 128 86 105 155 120 0 95 134 54 31 131 20 31 101 169 8 155 116 54 107 127 23 160 161 116 86 70 88 194 197 63 173 160 174 151 95 0 168 145 143 157 172 142 67 22 168 30 55 119 94 44 175 85 32 178 122 103 156 83 117 139 105 37 29 17 134 168 0 114 114 49 160 115 100 95 139 131 111 96 153 84 164 180 82 79 163 86 74 69 55 162 32 77 141 105 54 145 114 0 
0 131 82 177 74 57 74 31 56 91 112 128 101 88 71 94 153 102 124 90 75 113 74 52 63 106 147 77 57 50 131 0 126 46 100 171 205 160 176 91 55 64 138 43 202 58 37 120 12 41 160 81 110 105 194 106 29 147 147 121 82 126 0 163 135 139 134 107 136 37 143 160 19 98 130 68 126 166 114 91 157 58 16 38 128 34 124 26 139 32 177 46 163 0 143 217 251 206 222 126 91 93 171 89 248 96 40 156 53 87 203 110 149 148 240 137 39 186 192 164 74 100 135 143 0 82 132 89 91 122 54 64 154 67 131 102 135 31 102 76 61 134 120 97 121 142 127 140 52 108 57 171 139 217 82 0 57 34 11 148 136 146 157 129 57 147 199 94 168 135 37 169 131 109 46 163 193 128 31 107 74 205 134 251 132 57 0 45 46 155 180 193 147 162 4 166 226 149 198 164 94 179 132 116 11 164 221 114 87 106 31 160 107 206 89 34 45 0 29 120 135 149 124 117 43 125 184 111 154 120 66 144 102 81 34 134 178 94 52 76 56 176 136 222 91 11 46 29 0 147 144 155 153 134 46 149 203 105 173 139 48 169 130 108 35 162 197 123 42 104 91 91 37 126 122 148 155 120 147 0 116 133 47 70 151 33 89 153 79 61 157 24 25 39 147 20 87 61 139 49 112 55 143 91 54 136 180 135 144 116 0 17 160 46 178 86 92 65 62 55 115 118 127 110 169 136 84 156 106 126 128 64 160 93 64 146 193 149 155 133 17 0 177 63 192 102 101 67 74 72 123 134 144 127 182 153 93 173 116 143 101 138 19 171 154 157 147 124 153 47 160 177 0 114 143 80 133 185 126 107 176 62 34 57 143 35 132 33 158 51 88 43 98 89 67 129 162 117 134 70 46 63 114 0 159 41 71 93 39 10 121 73 82 69 151 90 64 115 107 85 71 202 130 248 131 57 4 43 46 151 178 192 143 159 0 163 223 149 195 161 94 175 129 113 11 161 218 110 87 103 94 58 68 96 102 147 166 125 149 33 86 102 80 41 163 0 62 131 46 31 149 32 53 53 157 51 59 90 132 68 153 37 126 40 135 199 226 184 203 89 92 101 133 71 223 62 0 157 33 64 192 71 113 115 216 98 8 150 178 130 102 120 166 156 31 94 149 111 105 153 65 67 185 93 149 131 157 0 124 103 62 163 151 128 138 173 149 171 63 139 124 12 114 53 102 168 198 154 173 79 62 74 126 39 195 46 33 124 0 34 160 69 99 95 187 94 25 136 146 111 90 41 91 87 76 135 164 120 139 61 55 72 107 10 161 31 64 103 34 0 129 63 75 65 153 81 58 110 114 81 75 160 157 203 61 37 94 66 48 157 115 123 176 121 94 149 192 62 160 129 0 176 146 122 83 175 185 152 18 125 113 81 58 110 134 169 179 144 169 24 118 134 62 73 175 32 71 163 69 63 176 0 49 63 171 27 71 84 158 73 74 110 16 149 120 131 132 102 130 25 127 144 34 82 129 53 113 151 99 75 146 49 0 24 125 32 111 37 128 26 52 105 38 148 97 109 116 81 108 39 110 127 57 69 113 53 115 128 95 65 122 63 24 0 108 54 112 46 104 16 63 194 128 240 121 46 11 34 35 147 169 182 143 151 11 157 216 138 187 153 83 171 125 108 0 157 210 110 76 99 106 106 34 137 142 163 164 134 162 20 136 153 35 90 161 51 98 173 94 81 175 27 32 54 157 0 98 60 157 58 147 29 124 39 127 193 221 178 197 87 84 93 132 64 218 59 8 149 25 58 185 71 111 112 210 98 0 148 171 127 77 147 26 186 140 128 114 94 123 61 156 173 33 115 110 90 150 171 136 110 152 84 37 46 110 60 148 0 134 32 57 147 139 192 52 31 87 52 42 139 106 116 158 107 87 132 178 63 146 114 18 158 128 104 76 157 171 134 0 107 50 121 32 164 108 107 106 76 104 49 126 143 51 85 103 68 130 139 111 81 125 73 26 16 99 58 127 32 107 0 
0 162 160 236 114 20 56 189 7 95 124 184 90 194 172 148 140 65 157 84 184 125 155 170 117 92 108 108 143 171 162 0 53 95 110 158 117 107 156 120 140 35 73 33 93 87 108 106 54 78 73 52 32 16 45 103 57 111 73 71 160 53 0 144 71 148 129 55 156 88 176 88 86 74 143 36 59 119 104 85 27 36 22 41 64 76 57 144 26 19 236 95 144 0 204 237 181 192 229 214 160 60 149 71 81 179 202 171 79 157 156 146 125 103 128 196 145 145 167 159 114 110 71 204 0 97 112 79 112 21 181 144 86 138 180 41 26 107 144 79 84 58 82 104 86 24 67 150 45 71 20 158 148 237 97 0 64 174 23 77 138 182 88 190 178 133 123 71 159 81 171 115 146 163 113 77 101 118 130 158 56 117 129 181 112 64 0 174 49 100 77 132 46 147 116 132 134 11 102 44 156 93 120 129 74 88 72 54 123 145 189 107 55 192 79 174 174 0 187 100 228 139 133 121 198 42 53 165 159 131 36 84 77 92 116 97 105 196 51 36 7 156 156 229 112 23 49 187 0 94 117 177 84 188 165 145 138 58 150 78 180 120 150 164 111 90 103 101 140 167 95 120 88 214 21 77 100 100 94 0 173 154 83 151 181 61 47 97 147 75 104 68 96 118 89 18 70 144 63 91 124 140 176 160 181 138 77 228 117 173 0 134 97 159 79 191 199 76 95 102 203 145 159 156 112 159 124 32 178 194 184 35 88 60 144 182 132 139 177 154 134 0 94 26 71 122 143 121 39 101 104 86 67 47 70 136 86 111 108 104 90 73 86 149 86 88 46 133 84 83 97 94 0 105 100 94 102 35 72 8 113 50 74 83 28 65 29 65 82 102 194 33 74 71 138 190 147 121 188 151 159 26 105 0 97 110 133 136 64 110 85 83 56 34 77 134 90 133 98 88 172 93 143 81 180 178 116 198 165 181 79 71 100 97 0 171 188 107 39 108 166 126 121 109 94 163 113 69 157 162 148 87 36 179 41 133 132 42 145 61 191 122 94 110 171 0 23 125 132 91 43 47 55 76 81 56 67 159 14 30 140 108 59 202 26 123 134 53 138 47 199 143 102 133 188 23 0 128 150 97 65 62 77 99 95 48 78 167 35 53 65 106 119 171 107 71 11 165 58 97 76 121 35 136 107 125 128 0 92 34 146 83 109 118 63 84 62 50 114 135 157 54 104 79 144 159 102 159 150 147 95 39 72 64 39 132 150 92 0 80 127 88 82 70 58 129 77 72 118 123 84 78 85 157 79 81 44 131 78 75 102 101 8 110 108 91 97 34 80 0 112 49 76 87 33 58 28 71 80 101 184 73 27 156 84 171 156 36 180 104 203 104 113 85 166 43 65 146 127 112 0 63 46 57 91 95 84 171 41 13 125 52 36 146 58 115 93 84 120 68 145 86 50 83 126 47 62 83 88 49 63 0 31 51 34 51 21 113 33 52 155 32 22 125 82 146 120 77 150 96 159 67 74 56 121 55 77 109 82 76 46 31 0 22 48 81 48 127 42 41 170 16 41 103 104 163 129 92 164 118 156 47 83 34 109 76 99 118 70 87 57 51 22 0 55 102 62 126 64 57 117 45 64 128 86 113 74 116 111 89 112 70 28 77 94 81 95 63 58 33 91 34 48 55 0 71 19 80 67 82 92 103 76 196 24 77 88 97 90 18 159 136 65 134 163 56 48 84 129 58 95 51 81 102 71 0 52 128 54 82 108 57 57 145 67 101 72 105 103 70 124 86 29 90 113 67 78 62 77 28 84 21 48 62 19 52 0 92 54 73 108 111 144 145 150 118 54 196 101 144 32 111 65 133 69 159 167 50 72 71 171 113 127 126 80 128 92 0 146 162 143 73 26 167 45 130 123 51 140 63 178 108 82 98 157 14 35 114 118 80 41 33 42 64 67 54 54 146 0 28 171 71 19 159 71 158 145 36 167 91 194 104 102 88 162 30 53 135 123 101 13 52 41 57 82 82 73 162 28 0 
0 86 31 129 128 33 114 8 173 31 101 26 43 192 192 146 158 122 131 165 65 74 90 161 65 14 88 72 116 92 86 0 89 153 74 118 28 82 99 65 52 61 117 128 122 167 82 61 91 182 95 69 5 183 58 73 31 19 59 75 31 89 0 160 146 52 113 38 185 24 119 44 71 209 207 177 169 138 153 196 95 100 94 192 48 28 80 82 133 118 129 153 160 0 117 125 177 122 166 150 113 125 99 160 173 17 162 127 98 36 67 84 152 32 180 135 179 135 121 81 128 74 146 117 0 151 81 121 53 123 27 104 137 64 67 125 45 15 21 133 91 60 70 139 130 120 105 69 15 45 33 118 52 125 151 0 146 36 199 63 126 57 26 215 217 142 185 147 150 161 72 93 121 156 97 47 121 103 141 111 114 28 113 177 81 146 0 110 90 90 67 89 145 123 114 190 73 66 101 203 122 93 27 206 73 100 38 47 68 96 8 82 38 122 121 36 110 0 167 33 94 21 40 185 185 139 151 115 123 158 57 66 85 154 67 15 87 67 109 84 173 99 185 166 53 199 90 167 0 161 73 147 187 35 24 173 17 52 68 178 144 111 94 186 157 163 125 103 58 98 31 65 24 150 123 63 90 33 161 0 96 25 73 185 183 167 145 114 132 185 83 81 70 182 34 18 59 58 110 98 101 52 119 113 27 126 67 94 73 96 0 77 114 91 91 124 60 21 39 136 72 39 48 140 103 93 83 42 15 32 26 61 44 125 104 57 89 21 147 25 77 0 59 168 168 142 132 97 110 160 58 56 64 157 55 16 68 46 92 74 43 117 71 99 137 26 145 40 187 73 114 59 0 200 204 116 174 135 132 135 50 77 119 130 107 55 127 100 129 93 192 128 209 160 64 215 123 185 35 185 91 168 200 0 17 163 50 71 68 164 152 123 123 173 186 184 157 128 76 107 192 122 207 173 67 217 114 185 24 183 91 168 204 17 0 176 41 71 77 178 158 127 117 187 180 184 149 125 76 112 146 167 177 17 125 142 190 139 173 167 124 142 116 163 176 0 170 136 106 19 84 99 166 16 196 152 194 150 131 94 158 82 169 162 45 185 73 151 17 145 60 132 174 50 41 170 0 39 64 176 131 98 77 183 140 148 108 87 45 88 122 61 138 127 15 147 66 115 52 114 21 97 135 71 71 136 39 0 36 146 92 59 56 151 118 113 92 57 6 49 131 91 153 98 21 150 101 123 68 132 39 110 132 68 77 106 64 36 0 112 84 57 87 119 142 126 122 81 33 39 165 182 196 36 133 161 203 158 178 185 136 160 135 164 178 19 176 146 112 0 102 114 180 12 213 170 209 165 141 107 65 95 95 67 91 72 122 57 144 83 72 58 50 152 158 84 131 92 84 102 0 33 95 99 113 68 116 76 86 46 74 69 100 84 60 93 93 66 111 81 39 56 77 123 127 99 98 59 57 114 33 0 68 115 102 72 95 51 53 18 90 5 94 152 70 121 27 85 94 70 48 64 119 123 117 166 77 56 87 180 95 68 0 182 63 77 36 20 55 73 161 183 192 32 139 156 206 154 186 182 140 157 130 173 187 16 183 151 119 12 99 115 182 0 212 167 210 166 146 110 65 58 48 180 130 97 73 67 157 34 103 55 107 186 180 196 140 118 142 213 113 102 63 212 0 52 36 61 115 116 14 73 28 135 120 47 100 15 163 18 93 16 55 184 184 152 148 113 126 170 68 72 77 167 52 0 74 61 108 90 88 31 80 179 105 121 38 87 125 59 83 68 127 157 149 194 108 92 122 209 116 95 36 210 36 74 0 45 90 104 72 19 82 135 69 103 47 67 103 58 42 46 100 128 125 150 87 57 81 165 76 51 20 166 61 61 45 0 54 59 116 59 133 121 15 141 68 109 58 110 15 92 129 76 76 131 45 6 33 141 86 53 55 146 115 108 90 54 0 43 92 75 118 81 45 111 96 84 98 98 32 74 93 107 112 94 88 49 39 107 46 18 73 110 116 90 104 59 43 0 
