0 72 124 36 187 70 137 158 50 133 108 91 94 156 162 33 36 110 13 149 100 124 118 35 69 92 146 19 206 50 72 0 57 96 116 32 68 86 110 107 109 52 70 89 90 39 103 71 68 144 101 66 97 79 85 61 86 91 134 122 124 57 0 152 65 56 69 58 166 147 109 97 65 32 55 92 157 110 122 130 104 88 82 136 104 56 30 143 85 174 36 96 152 0 212 102 150 179 14 123 144 93 130 184 184 60 12 109 30 185 136 131 154 19 105 127 177 28 229 41 187 116 65 212 0 121 84 47 226 175 165 139 125 39 37 154 219 143 184 177 162 112 135 195 168 119 59 206 20 237 70 32 56 102 121 0 94 103 116 139 77 84 38 87 104 43 106 103 72 112 69 97 66 90 56 30 76 89 141 120 137 68 69 150 84 94 0 37 162 91 167 61 122 83 47 104 160 60 128 195 161 28 147 131 150 113 94 154 93 184 158 86 58 179 47 103 37 0 191 128 166 96 122 56 10 125 187 97 154 187 161 65 140 160 158 113 73 177 56 208 50 110 166 14 226 116 162 191 0 128 156 104 144 198 197 74 15 118 44 196 148 142 168 31 117 141 191 37 243 39 133 107 147 123 175 139 91 128 128 0 214 55 177 170 138 116 135 37 120 251 206 63 204 105 184 168 177 143 183 164 108 109 109 144 165 77 167 166 156 214 0 159 45 126 164 102 141 180 118 41 8 174 32 141 39 54 107 119 185 139 91 52 97 93 139 84 61 96 104 55 159 0 122 125 104 65 105 21 79 196 151 38 149 74 130 113 127 105 151 132 94 70 65 130 125 38 122 122 144 177 45 122 0 86 120 76 130 141 101 75 39 131 28 122 44 9 69 111 145 138 156 89 32 184 39 87 83 56 198 170 126 125 86 0 48 124 189 134 154 139 123 107 96 168 130 80 20 175 59 206 162 90 55 184 37 104 47 10 197 138 164 104 120 48 0 129 193 107 158 183 159 75 136 166 157 111 66 181 47 212 33 39 92 60 154 43 104 125 74 116 102 65 76 124 129 0 65 86 30 143 94 95 103 47 68 71 117 52 173 83 36 103 157 12 219 106 160 187 15 135 141 105 130 189 193 65 0 121 35 181 133 142 154 31 102 128 182 22 237 29 110 71 110 109 143 103 60 97 118 37 180 21 141 134 107 86 121 0 98 215 172 32 168 90 151 132 140 124 153 149 13 68 122 30 184 72 128 154 44 120 118 79 101 154 158 30 35 98 0 159 110 114 125 23 80 97 147 26 202 56 149 144 130 185 177 112 195 187 196 251 41 196 75 139 183 143 181 215 159 0 49 206 48 182 80 84 119 159 196 178 100 101 104 136 162 69 161 161 148 206 8 151 39 123 159 94 133 172 110 49 0 166 31 133 31 48 104 111 182 132 124 66 88 131 112 97 28 65 142 63 174 38 131 107 75 95 142 32 114 206 166 0 158 112 151 122 116 140 121 169 118 97 82 154 135 66 147 140 168 204 32 149 28 96 136 103 154 168 125 48 31 158 0 147 55 36 76 132 155 156 35 79 136 19 195 90 131 160 31 105 141 74 122 168 166 47 31 90 23 182 133 112 147 0 103 118 163 38 212 59 69 85 104 105 168 56 150 158 117 184 39 130 44 130 157 68 102 151 80 80 31 151 55 103 0 50 113 80 188 102 92 61 56 127 119 30 113 113 141 168 54 113 9 80 111 71 128 132 97 84 48 122 36 118 50 0 63 110 139 138 146 86 30 177 59 76 94 73 191 177 107 127 69 20 66 117 182 140 147 119 104 116 76 163 113 63 0 165 79 196 19 91 143 28 206 89 154 177 37 143 119 105 111 175 181 52 22 124 26 159 111 140 132 38 80 110 165 0 225 31 206 134 85 229 20 141 93 56 243 183 185 151 145 59 47 173 237 153 202 196 182 121 155 212 188 139 79 225 0 256 50 122 174 41 237 120 184 208 39 164 139 132 138 206 212 83 29 149 56 178 132 169 156 59 102 138 196 31 256 0 
0 107 99 199 46 99 188 47 118 97 19 79 181 203 168 138 139 27 122 204 128 177 137 210 153 179 180 178 43 143 107 0 26 105 85 173 105 67 170 26 124 144 101 118 169 166 136 94 187 203 57 162 188 196 125 135 90 100 140 109 99 26 0 100 90 153 94 54 146 2 114 124 89 108 143 140 110 81 164 177 37 137 164 171 100 113 82 87 127 84 199 105 100 0 189 228 26 152 207 102 211 201 32 23 161 184 140 177 230 182 72 141 218 166 110 95 19 36 219 100 46 85 90 189 0 144 184 56 159 88 65 122 179 198 197 173 164 60 166 233 126 200 178 235 171 192 172 177 89 157 99 173 153 228 144 0 207 110 38 151 84 29 200 222 116 72 105 88 24 144 160 138 49 158 135 164 210 196 61 136 188 105 94 26 184 207 0 141 183 96 198 180 7 15 136 159 115 164 207 156 60 115 193 140 85 69 19 11 204 75 47 67 54 152 56 110 141 0 114 52 60 82 134 156 141 121 108 27 126 177 81 144 133 179 115 137 133 131 73 102 118 170 146 207 159 38 183 114 0 145 106 39 176 198 78 34 72 99 24 106 143 101 19 120 104 133 189 172 88 108 97 26 2 102 88 151 96 52 145 0 112 122 91 110 143 140 110 79 163 177 39 138 163 172 101 114 84 89 125 85 19 124 114 211 65 84 198 60 106 112 0 67 192 213 164 130 138 34 107 199 139 176 125 207 156 183 192 188 24 147 79 144 124 201 122 29 180 82 39 122 67 0 173 195 105 65 86 62 44 137 131 123 58 148 114 143 182 169 50 112 181 101 89 32 179 200 7 134 176 91 192 173 0 22 129 152 108 158 200 150 53 109 186 135 78 63 21 4 197 68 203 118 108 23 198 222 15 156 198 110 213 195 22 0 147 173 129 179 222 163 75 124 208 147 97 77 28 26 219 90 168 169 143 161 197 116 136 141 78 143 164 105 129 147 0 44 33 142 101 36 121 26 77 43 52 70 148 125 153 66 138 166 140 184 173 72 159 121 34 140 130 65 152 173 44 0 44 114 57 72 129 67 36 86 76 104 168 148 115 84 139 136 110 140 164 105 115 108 72 110 138 86 108 129 33 44 0 112 96 69 91 38 79 71 32 61 124 104 130 40 27 94 81 177 60 88 164 27 99 79 34 62 158 179 142 114 112 0 106 178 105 150 118 183 126 152 158 154 46 116 122 187 164 230 166 24 207 126 24 163 107 44 200 222 101 57 96 106 0 125 165 124 27 141 128 157 212 196 85 132 204 203 177 182 233 144 156 177 106 177 199 137 150 163 36 72 69 178 125 0 151 42 98 21 79 87 170 146 186 95 128 57 37 72 126 160 60 81 143 39 139 131 53 75 121 129 91 105 165 151 0 109 158 143 72 78 53 51 147 56 177 162 137 141 200 138 115 144 101 138 176 123 109 124 26 67 38 150 124 42 109 0 102 35 37 47 129 105 168 53 137 188 164 218 178 49 193 133 19 163 125 58 186 208 77 36 79 118 27 98 158 102 0 115 111 140 201 182 105 118 210 196 171 166 235 158 140 179 120 172 207 148 135 147 43 86 71 183 141 21 143 35 115 0 71 72 156 131 196 87 153 125 100 110 171 135 85 115 104 101 156 114 78 97 52 76 32 126 128 79 72 37 111 71 0 29 96 74 152 16 179 135 113 95 192 164 69 137 133 114 183 143 63 77 70 104 61 152 157 87 78 47 140 72 29 0 84 59 181 36 180 90 82 19 172 210 19 133 189 84 192 182 21 28 148 168 124 158 212 170 53 129 201 156 96 84 0 25 200 84 178 100 87 36 177 196 11 131 172 89 188 169 4 26 125 148 104 154 196 146 51 105 182 131 74 59 25 0 194 64 43 140 127 219 89 61 204 73 88 125 24 50 197 219 153 115 130 46 85 186 147 168 105 196 152 181 200 194 0 146 143 109 84 100 157 136 75 102 108 85 147 112 68 90 66 84 40 116 132 95 56 53 118 87 16 36 84 64 146 0 
0 157 73 200 112 82 49 104 109 109 64 170 129 166 68 39 51 169 126 133 146 168 123 155 161 142 163 54 170 53 157 0 224 58 114 115 139 75 88 65 96 183 58 161 123 122 116 53 68 49 17 179 88 53 46 129 85 146 162 127 73 224 0 258 183 123 118 177 158 166 137 178 184 183 139 112 108 224 199 206 210 177 196 210 217 171 210 85 188 100 200 58 258 0 172 138 191 132 103 93 146 175 74 150 176 171 152 36 126 107 58 171 146 50 41 125 68 174 149 158 112 114 183 172 0 140 65 41 141 120 66 240 133 224 44 76 112 157 47 65 115 236 27 148 148 191 176 143 227 126 82 115 123 138 140 0 105 109 35 50 75 100 64 89 110 78 34 102 127 121 99 97 135 88 97 61 87 38 93 29 49 139 118 191 65 105 0 71 122 111 46 204 130 194 22 27 71 166 92 103 133 201 81 153 157 165 172 93 198 81 104 75 177 132 41 109 71 0 103 80 43 205 92 186 51 65 87 116 22 32 75 201 26 107 107 153 135 121 189 101 109 88 158 103 141 35 122 103 0 25 81 103 31 83 119 95 58 67 116 105 71 99 128 53 63 50 54 73 86 60 109 65 166 93 120 50 111 80 25 0 66 128 20 108 104 85 59 60 91 80 49 124 105 46 53 75 61 83 110 66 64 96 137 146 66 75 46 43 81 66 0 175 85 161 38 26 47 120 65 69 88 172 65 107 111 129 127 79 164 61 170 183 178 175 240 100 204 205 103 128 175 0 125 25 210 177 133 143 219 208 166 4 231 134 144 54 107 116 26 123 129 58 184 74 133 64 130 92 31 20 85 125 0 104 122 105 78 40 100 85 41 121 115 26 33 71 43 100 106 84 166 161 183 150 224 89 194 186 83 108 161 25 104 0 198 167 123 118 199 188 145 21 211 110 120 33 82 112 5 115 68 123 139 176 44 110 22 51 119 104 38 210 122 198 0 34 77 155 70 83 118 207 59 144 146 167 165 103 201 89 39 122 112 171 76 78 27 65 95 85 26 177 105 167 34 0 44 143 87 95 114 174 84 130 135 138 146 69 171 55 51 116 108 152 112 34 71 87 58 59 47 133 78 123 77 44 0 118 108 107 102 130 112 104 111 95 112 34 127 14 169 53 224 36 157 102 166 116 67 60 120 143 40 118 155 143 118 0 116 98 43 139 135 14 9 91 37 139 118 124 126 68 199 126 47 127 92 22 116 91 65 219 100 199 70 87 108 116 0 19 73 215 20 110 108 166 140 142 201 122 133 49 206 107 65 121 103 32 105 80 69 208 85 188 83 95 107 98 19 0 55 204 39 93 90 155 124 141 190 121 146 17 210 58 115 99 133 75 71 49 88 166 41 145 118 114 102 43 73 55 0 162 92 39 35 112 71 131 146 112 168 179 177 171 236 97 201 201 99 124 172 4 121 21 207 174 130 139 215 204 162 0 227 130 140 50 103 114 23 120 123 88 196 146 27 135 81 26 128 105 65 231 115 211 59 84 112 135 20 39 92 227 0 128 126 178 158 144 214 126 155 53 210 50 148 88 153 107 53 46 107 134 26 110 144 130 104 14 110 93 39 130 128 0 10 81 32 125 110 110 161 46 217 41 148 97 157 107 63 53 111 144 33 120 146 135 111 9 108 90 35 140 126 10 0 91 40 133 120 117 142 129 171 125 191 61 165 153 50 75 129 54 71 33 167 138 95 91 166 155 112 50 178 81 91 0 57 91 36 89 163 85 210 68 176 87 172 135 54 61 127 107 43 82 165 146 112 37 140 124 71 103 158 32 40 57 0 125 81 114 54 146 85 174 143 38 93 121 73 83 79 116 100 112 103 69 34 139 142 141 131 114 144 125 133 91 125 0 117 20 170 162 188 149 227 93 198 189 86 110 164 26 106 5 201 171 127 118 201 190 146 23 214 110 120 36 81 117 0 119 53 127 100 158 126 29 81 101 60 66 61 123 84 115 89 55 14 124 122 121 112 120 126 110 117 89 114 20 119 0 
0 113 58 112 86 58 63 42 113 57 108 49 14 109 56 138 15 63 70 77 57 37 104 103 60 122 58 81 115 111 113 0 165 138 157 57 58 140 145 56 12 99 99 148 129 30 110 108 153 128 108 81 117 53 126 59 128 158 156 140 58 165 0 160 61 108 110 71 159 111 159 75 71 100 98 188 71 78 99 123 73 84 114 143 60 180 102 52 102 157 112 138 160 0 198 125 133 90 8 115 144 152 110 218 62 168 97 168 71 37 164 127 205 170 172 92 59 193 225 3 86 157 61 198 0 105 101 119 199 112 147 60 90 40 140 171 101 49 149 163 49 85 66 117 32 191 143 9 42 197 58 57 108 125 105 0 8 93 130 10 51 45 44 106 92 81 60 58 114 101 56 24 82 50 73 87 92 105 114 125 63 58 110 133 101 8 0 99 138 18 50 41 50 99 100 79 66 53 122 109 52 26 74 42 69 93 100 101 107 133 42 140 71 90 119 93 99 0 88 88 139 91 51 148 28 169 33 105 30 53 99 77 146 141 99 132 32 112 154 87 113 145 159 8 199 130 138 88 0 120 150 155 112 221 61 175 98 171 67 36 167 130 208 175 173 100 58 194 227 5 57 56 111 115 112 10 18 88 120 0 51 52 43 115 84 81 56 67 107 92 64 28 92 58 80 79 84 112 123 115 108 12 159 144 147 51 50 139 150 51 0 90 94 137 130 30 107 98 154 131 99 75 105 41 117 70 129 149 145 145 49 99 75 152 60 45 41 91 155 52 90 0 44 66 102 117 61 16 119 121 12 27 55 68 28 131 104 60 73 152 14 99 71 110 90 44 50 51 112 43 94 44 0 109 58 124 18 60 76 77 55 26 99 92 62 110 60 87 115 109 109 148 100 218 40 106 99 148 221 115 137 66 109 0 165 155 124 50 178 186 54 93 35 100 49 192 167 49 8 218 56 129 98 62 140 92 100 28 61 84 130 102 58 165 0 159 41 118 24 25 112 82 157 142 116 110 4 134 171 59 138 30 188 168 171 81 79 169 175 81 30 117 124 155 159 0 137 123 183 158 124 104 121 55 142 83 158 174 163 170 15 110 71 97 101 60 66 33 98 56 107 61 18 124 41 137 0 77 58 62 71 44 116 108 75 112 43 96 130 96 63 108 78 168 49 58 53 105 171 67 98 16 60 50 118 123 77 0 133 137 6 43 41 70 20 145 120 51 57 168 70 153 99 71 149 114 122 30 67 107 154 119 76 178 24 183 58 133 0 39 127 102 174 164 129 133 26 142 184 68 77 128 123 37 163 101 109 53 36 92 131 121 77 186 25 158 62 137 39 0 132 97 175 150 137 98 22 158 192 34 57 108 73 164 49 56 52 99 167 64 99 12 55 54 112 124 71 6 127 132 0 39 47 73 18 143 114 50 62 164 37 81 84 127 85 24 26 77 130 28 75 27 26 93 82 104 44 43 102 97 39 0 78 66 53 106 83 84 100 127 104 117 114 205 66 82 74 146 208 92 105 55 99 35 157 121 116 41 174 175 47 78 0 66 54 166 159 73 42 205 103 53 143 170 117 50 42 141 175 58 41 68 92 100 142 55 108 70 164 150 73 66 66 0 90 109 142 121 108 171 60 126 60 172 32 73 69 99 173 80 117 28 62 49 116 142 75 20 129 137 18 53 54 90 0 159 118 32 55 171 122 59 180 92 191 87 93 132 100 79 70 131 110 192 110 83 112 145 133 98 143 106 166 109 159 0 107 190 200 95 58 128 102 59 143 92 100 32 58 84 129 104 60 167 4 158 43 120 26 22 114 83 159 142 118 107 0 138 173 56 81 158 52 193 9 105 101 112 194 112 149 60 87 49 134 174 96 51 142 158 50 84 73 121 32 190 138 0 51 192 115 156 102 225 42 114 107 154 227 123 145 73 115 8 171 163 130 57 184 192 62 100 42 108 55 200 173 51 0 224 111 140 157 3 197 125 133 87 5 115 145 152 109 218 59 170 96 168 68 34 164 127 205 171 171 95 56 192 224 0 
0 38 117 28 105 128 104 106 154 136 172 116 65 66 97 74 86 35 59 95 95 43 42 106 37 105 109 51 42 54 38 0 79 46 70 119 74 129 120 108 145 98 52 90 60 50 89 29 46 109 101 16 65 122 8 113 104 62 73 77 117 79 0 111 59 116 41 181 48 64 94 84 82 150 40 89 150 90 105 152 130 84 129 165 83 144 115 115 141 137 28 46 111 0 116 101 89 84 142 117 152 93 42 44 104 93 114 21 82 68 67 58 19 80 50 77 81 23 30 31 105 70 59 116 0 162 90 198 106 120 153 132 106 160 21 43 103 97 65 175 159 62 135 188 68 173 154 129 143 147 128 119 116 101 162 0 75 103 107 66 80 32 67 98 141 165 207 95 165 72 45 135 99 79 127 53 20 79 114 95 104 74 41 89 90 75 0 145 53 35 72 43 50 119 69 105 160 70 114 115 90 85 103 127 81 104 74 84 118 108 106 129 181 84 198 103 145 0 195 157 182 120 99 40 183 177 188 101 165 32 60 142 65 24 134 50 86 69 65 53 154 120 48 142 106 107 53 195 0 41 54 78 103 171 88 137 198 122 152 163 137 128 156 174 126 150 115 137 171 161 136 108 64 117 120 66 35 157 41 0 37 37 75 139 99 140 195 101 149 125 98 120 127 135 116 110 74 107 143 130 172 145 94 152 153 80 72 182 54 37 0 63 110 168 133 176 232 137 186 150 122 157 160 158 153 132 96 139 176 162 116 98 84 93 132 32 43 120 78 37 63 0 51 105 111 140 187 81 144 88 61 113 98 98 106 73 37 77 114 99 65 52 82 42 106 67 50 99 103 75 110 51 0 69 89 101 141 30 98 70 53 68 53 83 60 67 52 34 68 58 66 90 150 44 160 98 119 40 171 139 168 105 69 0 146 137 149 63 125 35 53 102 25 43 94 54 78 35 27 13 97 60 40 104 21 141 69 183 88 99 133 111 89 146 0 51 113 83 69 158 142 57 123 171 60 156 134 114 132 133 74 50 89 93 43 165 105 177 137 140 176 140 101 137 51 0 62 79 22 158 151 35 112 171 43 163 153 111 116 124 86 89 150 114 103 207 160 188 198 195 232 187 141 149 113 62 0 112 46 181 181 76 128 192 81 191 190 137 123 139 35 29 90 21 97 95 70 101 122 101 137 81 30 63 83 79 112 0 74 80 72 44 40 93 36 84 78 33 51 50 59 46 105 82 65 165 114 165 152 149 186 144 98 125 69 22 46 74 0 150 146 31 100 162 38 157 150 104 101 112 95 109 152 68 175 72 115 32 163 125 150 88 70 35 158 158 181 80 150 0 28 123 53 13 115 20 54 47 61 42 95 101 130 67 159 45 90 60 137 98 122 61 53 53 142 151 181 72 146 28 0 116 60 37 108 14 26 44 72 53 43 16 84 58 62 135 85 142 128 120 157 113 68 102 57 35 76 44 31 123 116 0 77 136 8 128 120 76 82 89 42 65 129 19 135 99 103 65 156 127 160 98 53 25 123 112 128 40 100 53 60 77 0 64 69 66 79 21 16 12 106 122 165 80 188 79 127 24 174 135 158 98 83 43 171 171 192 93 162 13 37 136 64 0 128 26 62 60 70 53 37 8 83 50 68 127 81 134 126 116 153 106 60 94 60 43 81 36 38 115 108 8 69 128 0 120 112 68 75 81 105 113 144 77 173 53 104 50 150 110 132 73 67 54 156 163 191 84 157 20 14 128 66 26 120 0 36 54 76 57 109 104 115 81 154 20 74 86 115 74 96 37 52 78 134 153 190 78 150 54 26 120 79 62 112 36 0 59 94 75 51 62 115 23 129 79 84 69 137 107 139 77 34 35 114 111 137 33 104 47 44 76 21 60 68 54 59 0 37 24 42 73 141 30 143 114 118 65 171 143 176 114 68 27 132 116 123 51 101 61 72 82 16 70 75 76 94 37 0 19 54 77 137 31 147 95 108 53 161 130 162 99 58 13 133 124 139 50 112 42 53 89 12 53 81 57 75 24 19 0 
0 109 90 133 45 130 90 132 87 131 126 71 54 96 81 39 93 34 86 104 15 22 105 96 96 115 53 84 98 121 109 0 139 174 153 32 137 122 41 76 130 86 58 105 165 135 128 89 38 141 117 90 12 204 38 39 134 97 73 41 90 139 0 43 109 140 2 214 98 102 211 152 115 42 46 124 182 68 141 16 103 101 128 137 151 167 142 168 74 172 133 174 43 0 147 170 43 256 133 123 253 194 157 69 71 165 225 110 182 33 145 144 162 165 190 205 184 210 103 211 45 153 109 147 0 175 110 154 132 172 143 100 96 129 80 31 104 75 127 125 36 63 150 51 136 155 52 109 139 161 130 32 140 170 175 0 138 153 46 55 162 118 85 101 173 161 160 104 70 140 141 114 26 226 70 67 161 129 67 68 90 137 2 43 110 138 0 213 96 100 210 151 114 40 48 124 182 67 140 15 103 101 126 138 149 165 142 167 72 171 132 122 214 256 154 153 213 0 146 194 17 63 101 200 213 123 54 146 88 225 127 114 131 198 84 86 104 48 180 87 87 41 98 133 132 46 96 146 0 52 150 95 54 64 127 122 137 58 58 100 99 74 30 181 64 75 126 110 35 79 131 76 102 123 172 55 100 194 52 0 201 147 106 60 145 168 189 97 107 98 145 122 64 217 110 115 175 162 34 117 126 130 211 253 143 162 210 17 150 201 0 59 101 199 207 112 40 143 94 222 119 110 139 184 92 97 92 43 183 98 71 86 152 194 100 118 151 63 95 147 59 0 42 140 152 71 43 84 48 163 67 51 92 148 52 67 58 16 124 72 54 58 115 157 96 85 114 101 54 106 101 42 0 99 126 77 84 49 32 125 60 33 59 147 42 61 76 58 82 67 96 105 42 69 129 101 40 200 64 60 199 140 99 0 86 135 178 63 117 39 111 98 93 167 125 138 148 156 34 143 81 165 46 71 80 173 48 213 127 145 207 152 126 86 0 104 173 78 157 60 90 101 156 94 166 185 125 165 113 191 39 135 124 165 31 161 124 123 122 168 112 71 77 135 104 0 73 73 105 139 24 48 135 77 114 132 21 79 137 138 93 128 182 225 104 160 182 54 137 189 40 43 84 178 173 73 0 116 90 195 83 81 135 144 92 104 52 31 166 108 34 89 68 110 75 104 67 146 58 97 143 84 49 63 78 73 116 0 79 79 49 35 82 123 88 107 85 100 64 113 86 38 141 182 127 70 140 88 58 107 94 48 32 117 157 105 90 79 0 149 91 64 46 178 10 29 99 59 93 35 104 141 16 33 125 140 15 225 100 98 222 163 125 39 60 139 195 79 149 0 118 114 130 152 157 172 157 179 73 178 15 117 103 145 36 141 103 127 99 145 119 67 60 111 90 24 83 49 91 118 0 27 115 87 100 119 39 79 113 125 22 90 101 144 63 114 101 114 74 122 110 51 33 98 101 48 81 35 64 114 27 0 88 114 74 93 53 67 93 99 105 12 128 162 150 26 126 131 30 64 139 92 59 93 156 135 135 82 46 130 115 88 0 201 47 51 135 105 61 53 96 204 137 165 51 226 138 198 181 217 184 148 147 167 94 77 144 123 178 152 87 114 201 0 187 206 94 155 183 212 96 38 151 190 136 70 149 84 64 110 92 52 42 125 166 114 92 88 10 157 100 74 47 187 0 19 106 61 99 25 115 39 167 205 155 67 165 86 75 115 97 67 61 138 185 132 104 107 29 172 119 93 51 206 19 0 124 73 110 6 53 134 142 184 52 161 142 104 126 175 92 58 76 148 125 21 52 85 99 157 39 53 135 94 106 124 0 62 146 130 84 97 168 210 109 129 167 48 110 162 43 16 58 156 165 79 31 100 59 179 79 67 105 155 61 73 62 0 140 77 98 73 74 103 139 67 72 180 35 34 183 124 82 34 113 137 166 64 93 73 113 93 61 183 99 110 146 140 0 114 121 41 172 211 161 68 171 87 79 117 98 72 67 143 191 138 108 113 35 178 125 99 53 212 25 6 130 77 114 0 
0 29 185 116 146 92 149 124 86 91 62 72 55 137 78 156 125 98 118 61 64 117 121 198 74 45 139 112 28 88 29 0 214 145 171 120 178 148 109 104 76 100 62 160 96 185 145 127 147 90 42 144 143 227 101 19 168 139 48 97 185 214 0 74 66 94 77 144 154 162 163 114 205 152 180 40 117 87 90 126 248 76 103 13 114 230 56 78 169 174 116 145 74 0 69 34 45 85 83 121 111 51 131 96 108 40 98 24 28 55 176 46 82 87 54 160 23 41 105 130 146 171 66 69 0 60 104 154 148 99 107 77 179 165 168 73 51 62 97 95 210 30 38 73 72 190 72 37 123 112 92 120 94 34 60 0 79 104 89 87 77 20 119 117 108 70 71 10 56 35 156 30 56 107 20 137 56 23 75 96 149 178 77 45 104 79 0 70 89 166 154 94 149 75 115 37 140 69 31 91 202 88 124 89 98 190 32 84 144 175 124 148 144 85 154 104 70 0 39 179 158 105 99 14 60 104 175 97 58 88 158 129 160 157 111 154 92 122 133 183 86 109 154 83 148 89 89 39 0 151 126 82 63 51 26 114 156 86 64 62 121 118 144 167 88 115 99 111 97 153 91 104 162 121 99 87 166 179 151 0 29 76 144 193 157 152 53 97 142 91 146 88 61 171 71 123 141 88 64 13 62 76 163 111 107 77 154 158 126 29 0 60 115 172 129 146 71 87 126 70 118 88 72 175 57 95 133 85 35 27 72 100 114 51 77 20 94 105 82 76 60 0 104 119 96 89 74 28 66 21 136 47 62 127 6 117 74 41 55 83 55 62 205 131 179 119 149 99 63 144 115 104 0 109 40 168 172 122 121 84 59 149 163 218 109 59 151 142 80 142 137 160 152 96 165 117 75 14 51 193 172 119 109 0 69 112 188 110 68 102 168 141 173 164 125 166 100 135 147 197 78 96 180 108 168 108 115 60 26 157 129 96 40 69 0 140 170 106 90 75 99 138 158 193 102 97 125 131 97 156 156 185 40 40 73 70 37 104 114 152 146 89 168 112 140 0 117 61 50 95 215 65 101 53 90 200 17 64 144 163 125 145 117 98 51 71 140 175 156 53 71 74 172 188 170 117 0 78 125 95 187 52 16 124 68 164 109 57 98 66 98 127 87 24 62 10 69 97 86 97 87 28 122 110 106 61 78 0 47 39 161 32 63 100 30 143 46 25 83 106 118 147 90 28 97 56 31 58 64 142 126 66 121 68 90 50 125 47 0 61 172 74 109 103 71 159 35 68 114 149 61 90 126 55 95 35 91 88 62 91 70 21 84 102 75 95 95 39 61 0 122 65 83 139 27 105 78 58 53 95 64 42 248 176 210 156 202 158 121 146 118 136 59 168 99 215 187 161 172 122 0 181 184 261 138 23 198 176 89 139 117 144 76 46 30 30 88 129 118 88 88 47 149 141 138 65 52 32 74 65 181 0 36 87 43 162 57 7 97 99 121 143 103 82 38 56 124 160 144 61 72 62 163 173 158 101 16 63 109 83 184 36 0 111 56 162 93 41 95 74 198 227 13 87 73 107 89 157 167 171 175 127 218 164 193 53 124 100 103 139 261 87 111 0 127 243 69 90 182 184 74 101 114 54 72 20 98 111 88 71 57 6 109 125 102 90 68 30 71 27 138 43 56 127 0 119 76 38 55 78 45 19 230 160 190 137 190 154 115 123 95 117 59 166 97 200 164 143 159 105 23 162 162 243 119 0 183 157 67 116 139 168 56 23 72 56 32 92 99 141 133 74 151 100 125 17 109 46 35 78 198 57 93 69 76 183 0 54 128 150 112 139 78 41 37 23 84 122 111 88 85 41 142 135 131 64 57 25 68 58 176 7 41 90 38 157 54 0 93 99 28 48 169 105 123 75 144 133 97 64 35 55 80 147 97 144 98 83 114 53 89 97 95 182 55 67 128 93 0 62 88 97 174 130 112 96 175 183 153 13 27 83 142 197 156 163 66 106 149 95 139 99 74 184 78 116 150 99 62 0 
0 129 132 116 131 41 175 66 70 92 78 6 148 27 122 33 148 20 123 151 98 120 60 66 112 110 153 22 84 10 129 0 8 46 38 163 118 88 145 79 153 128 45 102 42 148 34 130 107 79 197 35 70 149 206 145 48 126 119 119 132 8 0 40 46 164 126 87 144 76 159 131 37 105 36 152 26 131 115 87 203 29 72 155 212 152 40 130 126 122 116 46 40 0 81 140 161 57 111 38 163 117 34 91 7 143 38 109 139 122 202 11 58 156 213 167 39 121 137 108 131 38 46 81 0 169 80 108 164 107 133 128 83 105 78 142 71 137 73 41 180 71 80 132 186 116 86 121 96 121 41 163 164 140 169 0 216 83 54 108 110 46 174 64 147 58 176 33 163 192 115 147 93 97 129 147 179 61 123 50 175 118 126 161 80 216 0 178 228 184 136 170 162 156 158 170 150 189 55 39 180 151 145 142 179 98 165 156 99 167 66 88 87 57 108 83 178 0 57 26 131 69 91 48 64 97 94 54 137 143 161 65 33 121 173 149 96 78 118 60 70 145 144 111 164 54 228 57 0 73 148 76 144 75 118 101 149 50 182 196 164 120 84 136 178 179 149 92 151 72 92 79 76 38 107 108 184 26 73 0 154 95 71 72 45 123 76 80 150 146 186 49 49 144 198 168 76 103 137 86 78 153 159 163 133 110 136 131 148 154 0 72 189 83 167 52 183 98 82 130 47 162 107 13 53 42 194 57 39 78 6 128 131 117 128 46 170 69 76 95 72 0 148 26 122 29 148 26 117 147 94 120 60 60 107 104 153 16 78 9 148 45 37 34 83 174 162 91 144 71 189 148 0 122 27 173 13 143 151 123 231 28 89 183 240 187 5 151 159 139 27 102 105 91 105 64 156 48 75 72 83 26 122 0 97 52 122 33 107 128 114 94 34 73 126 106 127 31 76 17 122 42 36 7 78 147 158 64 118 45 167 122 27 97 0 148 31 116 139 119 207 7 63 160 217 169 32 126 140 113 33 148 152 143 142 58 170 97 101 123 52 29 173 52 148 0 171 52 115 154 65 145 85 39 79 91 178 22 72 37 148 34 26 38 71 176 150 94 149 76 183 148 13 122 31 171 0 144 141 111 226 29 88 178 235 178 15 149 151 139 20 130 131 109 137 33 189 54 50 80 98 26 143 33 116 52 144 0 138 161 117 115 60 86 131 130 148 42 102 23 123 107 115 139 73 163 55 137 182 150 82 117 151 107 139 115 141 138 0 52 127 132 104 87 129 49 155 102 44 115 151 79 87 122 41 192 39 143 196 146 130 147 123 128 119 154 111 161 52 0 177 112 112 133 180 101 126 136 91 142 98 197 203 202 180 115 180 161 164 186 47 94 231 114 207 65 226 117 127 177 0 203 144 48 14 82 236 83 86 102 120 35 29 11 71 147 151 65 120 49 162 120 28 94 7 145 29 115 132 112 203 0 61 155 212 163 33 123 134 111 60 70 72 58 80 93 145 33 84 49 107 60 89 34 63 85 88 60 104 112 144 61 0 98 155 119 94 63 88 51 66 149 155 156 132 97 142 121 136 144 13 60 183 73 160 39 178 86 87 133 48 155 98 0 57 53 188 45 43 66 112 206 212 213 186 129 179 173 178 198 53 107 240 126 217 79 235 131 129 180 14 212 155 57 0 81 245 95 91 115 110 145 152 167 116 147 98 149 179 168 42 104 187 106 169 91 178 130 49 101 82 163 119 53 81 0 191 88 31 107 153 48 40 39 86 179 165 96 149 76 194 153 5 127 32 178 15 148 155 126 236 33 94 188 245 191 0 156 164 144 22 126 130 121 121 61 156 78 92 103 57 16 151 31 126 22 149 42 102 136 83 123 63 45 95 88 156 0 62 21 84 119 126 137 96 123 99 118 151 137 39 78 159 76 140 72 151 102 44 91 86 134 88 43 91 31 164 62 0 79 10 119 122 108 121 50 167 60 72 86 78 9 139 17 113 37 139 23 115 142 102 111 51 66 115 107 144 21 79 0 
0 160 80 184 153 32 143 104 115 79 180 42 84 95 155 153 163 113 74 47 132 119 172 154 216 93 165 58 176 158 160 0 88 122 206 145 193 86 75 120 61 133 106 172 23 224 218 190 180 115 40 41 121 178 121 86 18 103 75 2 80 88 0 115 138 58 125 30 37 39 100 46 26 92 77 152 150 112 94 34 53 50 105 121 139 65 97 28 98 86 184 122 115 0 124 154 115 85 79 106 66 142 101 127 99 148 133 133 151 146 95 125 13 88 39 169 140 142 48 121 153 206 138 124 0 124 13 122 131 100 176 122 112 58 186 24 12 40 80 145 166 183 112 36 163 201 221 152 159 204 32 145 58 154 124 0 114 75 88 48 155 12 54 66 135 128 134 86 52 33 111 105 141 122 186 94 152 45 148 143 143 193 125 115 13 114 0 109 118 87 164 111 99 48 173 34 25 34 73 133 153 170 102 27 154 188 208 140 148 191 104 86 30 85 122 75 109 0 13 36 80 63 23 86 69 139 134 104 97 61 46 61 75 99 112 91 100 57 73 84 115 75 37 79 131 88 118 13 0 49 67 76 36 98 57 149 143 115 110 71 35 55 70 105 102 92 90 65 61 73 79 120 39 106 100 48 87 36 49 0 115 37 14 53 104 113 112 73 61 50 80 88 93 86 139 101 132 53 106 118 180 61 100 66 176 155 164 80 67 115 0 143 103 158 41 198 187 172 175 134 53 81 71 142 60 131 79 126 18 61 42 133 46 142 122 12 111 63 76 37 143 0 42 66 123 128 134 86 56 26 99 94 130 117 174 87 141 37 136 131 84 106 26 101 112 54 99 23 36 14 103 42 0 67 90 126 124 87 75 46 66 74 89 95 132 91 118 47 96 104 95 172 92 127 58 66 48 86 98 53 158 66 67 0 155 63 68 21 27 90 132 141 114 64 166 150 185 99 146 170 155 23 77 99 186 135 173 69 57 104 41 123 90 155 0 205 198 172 165 108 24 42 98 157 100 92 41 97 54 22 153 224 152 148 24 128 34 139 149 113 198 128 126 63 205 0 19 42 79 153 184 199 136 60 187 212 239 162 182 222 163 218 150 133 12 134 25 134 143 112 187 134 124 68 198 19 0 50 90 157 178 195 122 45 172 213 233 164 170 216 113 190 112 133 40 86 34 104 115 73 172 86 87 21 172 42 50 0 40 111 150 161 120 57 172 171 204 120 158 188 74 180 94 151 80 52 73 97 110 61 175 56 75 27 165 79 90 40 0 82 141 144 138 91 189 143 191 93 164 179 47 115 34 146 145 33 133 61 71 50 134 26 46 90 108 153 157 111 82 0 85 74 135 136 173 61 120 12 132 113 132 40 53 95 166 111 153 46 35 80 53 99 66 132 24 184 178 150 141 85 0 30 91 139 106 80 55 75 58 38 119 41 50 125 183 105 170 61 55 88 81 94 74 141 42 199 195 161 144 74 30 0 120 160 136 50 47 62 88 39 172 121 105 13 112 141 102 75 70 93 71 130 89 114 98 136 122 120 138 135 91 120 0 77 52 162 139 132 53 120 154 178 121 88 36 122 27 99 105 86 142 117 95 64 157 60 45 57 91 136 139 160 77 0 127 186 194 139 125 177 216 121 139 39 163 186 154 112 102 139 60 174 132 166 100 187 172 172 189 173 106 136 52 127 0 185 139 167 48 121 93 86 65 169 201 94 188 91 92 101 131 87 91 150 92 212 213 171 143 61 80 50 162 186 185 0 82 51 138 84 165 18 97 140 221 152 208 100 90 132 79 141 118 185 41 239 233 204 191 120 55 47 139 194 139 82 0 108 93 19 58 103 28 142 152 45 140 57 65 53 126 37 47 99 97 162 164 120 93 12 75 62 132 139 167 51 108 0 125 101 176 75 98 48 159 148 148 73 61 106 18 136 96 146 54 182 170 158 164 132 58 88 53 125 48 138 93 125 0 75 158 2 86 121 204 143 191 84 73 118 61 131 104 170 22 222 216 188 179 113 38 39 120 177 121 84 19 101 75 0 
0 120 10 36 133 156 162 41 32 85 96 93 94 107 131 100 78 73 73 45 115 178 51 90 99 32 93 117 109 47 120 0 120 108 82 53 121 88 120 61 39 80 192 27 19 147 75 75 119 142 10 158 134 43 192 146 183 9 75 166 10 120 0 26 127 152 154 47 42 79 99 85 86 105 129 90 72 79 63 36 114 168 41 86 90 40 84 116 103 46 36 108 26 0 103 133 128 58 65 58 96 61 85 88 113 68 48 88 39 34 101 142 28 69 86 66 77 103 79 64 133 82 127 103 0 56 39 127 154 52 110 42 164 59 68 96 55 133 83 129 73 76 114 58 159 165 149 73 24 166 156 53 152 133 56 0 86 134 166 75 92 82 209 50 34 148 87 127 128 166 50 127 153 66 205 186 195 48 66 197 162 121 154 128 39 86 0 161 185 86 149 70 172 98 105 98 85 171 99 148 112 41 132 96 165 194 156 112 57 187 41 88 47 58 127 134 161 0 32 75 57 91 133 84 103 125 76 32 94 83 86 185 84 71 137 59 130 88 104 88 32 120 42 65 154 166 185 32 0 102 89 115 123 116 135 132 100 57 104 77 118 205 83 101 129 30 124 120 130 67 85 61 79 58 52 75 86 75 102 0 70 21 136 35 60 86 14 86 58 91 52 115 79 18 134 117 124 53 29 122 96 39 99 96 110 92 149 57 89 70 0 91 181 51 58 151 81 37 119 129 42 182 124 54 182 116 173 44 94 143 93 80 85 61 42 82 70 91 115 21 91 0 127 53 75 69 15 107 46 88 70 95 74 39 123 125 113 71 18 124 94 192 86 85 164 209 172 133 123 136 181 127 0 170 195 74 122 165 81 52 184 166 58 151 10 100 17 186 144 61 107 27 105 88 59 50 98 84 116 35 51 53 170 0 25 121 49 81 93 122 17 134 112 19 169 137 159 18 48 151 131 19 129 113 68 34 105 103 135 60 58 75 195 25 0 144 74 93 118 147 17 144 137 44 194 159 184 15 66 175 100 147 90 68 96 148 98 125 132 86 151 69 74 121 144 0 72 152 32 65 138 92 51 104 67 126 58 139 82 104 78 75 72 48 55 87 85 76 100 14 81 15 122 49 74 72 0 93 44 79 66 109 66 32 120 110 110 67 31 112 73 75 79 88 133 127 171 32 57 86 37 107 165 81 93 152 93 0 120 115 77 201 115 75 169 87 162 79 115 119 73 119 63 39 83 128 99 94 104 58 119 46 81 93 118 32 44 120 0 49 110 106 33 76 77 103 67 111 63 89 45 142 36 34 129 166 148 83 77 91 129 88 52 122 147 65 79 115 49 0 135 153 16 103 55 63 48 137 106 40 115 10 114 101 73 50 112 86 118 52 42 70 184 17 17 138 66 77 110 135 0 149 126 34 184 143 174 2 65 160 178 158 168 142 76 127 41 185 205 115 182 95 166 134 144 92 109 201 106 153 149 0 137 128 157 208 149 149 88 193 51 134 41 28 114 153 132 84 83 79 124 74 58 112 137 51 66 115 33 16 126 137 0 93 58 75 49 128 92 56 90 43 86 69 58 66 96 71 101 18 54 39 151 19 44 104 32 75 76 103 34 128 93 0 150 120 140 36 40 132 99 192 90 86 159 205 165 137 129 134 182 123 10 169 194 67 120 169 77 55 184 157 58 150 0 108 10 186 140 70 32 146 40 66 165 186 194 59 30 117 116 125 100 137 159 126 110 87 103 63 143 208 75 120 108 0 105 145 141 40 93 183 84 77 149 195 156 130 124 124 173 113 17 159 184 58 110 162 67 48 174 149 49 140 10 105 0 176 130 69 117 9 116 103 73 48 112 88 120 53 44 71 186 18 15 139 67 79 111 137 2 149 128 36 186 145 176 0 66 162 109 75 103 79 24 66 57 104 130 29 94 18 144 48 66 82 31 115 63 106 65 88 92 40 140 141 130 66 0 142 47 166 46 64 166 197 187 88 67 122 143 124 61 151 175 104 112 119 89 40 160 193 56 132 70 40 69 162 142 0 
0 116 116 161 85 54 113 72 89 44 84 49 37 118 127 75 79 37 93 152 132 75 58 19 176 62 113 51 125 56 116 0 94 52 124 149 11 72 72 152 198 125 153 98 20 191 195 145 47 36 39 145 172 133 62 56 40 66 34 159 116 94 0 142 55 110 103 47 142 159 169 85 147 176 114 176 175 120 122 120 133 86 170 134 143 75 128 98 127 124 161 52 142 0 176 198 48 124 92 191 245 175 196 102 34 234 240 193 72 23 33 196 214 176 22 105 53 110 37 208 85 124 55 176 0 59 130 53 146 124 117 39 105 180 144 129 127 74 133 158 159 31 127 99 183 79 148 95 152 73 54 149 110 198 59 0 150 83 141 77 59 26 55 172 164 70 68 22 139 185 175 31 73 58 211 93 158 95 168 14 113 11 103 48 130 150 0 77 62 148 197 127 149 87 14 187 192 145 37 39 30 148 168 129 63 57 29 62 24 160 72 72 47 124 53 83 77 0 99 116 139 57 106 133 91 140 141 86 83 107 106 73 129 91 133 30 95 51 99 96 89 72 142 92 146 141 62 99 0 107 170 126 118 34 69 155 161 126 25 95 59 152 130 98 112 69 39 51 55 145 44 152 159 191 124 77 148 116 107 0 71 85 22 126 160 49 57 55 119 187 159 106 23 25 210 103 139 86 154 69 84 198 169 245 117 59 197 139 170 71 0 84 53 194 211 27 18 53 177 234 216 88 51 72 260 142 197 135 209 45 49 125 85 175 39 26 127 57 126 85 84 0 66 158 141 92 90 36 120 161 152 27 88 61 187 70 137 76 145 39 37 153 147 196 105 55 149 106 118 22 53 66 0 141 163 38 44 33 125 188 165 85 23 20 212 99 145 87 160 47 118 98 176 102 180 172 87 133 34 126 194 158 141 0 88 175 183 155 55 111 72 185 149 123 124 103 58 85 72 174 127 20 114 34 144 164 14 91 69 160 211 141 163 88 0 201 206 159 44 27 21 162 182 143 50 71 30 76 17 174 75 191 176 234 129 70 187 140 155 49 27 92 38 175 201 0 9 56 163 226 203 101 26 58 250 137 183 125 198 57 79 195 175 240 127 68 192 141 161 57 18 90 44 183 206 9 0 56 169 231 209 98 35 64 255 140 189 130 204 54 37 145 120 193 74 22 145 86 126 55 53 36 33 155 159 56 56 0 128 181 166 52 53 37 207 89 148 85 159 19 93 47 122 72 133 139 37 83 25 119 177 120 125 55 44 163 169 128 0 71 40 145 142 105 92 54 20 44 35 146 152 36 120 23 158 185 39 107 95 187 234 161 188 111 27 226 231 181 71 0 40 180 207 168 26 92 56 101 40 195 132 39 133 33 159 175 30 106 59 159 216 152 165 72 21 203 209 166 40 40 0 174 182 145 54 82 20 81 7 182 75 145 86 196 31 31 148 73 152 106 88 27 85 185 162 101 98 52 145 180 174 0 104 84 206 92 161 102 167 44 58 172 170 214 127 73 168 129 130 23 51 88 23 149 182 26 35 53 142 207 182 104 0 39 231 119 162 106 177 63 19 133 134 176 99 58 129 91 98 25 72 61 20 123 143 58 64 37 105 168 145 84 39 0 192 80 125 67 140 55 176 62 143 22 183 211 63 133 112 210 260 187 212 124 50 250 255 207 92 26 54 206 231 192 0 118 73 125 57 221 62 56 75 105 79 93 57 30 69 103 142 70 99 103 71 137 140 89 54 92 82 92 119 80 118 0 69 23 75 103 113 40 128 53 148 158 29 95 39 139 197 137 145 58 30 183 189 148 20 56 20 161 162 125 73 69 0 63 16 165 51 66 98 110 95 95 62 51 51 86 135 76 87 85 76 125 130 85 44 101 81 102 106 67 125 23 63 0 74 102 125 34 127 37 152 168 24 99 55 154 209 145 160 72 17 198 204 159 35 40 7 167 177 140 57 75 16 74 0 176 56 159 124 208 73 14 160 96 145 69 45 39 47 174 174 57 54 19 146 195 182 44 63 55 221 103 165 102 176 0 
0 81 144 182 151 98 156 112 49 123 123 88 159 47 135 136 198 140 126 58 50 52 108 110 219 178 128 88 190 190 81 0 86 170 97 149 105 32 61 142 170 11 161 65 145 122 129 141 159 102 107 30 169 47 212 158 100 125 130 172 144 86 0 110 12 162 21 67 144 122 171 75 116 102 113 74 58 101 146 128 140 99 188 39 149 91 47 130 46 105 182 170 110 0 99 131 91 167 208 73 120 163 31 137 55 48 145 43 89 131 145 163 154 132 42 22 72 108 113 16 151 97 12 99 0 161 9 79 154 117 167 86 108 107 108 67 58 94 141 130 143 108 187 50 137 79 42 129 39 93 98 149 162 131 161 0 159 171 144 58 25 151 100 84 76 107 219 90 44 47 48 123 26 148 156 140 120 32 197 145 156 105 21 91 9 159 0 88 161 114 164 94 101 111 103 62 61 89 138 131 144 114 185 58 128 70 39 127 38 84 112 32 67 167 79 171 88 0 92 153 188 24 164 89 152 121 99 145 173 126 132 60 193 35 209 151 95 143 106 165 49 61 144 208 154 144 161 92 0 160 169 72 191 75 170 160 190 171 169 101 96 47 157 105 250 201 144 131 189 214 123 142 122 73 117 58 114 153 160 0 53 138 42 86 18 53 175 32 24 65 78 123 83 121 102 82 75 37 149 87 123 170 171 120 167 25 164 188 169 53 0 169 89 105 69 106 225 84 31 69 73 145 36 161 141 134 125 45 202 136 88 11 75 163 86 151 94 24 72 138 169 0 155 67 140 115 118 135 157 104 110 36 171 36 205 149 91 124 119 163 159 161 116 31 108 100 101 164 191 42 89 155 0 117 25 43 161 20 58 105 118 149 123 129 61 47 71 78 131 47 47 65 102 137 107 84 111 89 75 86 105 67 117 0 95 90 159 97 98 37 43 40 104 73 176 132 81 61 146 144 135 145 113 55 108 76 103 152 170 18 69 140 25 95 0 41 164 15 38 80 93 130 101 119 86 65 66 53 137 69 136 122 74 48 67 107 62 121 160 53 106 115 43 90 41 0 123 27 77 92 107 115 133 86 90 42 28 76 96 54 198 129 58 145 58 219 61 99 190 175 225 118 161 159 164 123 0 150 199 186 198 149 245 88 178 123 100 187 32 135 140 141 101 43 94 90 89 145 171 32 84 135 20 97 15 27 150 0 53 88 102 129 115 110 79 50 54 65 122 56 126 159 146 89 141 44 138 173 169 24 31 157 58 98 38 77 199 53 0 68 79 137 66 142 112 103 99 38 173 105 58 102 128 131 130 47 131 126 101 65 69 104 105 37 80 92 186 88 68 0 15 76 67 106 166 133 95 30 169 142 50 107 140 145 143 48 144 132 96 78 73 110 118 43 93 107 198 102 79 15 0 78 63 116 179 148 109 42 182 157 52 30 99 163 108 123 114 60 47 123 145 36 149 40 130 115 149 129 137 76 78 0 141 61 205 155 97 101 145 169 108 169 188 154 187 26 185 193 157 83 36 171 123 104 101 133 245 115 66 67 63 141 0 172 177 165 146 58 223 170 110 47 39 132 50 148 58 35 105 121 161 36 129 73 119 86 88 110 142 106 116 61 172 0 174 116 60 117 84 130 219 212 149 42 137 156 128 209 250 102 141 205 61 176 86 90 178 79 112 166 179 205 177 174 0 58 114 139 146 44 178 158 91 22 79 140 70 151 201 82 134 149 47 132 65 42 123 50 103 133 148 155 165 116 58 0 58 114 91 14 128 100 47 72 42 120 39 95 144 75 125 91 71 81 66 28 100 54 99 95 109 97 146 60 114 58 0 88 77 72 88 125 130 108 129 32 127 143 131 37 45 124 78 61 53 76 187 65 38 30 42 101 58 117 139 114 88 0 165 121 190 130 46 113 39 197 38 106 189 149 202 119 131 146 137 96 32 122 173 169 182 145 223 84 146 91 77 165 0 103 190 172 105 16 93 145 84 165 214 87 136 163 47 144 69 54 135 56 105 142 157 169 170 130 44 14 72 121 103 0 
