0 45 92 167 148 133 157 125 58 55 60 66 197 55 60 168 184 119 166 125 73 139 122 162 133 132 140 29 100 172 45 0 120 206 158 153 158 164 103 96 36 109 197 36 104 206 199 121 189 87 73 166 121 169 156 111 159 23 133 207 92 120 0 96 72 44 95 59 77 114 100 56 127 94 60 94 95 68 75 154 65 47 75 88 42 122 51 97 21 89 167 206 96 0 134 100 163 42 121 159 194 103 183 188 110 4 125 153 93 250 161 72 160 148 90 214 103 183 76 27 148 158 72 134 0 36 29 117 149 183 126 128 55 123 132 131 43 40 52 152 85 62 44 16 46 98 31 140 87 114 133 153 44 100 36 0 64 81 121 158 126 99 90 121 104 97 51 56 36 166 84 28 63 51 10 118 7 131 54 82 157 158 95 163 29 64 0 145 168 198 124 149 40 122 152 160 62 38 80 137 86 91 37 21 74 78 60 143 113 143 125 164 59 42 117 81 145 0 81 120 153 61 170 147 68 43 121 125 89 213 124 57 132 132 71 181 86 141 38 52 58 103 77 121 149 121 168 81 0 39 109 23 204 103 17 123 172 134 147 176 103 114 140 165 117 169 128 84 71 133 55 96 114 159 183 158 198 120 39 0 115 62 237 110 56 161 209 162 186 180 122 153 166 199 155 185 165 84 110 172 60 36 100 194 126 126 124 153 109 115 0 107 163 6 104 193 168 88 161 67 42 143 87 136 130 76 131 31 118 189 66 109 56 103 128 99 149 61 23 62 107 0 183 101 7 104 150 117 124 173 92 91 123 144 94 158 106 87 48 112 197 197 127 183 55 90 40 170 204 237 163 183 0 161 187 179 61 78 91 168 126 114 76 39 99 108 84 183 142 158 55 36 94 188 123 121 122 147 103 110 6 101 161 0 98 187 164 85 157 73 38 138 85 133 125 79 127 27 112 183 60 104 60 110 132 104 152 68 17 56 104 7 187 98 0 111 155 118 130 170 91 97 124 148 100 157 111 82 54 119 168 206 94 4 131 97 160 43 123 161 193 104 179 187 111 0 121 151 89 248 159 69 158 144 87 212 100 183 75 23 184 199 95 125 43 51 62 121 172 209 168 150 61 164 155 121 0 83 32 195 126 64 87 41 56 139 44 179 103 99 119 121 68 153 40 56 38 125 134 162 88 117 78 85 118 151 83 0 86 113 48 83 7 48 65 62 57 105 89 137 166 189 75 93 52 36 80 89 147 186 161 124 91 157 130 89 32 86 0 199 119 33 92 60 33 148 30 167 76 67 125 87 154 250 152 166 137 213 176 180 67 173 168 73 170 248 195 113 199 0 89 190 108 155 174 60 169 96 175 242 73 73 65 161 85 84 86 124 103 122 42 92 126 38 91 159 126 48 119 89 0 104 50 96 90 66 89 57 86 154 139 166 47 72 62 28 91 57 114 153 143 91 114 138 97 69 64 83 33 190 104 0 90 77 18 145 31 143 43 54 122 121 75 160 44 63 37 132 140 166 87 123 76 85 124 158 87 7 92 108 50 90 0 50 72 56 64 107 96 144 162 169 88 148 16 51 21 132 165 199 136 144 39 133 148 144 41 48 60 155 96 77 50 0 61 98 46 152 103 125 133 156 42 90 46 10 74 71 117 155 130 94 99 125 100 87 56 65 33 174 90 18 72 61 0 127 15 134 47 72 132 111 122 214 98 118 78 181 169 185 76 158 108 79 157 212 139 62 148 60 66 145 56 98 127 0 119 106 143 199 140 159 51 103 31 7 60 86 128 165 131 106 84 127 111 100 44 57 30 169 89 31 64 46 15 119 0 138 61 83 29 23 97 183 140 131 143 141 84 84 31 87 183 27 82 183 179 105 167 96 57 143 107 152 134 106 138 0 110 184 100 133 21 76 87 54 113 38 71 110 118 48 142 112 54 75 103 89 76 175 86 43 96 103 47 143 61 110 0 74 172 207 89 27 114 82 143 52 133 172 189 112 158 183 119 23 99 137 67 242 154 54 144 125 72 199 83 184 74 0 
0 52 85 87 88 65 88 73 108 90 52 33 78 110 18 87 68 64 6 76 49 10 78 114 93 38 51 92 109 102 52 0 63 116 118 117 103 90 134 120 92 84 43 155 70 138 119 72 47 118 38 55 61 144 140 86 98 45 125 87 85 63 0 89 93 137 65 58 189 173 89 116 24 193 98 164 147 41 85 161 99 80 124 115 176 98 103 45 185 150 87 116 89 0 5 87 28 31 183 163 39 93 106 160 81 112 104 50 92 140 134 77 163 29 143 59 51 129 191 188 88 118 93 5 0 84 33 35 182 162 38 92 110 157 80 109 101 54 93 139 135 78 164 26 140 58 50 133 190 189 65 117 137 87 84 0 106 95 110 91 53 38 138 73 47 27 18 101 71 62 109 64 132 101 57 39 37 155 124 150 88 103 65 28 33 106 0 15 194 174 53 105 84 177 89 133 122 31 93 154 129 79 158 50 160 73 69 107 197 184 73 90 58 31 35 95 15 0 179 159 42 92 75 164 74 122 111 19 78 141 114 64 143 58 147 60 58 98 182 169 108 134 189 183 182 110 194 179 0 20 144 90 175 66 105 103 93 172 106 48 98 117 93 206 66 124 134 179 23 88 90 120 173 163 162 91 174 159 20 0 124 70 160 55 85 84 74 154 88 29 86 98 88 186 51 104 114 165 35 89 52 92 89 39 38 53 53 42 144 124 0 54 96 124 42 80 69 49 57 102 100 42 129 63 107 20 16 117 152 153 33 84 116 93 92 38 105 92 90 70 54 0 111 77 18 54 35 88 37 49 71 36 94 117 60 34 45 125 98 113 78 43 24 106 110 138 84 75 175 160 96 111 0 188 94 163 144 56 77 153 81 76 102 133 171 100 108 23 168 128 110 155 193 160 157 73 177 164 66 55 124 77 188 0 95 51 56 165 112 38 128 113 138 173 17 104 109 200 88 143 18 70 98 81 80 47 89 74 105 85 42 18 94 95 0 69 50 70 24 67 65 18 92 105 78 24 37 109 110 114 87 138 164 112 109 27 133 122 103 84 80 54 163 51 69 0 19 128 91 55 124 87 144 123 39 66 64 178 119 158 68 119 147 104 101 18 122 111 93 74 69 35 144 56 50 19 0 113 72 45 105 68 126 119 39 51 53 159 109 141 64 72 41 50 54 101 31 19 172 154 49 88 56 165 70 128 113 0 67 137 99 56 128 77 148 62 64 79 172 154 6 47 85 92 93 71 93 78 106 88 57 37 77 112 24 91 72 67 0 77 43 15 72 119 95 44 57 89 105 96 76 118 161 140 139 62 154 141 48 29 102 49 153 38 67 55 45 137 77 0 90 82 101 160 26 82 89 163 64 108 49 38 99 134 135 109 129 114 98 86 100 71 81 128 65 124 105 99 43 90 0 58 29 161 115 87 100 81 88 55 10 55 80 77 78 64 79 64 117 98 42 36 76 113 18 87 68 56 15 82 58 0 87 104 96 32 44 91 118 111 78 61 124 163 164 132 158 143 93 88 129 94 102 138 92 144 126 128 72 101 29 87 0 190 127 116 129 97 77 26 114 144 115 29 26 101 50 58 206 186 63 117 133 173 105 123 119 77 119 160 161 104 190 0 158 83 72 156 215 215 93 140 176 143 140 57 160 147 66 51 107 60 171 17 78 39 39 148 95 26 115 96 127 158 0 87 92 183 86 134 38 86 98 59 58 39 73 60 124 104 20 34 100 104 24 66 51 62 44 82 87 32 116 83 87 0 13 119 132 138 51 98 103 51 50 37 69 58 134 114 16 45 108 109 37 64 53 64 57 89 100 44 129 72 92 13 0 128 143 151 92 45 45 129 133 155 107 98 179 165 117 125 23 200 109 178 159 79 89 163 81 91 97 156 183 119 128 0 168 120 109 125 185 191 190 124 197 182 23 35 152 98 168 88 110 119 109 172 105 64 88 118 77 215 86 132 143 168 0 68 102 87 150 188 189 150 184 169 88 89 153 113 128 143 114 158 141 154 96 108 55 111 26 215 134 138 151 120 68 0 
0 76 37 48 30 82 114 32 150 99 24 140 99 65 133 100 72 138 129 113 182 67 51 111 55 154 187 154 98 93 76 0 94 116 66 18 78 60 78 94 82 87 50 14 58 61 140 149 69 68 169 47 117 66 106 88 177 98 163 17 37 94 0 72 28 93 147 67 172 135 14 169 128 88 152 132 92 174 158 144 219 99 76 142 18 181 224 183 118 111 48 116 72 0 77 126 126 57 181 97 66 157 122 103 168 117 24 116 153 130 170 89 5 128 88 178 173 171 50 131 30 66 28 77 0 65 124 50 144 118 17 144 103 60 124 108 101 163 130 119 202 76 81 117 40 153 208 158 127 83 82 18 93 126 65 0 96 72 85 112 82 102 67 30 64 79 150 167 82 85 187 64 127 83 101 98 195 111 174 27 114 78 147 126 124 96 0 82 75 38 133 33 29 72 79 17 142 87 41 14 91 48 123 16 164 64 100 47 155 73 32 60 67 57 50 72 82 0 125 68 53 109 69 46 111 69 80 113 100 82 152 36 57 80 84 125 158 123 103 74 150 78 172 181 144 85 75 125 0 112 160 51 61 86 22 71 201 162 34 62 155 92 179 62 184 21 164 49 220 61 99 94 135 97 118 112 38 68 112 0 121 71 56 82 112 43 109 56 78 50 84 48 93 51 152 102 90 85 119 96 24 82 14 66 17 82 133 53 160 121 0 155 114 74 140 118 88 162 144 130 205 85 70 128 31 167 211 169 114 99 140 87 169 157 144 102 33 109 51 71 155 0 41 87 62 40 175 115 21 27 104 73 155 29 184 33 113 14 188 75 99 50 128 122 103 67 29 69 61 56 114 41 0 46 56 14 142 111 31 18 120 33 120 16 143 56 129 55 159 44 65 14 88 103 60 30 72 46 86 82 74 87 46 0 68 55 126 137 71 64 161 34 103 62 100 93 169 99 149 28 133 58 152 168 124 64 79 111 22 112 140 62 56 68 0 69 191 165 41 65 165 82 168 63 164 41 174 65 210 41 100 61 132 117 108 79 17 69 71 43 118 40 14 55 69 0 136 97 38 13 108 33 115 11 148 63 116 54 151 57 72 140 92 24 101 150 142 80 201 109 88 175 142 126 191 136 0 117 173 148 174 109 23 147 107 198 176 189 26 154 138 149 174 116 163 167 87 113 162 56 162 115 111 137 165 97 117 0 128 101 59 103 111 102 192 148 59 124 114 152 129 69 158 153 130 82 41 100 34 78 144 21 31 71 41 38 173 128 0 28 124 64 151 28 170 25 133 29 189 55 113 68 144 130 119 85 14 82 62 50 130 27 18 64 65 13 148 101 28 0 104 46 128 2 159 53 113 41 163 61 182 169 219 170 202 187 91 152 155 84 205 104 120 161 165 108 174 59 124 104 0 129 165 106 236 135 9 107 173 164 67 47 99 89 76 64 48 36 92 48 85 73 33 34 82 33 109 103 64 46 129 0 87 44 116 89 136 87 128 53 51 117 76 5 81 127 123 57 179 93 70 155 120 103 168 115 23 111 151 128 165 87 0 126 93 176 168 169 47 131 111 66 142 128 117 83 16 80 62 51 128 29 16 62 63 11 147 102 28 2 106 44 126 0 157 53 115 43 162 59 55 106 18 88 40 101 164 84 184 152 31 184 143 100 164 148 107 192 170 159 236 116 93 157 0 193 242 198 132 123 154 88 181 178 153 98 64 125 21 102 167 33 56 93 41 63 198 148 25 53 135 89 176 53 193 0 144 28 214 72 187 177 224 173 208 195 100 158 164 90 211 113 129 169 174 116 176 59 133 113 9 136 168 115 242 144 0 116 173 173 154 98 183 171 158 111 47 123 49 85 169 14 55 99 65 54 189 124 29 41 107 87 169 43 198 28 116 0 202 84 98 163 118 50 127 174 155 103 220 119 114 188 159 149 210 151 26 114 189 163 173 128 47 162 132 214 173 202 0 176 93 17 111 131 83 27 73 74 61 96 99 75 44 28 41 57 154 152 55 61 164 53 131 59 123 72 173 84 176 0 
0 74 25 85 110 70 37 84 103 113 92 111 17 27 74 47 35 95 97 104 69 61 82 62 117 61 46 118 104 110 74 0 56 18 91 51 55 97 162 86 24 180 60 62 116 27 40 57 164 151 109 78 100 121 86 71 64 93 174 169 25 56 0 71 86 70 43 98 107 114 71 124 27 7 96 33 28 70 108 101 90 42 65 87 118 39 24 94 128 114 85 18 71 0 109 43 59 89 178 70 34 194 70 77 115 38 50 73 178 169 108 96 118 125 70 89 82 109 182 185 110 91 86 109 0 138 123 177 132 177 77 166 113 83 182 96 104 36 148 107 176 53 50 172 177 50 64 11 205 137 70 51 70 43 138 0 33 46 173 44 75 180 53 77 74 43 42 106 167 171 67 109 133 90 48 104 91 141 150 180 37 55 43 59 123 33 0 55 140 76 79 147 20 50 62 31 19 97 134 140 55 85 108 67 80 82 67 128 123 147 84 97 98 89 177 46 55 0 183 52 121 180 71 104 40 81 73 148 171 188 35 140 163 67 59 137 122 181 126 190 103 162 107 178 132 173 140 183 0 216 170 39 120 101 158 140 134 147 25 30 157 91 83 130 220 98 100 143 118 7 113 86 114 70 177 44 76 52 216 0 104 221 96 121 91 86 86 143 209 215 86 153 176 116 7 147 135 179 177 223 92 24 71 34 77 75 79 121 170 104 0 193 82 75 140 49 62 41 175 154 133 80 99 143 104 73 70 76 196 176 111 180 124 194 166 180 147 180 39 221 193 0 128 118 149 156 146 176 18 69 149 120 116 119 226 127 123 177 90 39 17 60 27 70 113 53 20 71 120 96 82 128 0 33 69 33 20 92 114 120 63 69 92 64 100 66 51 120 114 127 27 62 7 77 83 77 50 104 101 121 75 118 33 0 100 40 35 70 102 94 94 36 59 89 125 34 19 91 127 108 74 116 96 115 182 74 62 40 158 91 140 149 69 100 0 93 81 159 143 170 7 135 156 30 98 134 119 189 87 165 47 27 33 38 96 43 31 81 140 86 49 156 33 40 93 0 13 67 140 134 86 67 90 94 88 61 49 100 147 147 35 40 28 50 104 42 19 73 134 86 62 146 20 35 81 13 0 78 131 129 74 68 92 81 90 64 50 109 134 141 95 57 70 73 36 106 97 148 147 143 41 176 92 70 159 67 78 0 158 126 152 56 67 156 143 49 55 36 197 153 97 164 108 178 148 167 134 171 25 209 175 18 114 102 143 140 131 158 0 54 142 102 98 113 214 109 106 159 94 27 104 151 101 169 107 171 140 188 30 215 154 69 120 94 170 134 129 126 54 0 167 74 59 145 219 81 87 118 143 32 69 109 90 108 176 67 55 35 157 86 133 149 63 94 7 86 74 152 142 167 0 130 151 32 93 128 113 182 91 163 61 78 42 96 53 109 85 140 91 153 80 120 69 36 135 67 68 56 102 74 130 0 24 122 155 7 18 63 152 97 82 100 65 118 50 133 108 163 83 176 99 116 92 59 156 90 92 67 98 59 151 24 0 140 178 29 42 61 162 88 62 121 87 125 172 90 67 67 130 116 143 119 64 89 30 94 81 156 113 145 32 122 140 0 123 123 108 180 61 137 117 86 118 70 177 48 80 59 220 7 104 226 100 125 98 88 90 143 214 219 93 155 178 123 0 149 137 179 184 227 61 71 39 89 50 104 82 137 98 147 73 127 66 34 134 61 64 49 109 81 128 7 29 123 149 0 15 59 155 104 46 64 24 82 64 91 67 122 100 135 70 123 51 19 119 49 50 55 106 87 113 18 42 108 137 15 0 72 143 106 118 93 94 109 11 141 128 181 143 179 76 177 120 91 189 100 109 36 159 118 182 63 61 180 179 59 72 0 214 148 104 174 128 182 205 150 123 126 118 177 196 90 114 127 87 147 134 197 94 143 91 152 162 61 184 155 143 214 0 121 110 169 114 185 137 180 147 190 7 223 176 39 127 108 165 147 141 153 27 32 163 97 88 137 227 104 106 148 121 0 
0 132 62 99 56 70 107 172 176 119 146 173 62 151 139 119 74 103 125 17 169 42 82 143 143 32 74 89 118 171 132 0 71 33 76 99 26 82 90 71 69 83 81 81 93 78 58 147 46 122 63 90 97 55 15 131 127 51 133 67 62 71 0 40 9 61 45 126 132 81 91 127 20 98 107 70 14 115 66 51 117 20 52 85 84 61 85 40 115 120 99 33 40 0 43 69 15 91 98 58 80 92 55 91 84 75 26 120 52 90 78 57 79 69 44 101 97 21 111 82 56 76 9 43 0 53 51 125 131 78 100 126 27 107 103 79 18 106 75 47 118 14 59 94 87 60 76 38 107 121 70 99 61 69 53 0 83 108 110 53 146 108 79 154 70 130 59 54 118 75 111 55 111 136 104 93 28 48 55 112 107 26 45 15 51 83 0 98 106 71 65 99 55 76 97 63 33 135 37 96 83 65 73 54 40 105 111 36 126 87 172 82 126 91 125 108 98 0 9 55 149 1 144 162 47 159 113 130 128 170 22 138 170 135 69 184 126 87 104 18 176 90 132 98 131 110 106 9 0 57 158 8 151 171 45 168 119 128 136 175 31 144 177 144 78 190 127 93 101 27 119 71 81 58 78 53 71 55 57 0 136 55 101 147 26 133 70 84 108 118 59 89 131 123 69 135 74 43 64 59 146 69 91 80 100 146 65 149 158 136 0 150 84 13 160 34 87 199 28 131 129 110 73 14 80 130 173 101 191 133 173 83 127 92 126 108 99 1 8 55 150 0 145 163 47 160 113 130 129 171 23 139 171 136 70 185 127 88 104 19 62 81 20 55 27 79 55 144 151 101 84 145 0 89 127 57 32 132 63 47 133 28 32 81 95 51 102 59 134 137 151 81 98 91 107 154 76 162 171 147 13 163 89 0 172 33 95 208 39 134 142 115 73 27 93 131 181 112 202 146 139 93 107 84 103 70 97 47 45 26 160 47 127 172 0 159 96 83 133 141 61 114 157 147 87 159 83 69 57 59 119 78 70 75 79 130 63 159 168 133 34 160 57 33 159 0 71 184 34 102 141 85 40 39 93 98 155 93 181 145 74 58 14 26 18 59 33 113 119 70 87 113 32 95 96 71 0 113 60 65 103 32 61 79 70 75 86 27 110 106 103 147 115 120 106 54 135 130 128 84 199 130 132 208 83 184 113 0 171 115 141 105 164 189 150 133 30 99 29 141 125 46 66 52 75 118 37 128 136 108 28 129 63 39 133 34 60 171 0 110 109 85 63 19 60 113 145 73 163 113 17 122 51 90 47 75 96 170 175 118 131 171 47 134 141 102 65 115 110 0 164 33 65 128 134 18 85 84 127 167 169 63 117 78 118 111 83 22 31 59 129 23 133 142 61 141 103 141 109 164 0 132 156 115 49 178 133 80 117 4 42 90 20 57 14 55 65 138 144 89 110 139 28 115 114 85 32 105 85 33 132 0 59 104 101 46 75 52 110 135 82 97 52 79 59 111 73 170 177 131 73 171 32 73 157 40 61 164 63 65 156 59 0 76 112 59 134 88 166 160 143 55 85 69 94 136 54 135 144 123 14 136 81 27 147 39 79 189 19 128 115 104 76 0 66 130 164 90 180 119 143 15 84 44 87 104 40 69 78 69 80 70 95 93 87 93 70 150 60 134 49 101 112 66 0 145 131 59 133 53 32 131 61 101 60 93 105 184 190 135 130 185 51 131 159 98 75 133 113 18 178 46 59 130 145 0 103 98 145 181 74 127 85 97 76 28 111 126 127 74 173 127 102 181 83 155 86 30 145 85 133 75 134 164 131 103 0 76 45 133 89 51 40 21 38 48 36 87 93 43 101 88 59 112 69 93 27 99 73 84 80 52 88 90 59 98 76 0 90 83 118 133 115 111 107 55 126 104 101 64 191 104 134 202 57 181 110 29 163 127 117 110 166 180 133 145 45 90 0 116 171 67 120 82 121 112 87 18 27 59 133 19 137 146 59 145 106 141 113 167 4 135 160 119 53 181 133 83 116 0 
0 71 66 102 73 39 171 95 200 85 27 35 63 169 59 36 168 52 45 134 80 102 125 141 98 133 89 145 151 188 71 0 76 73 60 87 115 73 129 101 70 97 111 100 69 35 103 117 76 72 68 77 57 81 88 62 33 97 118 117 66 76 0 46 118 40 123 37 184 25 39 59 48 166 114 56 134 74 106 147 126 144 106 104 32 126 109 93 91 179 102 73 46 0 131 85 77 9 149 56 80 103 94 140 134 76 91 120 132 132 139 150 75 61 25 101 105 47 50 148 73 60 118 131 0 109 174 129 162 143 92 108 135 122 21 62 155 125 39 79 8 29 108 138 141 99 44 157 178 144 39 87 40 85 109 0 161 76 211 50 17 19 26 186 97 54 167 35 84 158 116 138 133 138 72 147 114 132 131 202 171 115 123 77 174 161 0 86 104 131 153 179 171 118 184 138 38 196 190 135 181 183 70 36 99 94 134 30 55 114 95 73 37 9 129 76 86 0 157 47 72 95 85 147 131 72 100 111 128 136 137 150 82 70 18 107 106 56 56 155 200 129 184 149 162 211 104 157 0 204 196 224 230 43 181 164 67 244 195 87 165 153 78 90 174 67 120 120 155 22 85 101 25 56 143 50 131 47 204 0 58 68 45 188 137 81 147 77 128 171 151 169 126 117 32 148 134 101 89 199 27 70 39 80 92 17 153 72 196 58 0 28 43 170 82 37 156 48 71 141 100 121 119 127 71 131 97 125 128 186 35 97 59 103 108 19 179 95 224 68 28 0 32 197 94 62 184 20 78 166 115 137 147 154 91 159 121 150 150 214 63 111 48 94 135 26 171 85 230 45 43 32 0 209 122 80 182 34 108 183 142 164 152 152 75 169 139 141 133 223 169 100 166 140 122 186 118 147 43 188 170 197 209 0 142 135 81 217 158 44 124 110 65 92 165 40 83 124 159 22 59 69 114 134 21 97 184 131 181 137 82 94 122 142 0 59 170 109 19 99 23 46 123 150 140 116 61 165 183 164 36 35 56 76 62 54 138 72 164 81 37 62 80 135 59 0 132 82 56 104 70 88 89 106 81 97 60 113 126 152 168 103 134 91 155 167 38 100 67 147 156 184 182 81 170 132 0 202 179 105 162 159 47 30 116 64 113 54 88 76 52 117 74 120 125 35 196 111 244 77 48 20 34 217 109 82 202 0 92 186 131 154 167 173 105 179 141 167 164 234 45 76 106 132 39 84 190 128 195 128 71 78 108 158 19 56 179 92 0 116 42 65 132 156 135 129 75 168 182 178 134 72 147 132 79 158 135 136 87 171 141 166 183 44 99 104 105 186 116 0 80 66 67 102 154 41 45 132 165 66 80 68 126 139 8 116 181 137 165 151 100 115 142 124 23 70 162 131 42 80 0 23 115 145 149 104 49 165 186 146 102 77 144 150 29 138 183 150 153 169 121 137 164 110 46 88 159 154 65 66 23 0 114 147 164 97 49 170 195 132 125 57 106 75 108 133 70 82 78 126 119 147 152 65 123 89 47 167 132 67 115 114 0 35 100 28 66 65 98 73 141 81 104 61 138 138 36 70 90 117 127 154 152 92 150 106 30 173 156 102 145 147 35 0 86 61 98 32 67 94 98 88 32 25 141 72 99 18 174 32 71 91 75 165 140 81 116 105 135 154 149 164 100 86 0 125 121 69 59 173 133 62 126 101 99 147 94 107 67 148 131 159 169 40 116 97 64 179 129 41 104 97 28 61 125 0 55 93 126 55 89 33 109 105 44 114 134 106 120 134 97 121 139 83 61 60 113 141 75 45 49 49 66 98 121 55 0 121 147 103 145 97 93 47 157 132 30 56 120 101 125 150 141 124 165 113 54 167 168 132 165 170 65 32 69 93 121 0 35 126 151 118 91 50 178 131 55 56 155 89 128 150 133 159 183 126 88 164 182 165 186 195 98 67 59 126 147 35 0 161 188 117 179 148 144 202 114 155 22 199 186 214 223 22 164 152 76 234 178 66 146 132 73 94 173 55 103 126 161 0 
0 155 104 122 158 65 81 133 114 156 78 60 149 58 114 85 96 159 15 148 115 46 76 101 162 153 155 142 190 127 155 0 73 132 107 204 94 42 188 35 182 112 138 108 49 95 85 110 157 35 66 115 115 75 132 33 49 13 53 113 104 73 0 146 146 166 89 35 115 97 110 90 164 85 69 92 12 149 113 91 11 83 107 85 166 55 51 64 88 134 122 132 146 0 51 125 58 146 223 105 194 68 27 73 87 54 149 50 110 101 150 84 48 63 43 155 168 123 185 21 158 107 146 51 0 173 78 134 245 73 222 98 38 101 77 74 153 3 148 72 146 114 82 66 25 136 152 102 160 34 65 204 166 125 173 0 114 191 170 196 131 94 150 96 157 115 160 173 54 188 177 90 97 135 168 210 214 191 247 139 81 94 89 58 78 114 0 95 170 82 144 22 80 23 45 4 91 79 76 74 95 36 21 21 88 109 119 83 144 52 133 42 35 146 134 191 95 0 148 72 145 104 159 99 59 97 47 137 138 68 25 102 116 83 156 20 24 36 57 130 114 188 115 223 245 170 170 148 0 211 39 156 250 151 175 174 104 247 129 204 123 139 175 179 258 166 157 179 193 222 156 35 97 105 73 196 82 72 211 0 197 103 107 102 42 81 107 76 154 8 92 112 101 61 98 68 84 36 87 84 78 182 110 194 222 131 144 145 39 197 0 127 221 123 158 148 98 223 93 190 120 110 146 157 231 164 159 170 196 195 60 112 90 68 98 94 22 104 156 103 127 0 94 6 63 25 90 99 54 95 98 17 20 43 104 121 128 99 157 68 149 138 164 27 38 150 80 159 250 107 221 94 0 99 100 76 168 36 137 104 167 111 75 79 18 166 180 132 191 30 58 108 85 73 101 96 23 99 151 102 123 6 99 0 61 27 84 102 53 94 93 13 25 43 109 116 123 95 153 73 114 49 69 87 77 157 45 59 175 42 158 63 100 61 0 46 77 80 112 34 69 70 66 26 98 68 81 38 100 71 85 95 92 54 74 115 4 97 174 81 148 25 76 27 46 0 95 75 79 73 98 40 20 20 84 111 121 84 145 48 96 85 12 149 153 160 91 47 104 107 98 90 168 84 77 95 0 156 106 101 22 80 107 89 171 66 62 75 99 138 159 110 149 50 3 173 79 137 247 76 223 99 36 102 80 75 156 0 149 75 149 115 83 68 22 139 155 105 163 34 15 157 113 110 148 54 76 138 129 154 93 54 137 53 112 79 106 149 0 146 123 42 66 96 152 158 161 144 195 117 148 35 91 101 72 188 74 68 204 8 190 95 104 94 34 73 101 75 146 0 87 104 93 53 97 66 82 32 88 80 115 66 11 150 146 177 95 25 123 92 120 98 167 93 69 98 22 149 123 87 0 92 113 88 167 44 40 57 77 137 46 115 83 84 114 90 36 102 139 112 110 17 111 13 70 40 80 115 42 104 92 0 36 55 121 120 126 102 157 85 76 115 107 48 82 97 21 116 175 101 146 20 75 25 66 20 107 83 66 93 113 36 0 40 86 130 140 104 165 51 101 75 85 63 66 135 21 83 179 61 157 43 79 43 26 20 89 68 96 53 88 55 40 0 82 94 106 64 126 49 162 132 166 43 25 168 88 156 258 98 231 104 18 109 98 84 171 22 152 97 167 121 86 82 0 160 176 126 185 36 153 33 55 155 136 210 109 20 166 68 164 121 166 116 68 111 66 139 158 66 44 120 130 94 160 0 16 34 37 138 155 49 51 168 152 214 119 24 157 84 159 128 180 123 81 121 62 155 161 82 40 126 140 106 176 16 0 50 37 152 142 13 64 123 102 191 83 36 179 36 170 99 132 95 38 84 75 105 144 32 57 102 104 64 126 34 50 0 62 105 190 53 88 185 160 247 144 57 193 87 196 157 191 153 100 145 99 163 195 88 77 157 165 126 185 37 37 62 0 166 127 113 134 21 34 139 52 130 222 84 195 68 30 73 71 48 138 34 117 80 137 85 51 49 36 138 152 105 166 0 
0 37 71 152 130 108 15 117 120 124 59 117 152 156 60 60 88 82 195 101 102 162 75 56 83 116 150 108 96 176 37 0 100 148 166 145 52 136 145 136 60 154 180 191 96 42 122 111 223 120 123 187 95 89 120 121 146 99 131 186 71 100 0 128 76 92 68 55 51 73 65 82 81 96 40 93 30 11 124 43 41 91 28 19 52 82 126 104 40 122 152 148 128 0 193 220 163 93 115 67 93 209 145 200 165 107 156 128 176 92 98 139 100 141 180 46 2 50 164 75 130 166 76 193 0 62 118 101 80 127 141 35 75 29 70 167 46 70 100 101 95 90 101 78 49 147 191 177 36 161 108 145 92 220 62 0 93 140 125 162 144 28 133 89 58 162 68 94 162 132 128 148 120 81 40 174 218 192 63 206 15 52 68 163 118 93 0 118 119 129 70 103 148 146 48 75 79 79 190 103 103 159 78 50 70 124 161 121 86 181 117 136 55 93 101 140 118 0 22 26 81 123 56 107 95 112 72 48 95 16 15 56 42 74 101 51 91 92 78 67 120 145 51 115 80 125 119 22 0 48 94 105 37 85 87 125 57 40 80 31 25 42 51 69 87 73 113 113 62 82 124 136 73 67 127 162 129 26 48 0 76 147 79 133 113 105 95 68 114 30 34 75 51 91 122 28 65 73 102 52 59 60 65 93 141 144 70 81 94 76 0 142 131 160 86 31 95 72 174 65 70 135 44 66 108 61 91 51 105 126 117 154 82 209 35 28 103 123 105 147 142 0 107 61 59 164 53 81 135 118 113 122 110 76 35 163 207 186 45 187 152 180 81 145 75 133 148 56 37 79 131 107 0 67 109 162 75 70 43 67 62 15 87 98 102 106 143 148 74 92 156 191 96 200 29 89 146 107 85 133 160 61 67 0 98 189 69 88 79 112 106 81 119 102 78 158 198 193 60 159 60 96 40 165 70 58 48 95 87 113 86 59 109 98 0 106 34 47 148 83 81 122 65 24 24 119 163 134 39 162 60 42 93 107 167 162 75 112 125 105 31 164 162 189 106 0 121 102 205 96 101 166 75 90 129 85 105 57 131 152 88 122 30 156 46 68 79 72 57 95 95 53 75 69 34 121 0 28 114 65 61 88 58 33 30 110 154 134 10 138 82 111 11 128 70 94 79 48 40 68 72 81 70 88 47 102 28 0 113 38 34 80 31 29 54 82 126 107 37 115 195 223 124 176 100 162 190 95 80 114 174 135 43 79 148 205 114 113 0 109 105 39 130 140 138 142 174 186 111 110 101 120 43 92 101 132 103 16 31 30 65 118 67 112 83 96 65 38 109 0 6 70 26 61 92 46 90 83 73 79 102 123 41 98 95 128 103 15 25 34 70 113 62 106 81 101 61 34 105 6 0 66 28 59 88 52 96 89 68 81 162 187 91 139 90 148 159 56 42 75 135 122 15 81 122 166 88 80 39 70 66 0 93 109 117 103 137 147 89 80 75 95 28 100 101 120 78 42 51 51 44 110 87 119 65 75 58 31 130 26 28 93 0 41 80 54 98 76 68 103 56 89 19 141 78 81 50 74 69 91 66 76 98 102 24 90 33 29 140 61 59 109 41 0 42 95 139 112 42 140 83 120 52 180 49 40 70 101 87 122 108 35 102 78 24 129 30 54 138 92 88 117 80 42 0 134 178 154 28 168 116 121 82 46 147 174 124 51 73 28 61 163 106 158 119 85 110 82 142 46 52 103 54 95 134 0 44 45 118 67 150 146 126 2 191 218 161 91 113 65 91 207 143 198 163 105 154 126 174 90 96 137 98 139 178 44 0 48 162 74 108 99 104 50 177 192 121 92 113 73 51 186 148 193 134 57 134 107 186 83 89 147 76 112 154 45 48 0 144 107 96 131 40 164 36 63 86 78 62 102 105 45 74 60 39 131 10 37 111 73 68 89 68 42 28 118 162 144 0 144 176 186 122 75 161 206 181 67 82 52 126 187 92 159 162 152 138 115 110 79 81 80 103 140 168 67 74 107 144 0 
0 162 77 106 38 121 110 131 102 53 142 27 87 18 77 118 79 168 116 142 85 13 74 86 48 69 124 64 39 154 162 0 163 130 162 73 60 100 148 214 112 180 162 180 172 180 182 9 174 43 104 175 88 85 167 231 89 145 143 10 77 163 0 166 39 95 103 86 33 90 89 63 10 78 9 41 155 171 39 164 59 77 93 120 124 106 87 21 43 153 106 130 166 0 135 142 118 169 177 153 185 133 172 121 170 204 65 129 200 88 132 117 86 61 70 164 157 146 123 128 38 162 39 135 0 105 103 107 68 59 115 27 49 39 39 80 117 169 78 152 66 38 78 100 86 76 104 31 19 152 121 73 95 142 105 0 25 29 75 163 45 129 92 135 104 107 170 82 101 91 39 131 60 81 145 180 17 81 88 63 110 60 103 118 103 25 0 54 90 158 70 124 102 127 112 123 150 68 117 68 44 123 41 57 128 175 41 85 84 50 131 100 86 169 107 29 54 0 58 166 16 133 80 142 95 86 190 109 80 120 46 139 83 108 162 183 13 78 93 90 102 148 33 177 68 75 90 58 0 123 58 94 24 107 40 33 177 156 27 157 49 106 93 122 146 139 63 38 64 138 53 214 90 153 59 163 158 166 123 0 174 34 100 35 84 125 108 220 125 195 124 40 126 139 85 17 163 89 75 205 142 112 89 185 115 45 70 16 58 174 0 142 82 153 98 82 204 121 76 136 59 150 99 124 176 191 29 85 104 103 27 180 63 133 27 129 124 133 94 34 142 0 73 16 61 103 100 186 102 164 90 17 92 109 71 51 129 58 41 171 87 162 10 172 49 92 102 80 24 100 82 73 0 88 16 32 164 170 29 165 58 87 96 124 133 116 82 26 52 152 18 180 78 121 39 135 127 142 107 35 153 16 88 0 76 118 85 186 117 160 98 5 92 104 57 51 137 70 49 172 77 172 9 170 39 104 112 95 40 84 98 61 16 76 0 42 156 180 41 171 68 76 100 127 125 100 96 28 47 162 118 180 41 204 80 107 123 86 33 125 82 103 32 118 42 0 196 189 6 190 82 118 124 153 165 139 93 58 84 170 79 182 155 65 117 170 150 190 177 108 204 100 164 85 156 196 0 183 193 145 145 83 110 98 31 115 180 139 113 177 168 9 171 129 169 82 68 109 156 220 121 186 170 186 180 189 183 0 183 41 112 181 94 87 169 237 98 153 150 19 116 174 39 200 78 101 117 80 27 125 76 102 29 117 41 6 193 183 0 184 76 116 119 148 162 140 87 55 81 164 142 43 164 88 152 91 68 120 157 195 136 164 165 160 171 190 145 41 184 0 108 155 74 56 135 211 108 143 133 45 85 104 59 132 66 39 44 46 49 124 59 90 58 98 68 82 145 112 76 108 0 94 46 75 117 141 39 42 49 94 13 175 77 117 38 131 123 139 106 40 150 17 87 5 76 118 83 181 116 155 94 0 87 99 54 56 133 68 46 167 74 88 93 86 78 60 41 83 93 126 99 92 96 92 100 124 110 94 119 74 46 87 0 29 87 143 72 72 59 80 86 85 120 61 100 81 57 108 122 139 124 109 124 104 127 153 98 87 148 56 75 99 29 0 82 155 96 99 82 79 48 167 124 70 86 145 128 162 146 85 176 71 133 57 125 165 31 169 162 135 117 54 87 82 0 94 153 108 82 160 69 231 106 164 76 180 175 183 139 17 191 51 116 51 100 139 115 237 140 211 141 56 143 155 94 0 180 106 92 222 124 89 87 157 104 17 41 13 63 163 29 129 82 137 96 93 180 98 87 108 39 133 72 96 153 180 0 76 88 79 64 145 21 146 31 81 85 78 38 89 85 58 26 70 28 58 139 153 55 143 42 68 72 99 108 106 76 0 26 135 39 143 43 123 19 88 84 93 64 75 104 41 52 49 47 84 113 150 81 133 49 46 59 82 82 92 88 26 0 133 154 10 153 128 152 63 50 90 138 205 103 171 152 172 162 170 177 19 164 45 94 167 80 79 160 222 79 135 133 0 
0 211 147 39 82 32 52 102 98 31 27 55 109 175 135 5 88 148 131 128 198 200 181 32 67 132 126 79 75 175 211 0 117 172 162 180 190 196 160 234 185 167 107 45 81 216 168 74 80 155 50 63 30 226 144 83 86 142 148 36 147 117 0 114 146 123 102 86 157 156 126 130 100 110 93 152 157 50 78 173 74 68 93 144 94 92 66 120 72 90 39 172 114 0 60 9 44 92 76 64 13 30 72 136 96 44 69 109 92 106 159 162 142 58 28 93 87 47 42 136 82 162 146 60 0 58 104 150 16 113 61 30 57 117 82 86 11 120 89 46 166 173 134 111 58 80 93 26 87 128 32 180 123 9 58 0 48 98 74 59 5 28 77 143 103 37 67 118 100 104 168 171 150 55 36 100 95 49 51 144 52 190 102 44 104 48 0 51 120 54 48 74 104 160 122 56 113 118 114 150 165 164 160 42 58 119 104 88 42 154 102 196 86 92 150 98 51 0 166 95 98 122 134 177 145 105 161 122 132 192 160 154 168 83 95 142 120 129 67 163 98 160 157 76 16 74 120 166 0 129 77 46 61 115 83 102 11 125 93 30 169 178 135 127 72 82 98 38 101 129 31 234 156 64 113 59 54 95 129 0 54 85 136 200 160 27 119 166 155 159 216 216 204 12 91 157 148 108 90 198 27 185 126 13 61 5 48 98 77 54 0 32 82 148 108 32 70 122 105 107 172 175 155 51 41 105 100 54 54 149 55 167 130 30 30 28 74 122 46 85 32 0 60 126 87 60 39 113 88 76 163 167 138 83 36 84 88 25 63 132 109 107 100 72 57 77 104 134 61 136 82 60 0 66 27 114 66 64 32 73 109 117 78 130 46 24 37 35 67 72 175 45 110 136 117 143 160 177 115 200 148 126 66 0 40 180 123 60 46 111 70 83 27 193 109 43 57 101 118 25 135 81 93 96 82 103 122 145 83 160 108 87 27 40 0 140 90 48 15 88 86 95 52 153 69 3 28 62 82 46 5 216 152 44 86 37 56 105 102 27 32 60 114 180 140 0 92 153 136 132 203 205 186 30 72 137 131 84 80 180 88 168 157 69 11 67 113 161 11 119 70 39 66 123 90 92 0 130 98 40 175 183 142 119 69 89 103 37 98 136 148 74 50 109 120 118 118 122 125 166 122 113 64 60 48 153 130 0 34 135 50 54 46 156 82 47 27 94 77 42 131 80 78 92 89 100 114 132 93 155 105 88 32 46 15 136 98 34 0 101 77 85 50 147 64 14 13 66 72 44 128 155 173 106 46 104 150 192 30 159 107 76 73 111 88 132 40 135 101 0 173 183 135 157 97 88 110 63 126 130 198 50 74 159 166 168 165 160 169 216 172 163 109 70 86 203 175 50 77 173 0 14 43 205 132 87 75 142 126 46 200 63 68 162 173 171 164 154 178 216 175 167 117 83 95 205 183 54 85 183 14 0 56 205 136 96 81 148 126 59 181 30 93 142 134 150 160 168 135 204 155 138 78 27 52 186 142 46 50 135 43 56 0 196 114 54 56 113 118 6 32 226 144 58 111 55 42 83 127 12 51 83 130 193 153 30 119 156 147 157 205 205 196 0 84 150 140 104 79 190 67 144 94 28 58 36 58 95 72 91 41 36 46 109 69 72 69 82 64 97 132 136 114 84 0 66 59 34 29 108 132 83 92 93 80 100 119 142 82 157 105 84 24 43 3 137 89 47 14 88 87 96 54 150 66 0 26 59 79 48 126 86 66 87 93 95 104 120 98 148 100 88 37 57 28 131 103 27 13 110 75 81 56 140 59 26 0 67 62 50 79 142 120 47 26 49 88 129 38 108 54 25 35 101 62 84 37 94 66 63 142 148 113 104 34 59 67 0 63 107 75 148 72 42 87 51 42 67 101 90 54 63 67 118 82 80 98 77 72 126 126 126 118 79 29 79 62 63 0 112 175 36 90 136 128 144 154 163 129 198 149 132 72 25 46 180 136 42 44 130 46 59 6 190 108 48 50 107 112 0 
0 132 163 144 60 118 39 65 29 82 203 90 200 81 229 97 124 130 127 144 226 108 172 62 109 197 215 52 65 173 132 0 50 59 72 74 129 67 110 64 119 56 105 68 113 52 13 46 139 33 109 34 87 94 48 87 105 80 76 120 163 50 0 29 110 124 148 102 147 110 70 73 55 114 67 67 47 34 127 77 64 56 130 110 55 38 56 116 98 84 144 59 29 0 98 130 126 89 133 106 64 54 56 110 87 47 49 16 98 91 84 45 146 88 35 55 72 102 79 61 60 72 110 98 0 69 68 10 38 28 161 46 154 30 177 52 65 82 122 84 174 54 119 49 63 147 165 9 31 142 118 74 124 130 69 0 136 75 89 41 193 98 179 39 184 100 81 114 187 54 180 89 55 117 105 161 178 76 98 188 39 129 148 126 68 136 0 66 57 96 176 76 178 97 213 83 117 114 88 149 210 98 187 38 94 181 198 60 53 142 65 67 102 89 10 75 66 0 45 34 152 36 145 37 169 42 59 73 114 83 166 46 122 42 54 139 157 14 23 132 29 110 147 133 38 89 57 45 0 54 195 79 189 53 214 86 103 118 136 118 211 91 143 63 98 184 202 31 56 170 82 64 110 106 28 41 96 34 54 0 170 63 162 4 177 67 63 90 148 64 173 61 91 76 76 148 166 36 57 159 203 119 70 64 161 193 176 152 195 170 0 116 20 174 65 110 112 80 116 147 66 109 200 141 98 49 49 164 139 44 90 56 73 54 46 98 76 36 79 63 116 0 110 67 139 7 43 40 90 84 136 22 133 39 19 107 125 48 25 97 200 105 55 56 154 179 178 145 189 162 20 110 0 166 47 103 100 72 127 132 47 101 183 141 91 29 30 158 135 59 81 68 114 110 30 39 97 37 53 4 174 67 166 0 181 71 67 94 151 67 177 65 91 79 80 152 170 37 60 163 229 113 67 87 177 184 213 169 214 177 65 139 47 181 0 132 114 99 173 131 5 123 174 175 120 32 17 183 164 106 97 52 67 47 52 100 83 42 86 67 110 7 103 71 132 0 39 33 90 82 129 18 133 45 12 100 118 55 32 92 124 13 47 49 65 81 117 59 103 63 112 43 100 67 114 39 0 35 126 46 110 21 100 82 35 85 103 73 64 109 130 46 34 16 82 114 114 73 118 90 80 40 72 94 99 33 35 0 100 79 96 29 133 76 21 67 85 87 65 74 127 139 127 98 122 187 88 114 136 148 116 90 127 151 173 90 126 100 0 171 172 107 223 75 91 144 156 119 91 72 144 33 77 91 84 54 149 83 118 64 147 84 132 67 131 82 46 79 171 0 126 65 55 118 80 110 126 93 98 152 226 109 64 84 174 180 210 166 211 173 66 136 47 177 5 129 110 96 172 126 0 120 169 172 117 30 17 180 161 106 108 34 56 45 54 89 98 46 91 61 109 22 101 65 123 18 21 29 107 65 120 0 117 61 17 93 111 60 45 99 172 87 130 146 119 55 187 122 143 91 200 133 183 91 174 133 100 133 223 55 169 117 0 162 134 159 173 127 142 207 62 94 110 88 49 117 38 42 63 76 141 39 141 79 175 45 82 76 75 118 172 61 162 0 56 143 160 44 20 111 109 48 55 35 63 105 94 54 98 76 98 19 91 80 120 12 35 21 91 80 117 17 134 56 0 88 106 67 44 83 197 87 38 55 147 161 181 139 184 148 49 107 29 152 32 100 85 67 144 110 30 93 159 143 88 0 18 153 132 82 215 105 56 72 165 178 198 157 202 166 49 125 30 170 17 118 103 85 156 126 17 111 173 160 106 18 0 171 150 89 52 80 116 102 9 76 60 14 31 36 164 48 158 37 183 55 73 87 119 93 180 60 127 44 67 153 171 0 30 144 65 76 98 79 31 98 53 23 56 57 139 25 135 60 164 32 64 65 91 98 161 45 142 20 44 132 150 30 0 114 173 120 84 61 142 188 142 132 170 159 44 97 59 163 106 92 109 74 72 152 106 99 207 111 83 82 89 144 114 0 
0 141 62 75 69 169 163 193 181 78 90 135 35 118 121 160 54 148 125 25 223 69 158 120 65 114 172 151 137 80 141 0 127 110 126 69 48 52 80 91 109 129 124 113 20 59 108 50 78 129 82 85 130 50 120 75 80 31 64 66 62 127 0 115 7 179 164 176 137 108 128 174 84 59 111 168 23 155 147 38 199 94 192 130 7 69 186 148 152 63 75 110 115 0 120 107 109 156 177 19 15 61 40 151 91 100 94 91 58 85 189 29 83 66 112 127 108 102 75 82 69 126 7 120 0 180 164 175 133 111 133 178 91 52 111 169 26 156 150 45 198 97 195 132 8 65 188 148 154 63 169 69 179 107 180 0 23 76 146 94 97 90 140 178 73 11 156 24 50 167 107 100 78 50 172 141 12 38 32 117 163 48 164 109 164 23 0 56 123 93 102 105 136 159 55 16 143 18 56 157 89 95 96 44 157 121 35 17 37 101 193 52 176 156 175 76 56 0 85 137 151 161 175 151 72 72 159 73 111 181 33 135 152 90 169 115 88 54 92 117 181 80 137 177 133 146 123 85 0 159 180 208 178 89 91 137 130 130 157 160 87 149 210 129 130 68 158 109 144 103 78 91 108 19 111 94 93 137 159 0 23 67 46 137 72 87 85 76 47 83 170 14 84 49 103 112 96 85 62 67 90 109 128 15 133 97 102 151 180 23 0 46 55 160 91 91 107 84 47 99 184 37 68 61 125 135 96 97 66 90 135 129 174 61 178 90 105 161 208 67 46 0 100 203 117 90 152 88 52 145 194 81 25 79 170 174 83 107 69 131 35 124 84 40 91 140 136 175 178 46 55 100 0 131 104 132 67 120 93 49 206 41 123 92 84 117 142 127 108 75 118 113 59 151 52 178 159 151 89 137 160 203 131 0 105 167 65 155 162 93 167 123 215 138 54 38 187 142 160 72 121 20 111 91 111 73 55 72 91 72 91 117 104 105 0 62 90 50 67 110 102 65 121 39 104 68 82 38 57 48 160 59 168 100 169 11 16 72 137 87 91 90 132 167 62 0 145 13 44 157 104 91 80 40 161 130 21 28 25 106 54 108 23 94 26 156 143 159 130 85 107 152 67 65 90 145 0 132 124 30 185 71 169 107 18 62 163 127 129 42 148 50 155 91 156 24 18 73 130 76 84 88 120 155 50 13 132 0 38 144 106 79 82 28 148 118 32 21 19 93 125 78 147 58 150 50 56 111 157 47 47 52 93 162 67 44 124 38 0 127 144 56 54 28 142 129 50 57 19 91 25 129 38 85 45 167 157 181 160 83 99 145 49 93 110 157 30 144 127 0 209 71 166 117 40 92 172 143 137 64 223 82 199 189 198 107 89 33 87 170 184 194 206 167 102 104 185 106 144 209 0 167 184 123 192 134 117 87 125 145 69 85 94 29 97 100 95 135 149 14 37 81 41 123 65 91 71 79 56 71 167 0 98 51 89 98 103 86 68 53 158 130 192 83 195 78 96 152 210 84 68 25 123 215 121 80 169 82 54 166 184 98 0 82 187 183 69 103 66 143 120 50 130 66 132 50 44 90 129 49 61 79 92 138 39 40 107 28 28 117 123 51 82 0 124 103 56 36 22 70 65 120 7 112 8 172 157 169 130 103 125 170 84 54 104 161 18 148 142 40 192 89 187 124 0 62 180 141 146 56 114 75 69 127 65 141 121 115 68 112 135 174 117 38 68 130 62 118 129 92 134 98 183 103 62 0 150 104 124 45 172 80 186 108 188 12 35 88 158 96 96 83 142 187 82 21 163 32 50 172 117 103 69 56 180 150 0 49 35 125 151 31 148 102 148 38 17 54 109 85 97 107 127 142 38 28 127 21 57 143 87 86 103 36 141 104 49 0 38 85 137 64 152 75 154 32 37 92 144 62 66 69 108 160 57 25 129 19 19 137 125 68 66 22 146 124 35 38 0 92 80 66 63 82 63 117 101 117 103 67 90 131 75 72 48 106 42 93 91 64 145 53 143 70 56 45 125 85 92 0 
