0 73 88 17 38 98 73 40 85 81 45 102 74 59 135 47 156 153 32 53 127 60 96 108 136 81 151 93 139 85 73 0 134 89 62 80 140 55 119 86 114 77 125 39 68 99 134 104 54 125 121 118 92 36 81 103 92 76 102 70 88 134 0 90 126 185 52 79 21 169 58 98 16 96 167 41 123 154 118 96 87 31 73 158 150 41 166 88 130 85 17 89 90 0 45 104 64 56 90 83 37 117 74 76 152 51 170 170 43 36 140 59 109 125 153 91 168 108 155 100 38 62 126 45 0 60 109 62 121 43 81 118 112 70 130 85 176 162 11 75 152 98 121 98 140 114 153 112 153 104 98 80 185 104 60 0 168 113 178 27 141 156 171 111 138 144 214 183 67 129 197 158 167 102 158 167 166 153 182 146 73 140 52 64 109 168 0 89 67 147 28 132 38 112 191 47 170 190 105 53 134 30 113 172 182 82 198 122 170 117 40 55 79 56 62 113 89 0 66 104 65 62 70 23 102 44 117 114 51 90 90 63 59 84 99 54 114 53 99 45 85 119 21 90 121 178 67 66 0 164 67 77 29 81 146 39 103 133 112 105 67 41 52 141 129 20 145 67 109 64 81 86 169 83 43 27 147 104 164 0 120 156 155 108 151 128 214 190 53 104 193 141 162 115 167 157 177 151 187 143 45 114 58 37 81 141 28 65 67 120 0 117 42 88 167 32 162 174 77 38 128 27 102 147 163 75 179 107 155 100 102 77 98 117 118 156 132 62 77 156 117 0 100 48 73 86 58 58 107 148 45 103 27 79 53 57 69 10 38 17 74 125 16 74 112 171 38 70 29 155 42 100 0 90 165 28 132 158 104 80 96 15 77 152 151 45 167 90 134 85 59 39 96 76 70 111 112 23 81 108 88 48 90 0 79 66 106 94 59 111 86 85 56 62 77 64 92 43 83 35 135 68 167 152 130 138 191 102 146 151 167 73 165 79 0 144 106 53 122 188 114 163 100 36 30 126 29 81 68 82 47 99 41 51 85 144 47 44 39 128 32 86 28 66 144 0 130 144 77 69 96 19 70 128 135 43 151 76 124 70 156 134 123 170 176 214 170 117 103 214 162 58 132 106 106 130 0 59 165 198 36 140 61 127 76 88 85 64 38 72 153 104 154 170 162 183 190 114 133 190 174 58 158 94 53 144 59 0 151 204 79 161 81 83 25 113 27 68 26 74 32 54 118 43 11 67 105 51 112 53 77 107 104 59 122 77 165 151 0 76 141 92 110 90 130 104 143 101 142 93 53 125 96 36 75 129 53 90 105 104 38 148 80 111 188 69 198 204 76 0 165 65 137 161 188 112 203 139 186 131 127 121 87 140 152 197 134 90 67 193 128 45 96 86 114 96 36 79 141 165 0 105 31 124 88 53 101 45 53 51 60 118 31 59 98 158 30 63 41 141 27 103 15 85 163 19 140 161 92 65 105 0 83 147 153 52 169 93 140 87 96 92 73 109 121 167 113 59 52 162 102 27 77 56 100 70 61 81 110 137 31 83 0 102 80 32 95 20 57 22 108 36 158 125 98 102 172 84 141 115 147 79 152 62 36 128 127 83 90 161 124 147 102 0 58 122 64 82 90 80 136 81 150 153 140 158 182 99 129 167 163 53 151 77 30 135 76 25 130 188 88 153 80 58 0 109 16 62 38 66 81 103 41 91 114 167 82 54 20 157 75 57 45 64 126 43 88 113 104 112 53 52 32 122 109 0 125 47 89 44 151 92 166 168 153 166 198 114 145 177 179 69 167 92 29 151 85 27 143 203 101 169 95 64 16 125 0 78 49 82 93 76 88 108 112 153 122 53 67 151 107 10 90 43 81 76 64 68 101 139 45 93 20 82 62 47 78 0 48 8 139 102 130 155 153 182 170 99 109 187 155 38 134 83 68 124 38 26 142 186 53 140 57 90 38 89 49 48 0 55 85 70 85 100 104 146 117 45 64 143 100 17 85 35 82 70 72 74 93 131 51 87 22 80 66 44 82 8 55 0 
0 170 97 46 104 55 43 145 242 196 143 144 100 89 156 183 129 88 87 109 98 136 174 73 85 93 169 189 109 226 170 0 74 142 109 184 153 173 112 108 187 63 156 155 125 196 140 83 85 63 133 71 25 106 132 109 166 47 65 126 97 74 0 75 71 118 86 143 164 132 152 58 109 104 118 177 112 9 20 20 90 68 78 44 82 64 151 101 16 160 46 142 75 0 58 43 11 102 201 151 103 132 57 47 110 140 83 69 58 79 52 95 152 36 39 48 124 151 91 181 104 109 71 58 0 87 65 72 145 93 83 126 47 48 55 106 41 72 52 59 24 44 126 39 26 11 80 102 86 123 55 184 118 43 87 0 32 100 231 177 94 175 59 49 129 136 95 112 101 122 70 130 195 78 61 81 129 188 134 206 43 153 86 11 65 32 0 102 209 158 101 143 57 46 116 140 86 80 69 90 56 105 163 47 44 56 126 161 102 188 145 173 143 102 72 100 102 0 168 109 17 198 45 56 58 38 33 144 124 131 55 102 194 105 66 80 31 152 158 131 242 112 164 201 145 231 209 168 0 59 185 175 180 186 111 169 146 172 162 144 162 106 134 169 170 153 142 66 165 42 196 108 132 151 93 177 158 109 59 0 126 162 123 130 52 113 88 139 123 112 107 65 133 125 116 103 85 65 139 30 143 187 152 103 83 94 101 17 185 126 0 209 46 56 75 42 47 152 132 142 62 116 208 112 72 88 46 168 167 148 144 63 58 132 126 175 143 198 175 162 209 0 167 162 163 230 166 63 78 67 147 107 46 102 140 121 201 109 42 185 100 156 109 57 47 59 57 45 180 123 46 167 0 11 72 83 36 108 89 103 23 90 173 67 27 48 70 147 125 151 89 155 104 47 48 49 46 56 186 130 56 162 11 0 80 94 46 102 84 99 25 91 171 61 23 46 81 149 120 158 156 125 118 110 55 129 116 58 111 52 75 163 72 80 0 71 36 122 102 100 60 57 148 94 72 66 41 96 129 79 183 196 177 140 106 136 140 38 169 113 42 230 83 94 71 0 65 178 158 163 92 126 219 141 104 114 30 167 192 128 129 140 112 83 41 95 86 33 146 88 47 166 36 46 36 65 0 113 93 99 31 69 161 77 44 50 41 122 127 115 88 83 9 69 72 112 80 144 172 139 152 63 108 102 122 178 113 0 20 28 90 74 86 41 81 64 152 110 22 168 87 85 20 58 52 101 69 124 162 123 132 78 89 84 102 158 93 20 0 22 70 58 94 24 62 44 132 103 36 152 109 63 20 79 59 122 90 131 144 112 142 67 103 99 100 163 99 28 22 0 81 48 73 44 76 55 135 82 29 140 98 133 90 52 24 70 56 55 162 107 62 147 23 25 60 92 31 90 70 81 0 67 150 50 13 26 72 125 105 136 136 71 68 95 44 130 105 102 106 65 116 107 90 91 57 126 69 74 58 48 67 0 93 63 70 49 96 58 76 94 174 25 78 152 126 195 163 194 134 133 208 46 173 171 148 219 161 86 94 73 150 93 0 117 148 125 189 71 65 150 73 106 44 36 39 78 47 105 169 125 112 102 67 61 94 141 77 41 24 44 50 63 117 0 40 28 118 117 60 155 85 132 82 39 26 61 44 66 170 116 72 140 27 23 72 104 44 81 62 76 13 70 148 40 0 23 85 128 98 146 93 109 64 48 11 81 56 80 153 103 88 121 48 46 66 114 50 64 44 55 26 49 125 28 23 0 90 107 79 133 169 166 151 124 80 129 126 31 142 85 46 201 70 81 41 30 41 152 132 135 72 96 189 118 85 90 0 137 164 103 189 47 101 151 102 188 161 152 66 65 168 109 147 149 96 167 122 110 103 82 125 58 71 117 128 107 137 0 99 79 109 65 16 91 86 134 102 158 165 139 167 42 125 120 129 192 127 22 36 29 105 76 65 60 98 79 164 99 0 165 226 126 160 181 123 206 188 131 42 30 148 185 151 158 79 128 115 168 152 140 136 94 150 155 146 133 103 79 165 0 
0 111 89 136 80 61 157 48 42 63 135 45 48 77 147 107 134 176 102 27 109 119 97 94 180 108 27 94 118 130 111 0 85 90 77 135 65 69 115 154 68 116 139 139 76 144 25 144 91 84 42 47 72 85 128 54 116 18 94 71 89 85 0 163 122 144 150 51 122 152 146 58 136 157 157 180 108 216 145 76 115 125 130 136 205 39 112 70 156 146 136 90 163 0 57 117 55 123 109 142 25 167 132 108 28 93 85 55 41 116 49 43 39 45 44 141 121 96 25 19 80 77 122 57 0 66 90 74 55 90 61 113 78 65 73 67 89 98 24 61 46 53 19 15 100 114 65 71 38 54 61 135 144 117 66 0 156 94 22 25 126 106 19 17 137 50 152 138 76 68 112 119 84 72 151 153 34 123 92 118 157 65 150 55 90 156 0 125 144 180 33 173 168 152 27 143 46 101 86 131 48 38 72 85 76 119 151 80 75 41 48 69 51 123 74 94 125 0 72 105 112 48 89 107 123 129 94 171 98 26 81 91 86 89 167 60 64 51 111 110 42 115 122 109 55 22 144 72 0 39 116 87 24 36 128 65 134 140 70 46 97 106 74 64 148 131 15 102 86 109 63 154 152 142 90 25 180 105 39 0 150 106 16 37 162 69 173 161 101 79 135 143 108 97 176 165 41 141 117 143 135 68 146 25 61 126 33 112 116 150 0 160 139 121 12 110 61 78 53 111 31 22 42 54 60 122 125 77 42 8 45 116 58 167 113 106 173 48 87 106 160 0 93 122 171 152 141 211 137 52 129 139 128 128 211 91 72 98 151 156 48 139 136 132 78 19 168 89 24 16 139 93 0 36 151 69 158 157 91 63 121 130 97 87 169 149 25 125 107 132 77 139 157 108 65 17 152 107 36 37 121 122 36 0 131 33 154 124 68 81 111 118 80 67 140 163 50 129 83 113 147 76 157 28 73 137 27 123 128 162 12 171 151 131 0 119 64 75 63 123 42 32 54 65 53 130 137 87 51 19 107 144 180 93 67 50 143 129 65 69 110 152 69 33 119 0 154 96 58 105 110 114 76 62 116 179 80 138 68 102 134 25 108 85 89 152 46 94 134 173 61 141 158 154 64 154 0 139 97 107 44 44 78 92 117 73 137 43 96 66 176 144 216 55 98 138 101 171 140 161 78 211 157 124 75 96 139 0 74 159 104 97 86 83 31 196 155 150 60 73 102 91 145 41 24 76 86 98 70 101 53 137 91 68 63 58 97 74 0 85 53 56 19 9 78 135 83 90 16 45 27 84 76 116 61 68 131 26 46 79 111 52 63 81 123 105 107 159 85 0 83 93 77 76 160 86 38 67 99 107 109 42 115 49 46 112 48 81 97 135 31 129 121 111 42 110 44 104 53 83 0 10 34 48 90 92 103 47 52 31 119 47 125 43 53 119 38 91 106 143 22 139 130 118 32 114 44 97 56 93 10 0 38 52 82 100 113 55 52 24 97 72 130 39 19 84 72 86 74 108 42 128 97 80 54 76 78 86 19 77 34 38 0 14 83 116 84 71 26 35 94 85 136 45 15 72 85 89 64 97 54 128 87 67 65 62 92 83 9 76 48 52 14 0 86 126 76 81 24 46 180 128 205 44 100 151 76 167 148 176 60 211 169 140 53 116 117 31 78 160 90 82 83 86 0 182 161 137 62 59 108 54 39 141 114 153 119 60 131 165 122 91 149 163 130 179 73 196 135 86 92 100 116 126 182 0 124 46 141 123 27 116 112 121 65 34 151 64 15 41 125 72 25 50 137 80 137 155 83 38 103 113 84 76 161 124 0 101 99 118 94 18 70 96 71 123 80 51 102 141 77 98 125 129 87 138 43 150 90 67 47 55 71 81 137 46 101 0 95 78 118 94 156 25 38 92 75 111 86 117 42 151 107 83 51 68 96 60 16 99 52 52 26 24 62 141 99 95 0 34 130 71 146 19 54 118 41 110 109 143 8 156 132 113 19 102 66 73 45 107 31 24 35 46 59 123 118 78 34 0 
0 92 3 97 73 66 78 97 116 104 87 73 112 81 65 95 70 105 95 116 93 86 71 80 104 79 71 120 83 72 92 0 95 47 162 103 50 185 83 169 167 68 94 172 108 183 51 66 181 192 170 164 140 172 172 161 27 180 169 71 3 95 0 99 71 69 80 94 117 104 84 76 115 78 67 92 73 107 92 115 90 83 68 77 101 76 73 120 82 75 97 47 99 0 170 134 20 175 36 193 149 107 139 167 137 172 90 19 167 211 150 145 120 172 147 146 35 207 180 109 73 162 71 170 0 88 151 71 186 64 90 120 147 48 81 71 126 177 80 55 98 92 97 29 116 80 144 80 15 117 66 103 69 134 88 0 121 146 163 68 148 39 59 124 7 145 53 149 150 95 155 148 136 112 168 138 99 78 86 35 78 50 80 20 151 121 0 155 42 177 130 98 134 147 123 152 82 28 147 193 131 126 101 152 129 126 28 192 161 100 97 185 94 175 71 146 155 0 176 135 34 168 203 23 141 3 167 174 13 123 39 38 58 42 58 30 160 150 84 165 116 83 117 36 186 163 42 176 0 218 146 140 174 174 165 173 123 17 167 232 146 142 118 182 138 146 68 234 199 142 104 169 104 193 64 68 177 135 218 0 153 106 117 112 61 135 120 205 144 31 161 155 154 93 179 143 160 17 51 102 87 167 84 149 90 148 130 34 146 153 0 160 199 46 144 31 157 146 21 145 8 4 29 65 27 10 140 170 105 159 73 68 76 107 120 39 98 168 140 106 160 0 39 148 45 166 17 124 168 133 166 159 144 140 177 152 72 116 121 4 112 94 115 139 147 59 134 203 174 117 199 39 0 182 66 201 52 157 205 147 205 198 182 171 215 191 106 120 145 40 81 172 78 167 48 124 147 23 174 112 46 148 182 0 118 23 149 169 33 101 54 50 63 20 73 38 149 128 62 145 65 108 67 137 81 7 123 141 165 61 144 45 66 118 0 140 59 151 145 88 151 144 133 106 164 134 102 72 79 41 95 183 92 172 71 145 152 3 173 135 31 166 201 23 140 0 165 171 11 124 36 35 55 43 55 27 158 151 85 163 70 51 73 90 126 53 82 167 123 120 157 17 52 149 59 165 0 107 165 146 163 156 137 143 170 149 55 131 130 20 105 66 107 19 177 149 28 174 17 205 146 124 157 169 151 171 107 0 165 221 146 142 117 176 140 144 52 220 188 126 95 181 92 167 80 150 147 13 167 144 21 168 205 33 145 11 165 165 0 134 26 25 49 53 45 21 155 160 95 166 116 192 115 211 55 95 193 123 232 31 145 133 147 101 88 124 146 221 134 0 153 147 152 81 171 135 179 37 40 129 93 170 90 150 98 155 131 39 146 161 8 166 205 54 151 36 163 146 26 153 0 7 30 73 19 18 143 178 113 165 86 164 83 145 92 148 126 38 142 155 4 159 198 50 144 35 156 142 25 147 7 0 25 68 24 12 137 172 107 158 71 140 68 120 97 136 101 58 118 154 29 144 182 63 133 55 137 117 49 152 30 25 0 79 33 28 114 171 112 142 80 172 77 172 29 112 152 42 182 93 65 140 171 20 106 43 143 176 53 81 73 68 79 0 92 57 150 108 42 136 104 172 101 147 116 168 129 58 138 179 27 177 215 73 164 55 170 140 45 171 19 24 33 92 0 36 145 196 131 175 79 161 76 146 80 138 126 30 146 143 10 152 191 38 134 27 149 144 21 135 18 12 28 57 36 0 135 160 95 151 71 27 73 35 144 99 28 160 68 160 140 72 106 149 102 158 55 52 155 179 143 137 114 150 145 135 0 174 152 74 120 180 120 207 80 78 192 150 234 17 170 116 120 128 72 151 131 220 160 37 178 172 171 108 196 160 174 0 66 112 83 169 82 180 15 86 161 84 199 51 105 121 145 62 79 85 130 188 95 40 113 107 112 42 131 95 152 66 0 118 72 71 75 109 117 35 100 165 142 102 159 4 40 145 41 163 20 126 166 129 165 158 142 136 175 151 74 112 118 0 
0 185 181 124 152 159 144 14 116 156 69 66 40 91 84 200 114 143 74 147 110 135 125 42 114 72 150 82 137 96 185 0 10 62 151 119 41 186 107 67 144 178 174 94 101 20 128 106 141 38 76 98 111 144 71 188 149 163 60 143 181 10 0 57 156 125 39 181 110 73 143 171 171 91 98 19 131 111 134 35 71 102 102 141 68 187 154 164 52 135 124 62 57 0 134 112 26 124 78 69 95 118 119 34 44 76 98 93 81 26 14 81 65 85 22 139 132 119 21 87 152 151 156 134 0 34 125 164 57 84 84 198 113 119 111 171 42 45 175 131 134 55 192 122 113 95 2 72 155 195 159 119 125 112 34 0 98 169 46 52 90 195 125 104 99 138 45 19 165 104 114 31 173 123 91 114 33 88 131 182 144 41 39 26 125 98 0 146 73 49 104 144 133 53 60 58 94 81 107 6 40 70 88 103 30 148 123 125 36 113 14 186 181 124 164 169 146 0 125 162 80 53 54 93 88 200 125 152 65 149 110 143 118 48 118 86 162 95 135 86 116 107 110 78 57 46 73 125 0 49 50 149 85 63 55 127 21 27 121 79 77 19 135 78 56 86 55 59 99 139 156 67 73 69 84 52 49 162 49 0 97 173 132 77 77 87 66 39 140 54 77 33 134 114 55 135 82 108 85 152 69 144 143 95 84 90 104 80 50 97 0 116 35 63 52 162 45 76 99 109 85 69 131 40 76 44 82 26 114 122 66 178 171 118 198 195 144 53 149 173 116 0 102 96 97 188 157 176 37 144 104 165 83 76 120 135 196 138 119 45 40 174 171 119 113 125 133 54 85 132 35 102 0 85 75 190 80 111 96 136 107 104 139 38 103 34 112 42 136 120 91 94 91 34 119 104 53 93 63 77 63 96 85 0 11 110 79 85 63 56 22 73 73 51 25 107 117 89 51 78 84 101 98 44 111 99 60 88 55 77 52 97 75 11 0 117 70 80 66 63 33 68 82 43 30 96 109 78 62 84 200 20 19 76 171 138 58 200 127 87 162 188 190 110 117 0 148 126 151 54 90 118 116 160 87 206 169 183 69 150 114 128 131 98 42 45 94 125 21 66 45 157 80 79 70 148 0 34 133 100 96 33 152 81 76 72 40 45 119 153 143 106 111 93 45 19 81 152 27 39 76 176 111 85 80 126 34 0 146 87 95 12 154 105 72 106 43 79 112 163 74 141 134 81 175 165 107 65 121 140 99 37 96 63 66 151 133 146 0 107 67 134 53 61 85 129 173 124 82 24 147 38 35 26 131 104 6 149 79 54 109 144 136 56 63 54 100 87 107 0 40 76 85 106 33 153 129 130 33 111 110 76 71 14 134 114 40 110 77 77 85 104 107 22 33 90 96 95 67 40 0 83 59 72 23 129 132 111 29 75 135 98 102 81 55 31 70 143 19 33 69 165 104 73 68 118 33 12 134 76 83 0 142 96 60 103 53 76 100 151 125 111 102 65 192 173 88 118 135 134 131 83 139 73 82 116 152 154 53 85 59 142 0 101 82 170 190 157 53 38 42 144 141 85 122 123 103 48 78 114 40 76 38 51 43 160 81 105 61 106 72 96 101 0 73 69 120 63 100 84 114 71 68 22 113 91 30 118 56 55 76 120 103 25 30 87 76 72 85 33 23 60 82 73 0 120 111 99 43 97 72 188 187 139 95 114 148 86 86 135 44 135 34 107 96 206 72 106 129 153 129 103 170 69 120 0 94 27 158 153 150 149 154 132 2 33 123 162 55 82 82 196 112 117 109 169 40 43 173 129 132 53 190 120 111 94 0 71 153 193 82 163 164 119 72 88 125 95 59 108 26 138 42 89 78 183 45 79 124 130 111 76 157 63 99 27 71 0 139 147 137 60 52 21 155 131 36 135 99 85 114 119 136 51 62 69 119 112 82 33 29 100 53 100 43 158 153 139 0 83 96 143 135 87 195 182 113 86 139 152 122 45 120 78 84 150 153 163 24 111 75 151 38 84 97 153 193 147 83 0 
0 206 126 105 125 121 186 80 144 130 35 155 67 70 134 150 13 81 84 170 101 102 104 158 75 185 156 107 86 63 206 0 141 209 114 201 26 134 75 108 192 51 192 203 83 80 205 149 202 179 117 112 146 150 146 30 123 104 179 187 126 141 0 71 147 60 116 117 131 35 139 110 72 80 125 61 135 137 72 54 51 56 22 32 55 111 32 64 168 157 105 209 71 0 184 21 183 141 181 101 133 169 39 35 173 129 118 156 21 81 98 103 63 86 76 179 102 113 178 159 125 114 147 184 0 188 107 46 39 119 97 71 150 160 33 115 118 46 167 201 96 91 133 174 108 109 153 83 68 82 121 201 60 21 188 0 175 148 182 93 148 166 54 52 174 121 134 165 38 61 97 103 59 68 80 171 87 113 190 173 186 26 116 183 107 175 0 119 69 82 175 37 168 179 74 55 187 136 177 154 93 89 120 125 123 5 98 81 169 174 80 134 117 141 46 148 119 0 65 97 58 83 105 115 55 104 75 21 123 171 67 64 99 147 68 119 131 59 55 55 144 75 131 181 39 182 69 65 0 99 123 34 153 164 10 86 140 76 167 182 85 79 123 154 106 71 130 69 104 114 130 108 35 101 119 93 82 97 99 0 134 75 91 101 94 28 136 118 97 83 32 34 39 55 55 78 34 38 152 146 35 192 139 133 97 148 175 58 123 134 0 141 94 99 113 150 23 51 112 189 102 102 118 171 84 175 164 103 51 28 155 51 110 169 71 166 37 83 34 75 141 0 146 157 38 56 154 100 158 156 72 66 107 127 100 38 101 57 132 138 67 192 72 39 150 54 168 105 153 91 94 146 0 11 143 119 80 118 18 105 75 80 54 99 47 165 104 89 139 120 70 203 80 35 160 52 179 115 164 101 99 157 11 0 154 129 83 127 14 108 86 91 63 105 58 176 112 100 146 126 134 83 125 173 33 174 74 55 10 94 113 38 143 154 0 84 130 66 158 177 77 71 115 149 97 76 126 61 96 104 150 80 61 129 115 121 55 104 86 28 150 56 119 129 84 0 154 125 125 101 50 48 67 72 79 50 46 47 159 157 13 205 135 118 118 134 187 75 140 136 23 154 80 83 130 154 0 72 97 181 105 106 113 167 82 186 163 109 74 51 81 149 137 156 46 165 136 21 76 118 51 100 118 127 66 125 72 0 136 191 88 85 119 168 87 137 152 80 34 38 84 202 72 21 167 38 177 123 167 97 112 158 18 14 158 125 97 136 0 95 86 92 58 93 61 173 104 102 157 138 170 179 54 81 201 61 154 171 182 83 189 156 105 108 177 101 181 191 95 0 105 110 73 29 106 149 56 118 221 208 101 117 51 98 96 97 93 67 85 32 102 72 75 86 77 50 105 88 86 105 0 6 38 80 30 90 65 16 121 114 102 112 56 103 91 103 89 64 79 34 102 66 80 91 71 48 106 85 92 110 6 0 44 84 34 86 68 10 118 112 104 146 22 63 133 59 120 99 123 39 118 107 54 63 115 67 113 119 58 73 38 44 0 54 34 116 52 54 148 136 158 150 32 86 174 68 125 147 154 55 171 127 99 105 149 72 167 168 93 29 80 84 54 0 87 120 27 92 200 189 75 146 55 76 108 80 123 68 106 55 84 100 47 58 97 79 82 87 61 106 30 34 34 87 0 120 81 43 115 102 185 30 111 179 109 171 5 119 71 78 175 38 165 176 76 50 186 137 173 149 90 86 116 120 120 0 93 79 170 174 156 123 32 102 153 87 98 131 130 34 164 101 104 112 126 46 163 152 104 56 65 68 52 27 81 93 0 72 186 179 107 104 64 113 83 113 81 59 69 38 103 57 89 100 61 47 109 80 102 118 16 10 54 92 43 79 72 0 114 111 86 179 168 178 68 190 169 55 104 152 51 132 139 146 96 159 74 34 157 221 121 118 148 200 115 170 186 114 0 23 63 187 157 159 82 173 174 55 114 146 28 138 120 126 104 157 51 38 138 208 114 112 136 189 102 174 179 111 23 0 
0 135 185 125 177 147 117 125 61 38 73 29 56 174 170 38 150 76 158 15 39 165 48 105 43 6 56 130 15 103 135 0 72 10 126 49 117 171 86 97 104 106 185 184 130 112 171 145 74 121 96 129 175 131 107 129 79 31 126 133 185 72 0 76 83 38 113 170 150 154 128 159 224 161 94 172 158 165 39 170 147 97 214 134 147 180 130 57 172 137 125 10 76 0 122 48 109 162 78 88 94 97 175 177 126 103 164 135 73 111 86 125 165 122 97 119 69 27 116 124 177 126 83 122 0 77 64 105 169 160 104 162 194 80 13 180 83 123 52 163 151 18 186 84 134 174 137 95 162 87 147 49 38 48 77 0 84 141 115 116 91 121 186 143 83 135 135 129 25 132 109 83 176 103 109 142 92 22 134 106 117 117 113 109 64 84 0 57 124 108 44 107 130 71 54 127 55 59 74 103 98 49 122 21 74 114 89 88 102 24 125 171 170 162 105 141 57 0 157 134 75 130 112 55 92 150 31 49 131 119 125 87 107 40 96 126 123 144 113 38 61 86 150 78 169 115 124 157 0 25 84 34 117 194 167 27 172 112 134 53 32 163 109 124 61 55 35 93 60 123 38 97 154 88 160 116 108 134 25 0 65 9 94 175 155 20 153 89 131 28 10 151 85 105 38 32 24 97 35 104 73 104 128 94 104 91 44 75 84 65 0 63 96 110 97 83 88 41 94 59 55 92 87 40 30 70 49 83 58 39 29 106 159 97 162 121 107 130 34 9 63 0 85 172 157 20 149 83 136 19 12 153 76 102 34 23 29 103 26 100 56 185 224 175 194 186 130 112 117 94 96 85 0 166 183 94 142 72 190 66 91 178 10 111 78 62 106 173 60 108 174 184 161 177 80 143 71 55 194 175 110 172 166 0 68 192 24 99 124 165 165 64 161 70 138 174 159 153 161 72 170 130 94 126 13 83 54 92 167 155 97 157 183 68 0 175 70 111 60 156 146 5 175 72 127 167 133 99 155 75 38 112 172 103 180 135 127 150 27 20 83 20 94 192 175 0 169 102 151 34 29 171 86 122 54 32 44 115 40 120 150 171 158 164 83 135 55 31 172 153 88 149 142 24 70 169 0 75 119 141 143 65 137 48 115 150 137 142 137 49 76 145 165 135 123 129 59 49 112 89 41 83 72 99 111 102 75 0 128 70 80 106 65 39 51 77 82 124 64 36 158 74 39 73 52 25 74 131 134 131 94 136 190 124 60 151 119 128 0 143 124 61 181 95 117 154 107 46 144 98 15 121 170 111 163 132 103 119 53 28 59 19 66 165 156 34 141 70 143 0 26 151 57 95 29 11 42 115 7 93 39 96 147 86 151 109 98 125 32 10 55 12 91 165 146 29 143 80 124 26 0 142 81 95 29 33 17 91 31 94 165 129 97 125 18 83 49 87 163 151 92 153 178 64 5 171 65 106 61 151 142 0 170 67 122 162 129 98 150 70 48 175 214 165 186 176 122 107 109 85 87 76 10 161 175 86 137 65 181 57 81 170 0 103 68 54 96 163 50 100 105 131 134 122 84 103 21 40 124 105 40 102 111 70 72 122 48 39 95 95 95 67 103 0 68 104 89 104 91 3 43 107 147 97 134 109 74 96 61 38 30 34 78 138 127 54 115 51 117 29 29 122 68 68 0 40 33 95 28 66 6 129 180 119 174 142 114 126 55 32 70 23 62 174 167 32 150 77 154 11 33 162 54 104 40 0 50 124 13 102 56 79 130 69 137 92 89 123 35 24 49 29 106 159 133 44 137 82 107 42 17 129 96 89 33 50 0 74 47 88 130 31 57 27 95 22 88 144 93 97 83 103 173 153 99 115 142 124 46 115 91 98 163 104 95 124 74 0 119 106 15 126 172 116 162 134 102 113 60 35 58 26 60 161 155 40 137 64 144 7 31 150 50 91 28 13 47 119 0 89 103 133 137 124 87 106 24 38 123 104 39 100 108 72 75 120 49 36 98 93 94 70 100 3 66 102 88 106 89 0 
0 130 44 134 91 137 62 35 86 135 106 29 5 41 133 21 71 86 101 31 108 47 71 109 35 42 94 62 89 151 130 0 174 160 51 49 111 142 50 140 142 130 126 171 163 148 154 149 33 118 86 138 195 50 99 172 63 100 219 28 44 174 0 150 133 179 95 52 130 161 125 54 48 6 147 30 77 99 145 65 145 66 43 151 79 7 137 98 45 195 134 160 150 0 114 123 182 169 118 252 28 105 136 144 5 150 73 51 131 104 205 179 193 110 144 143 180 176 178 160 91 51 133 114 0 47 97 112 6 150 93 83 88 129 117 111 104 98 18 71 97 113 161 20 68 130 71 86 177 65 137 49 179 123 47 0 140 158 52 182 111 127 134 174 127 157 138 125 44 115 128 159 207 28 114 174 103 129 222 37 62 111 95 182 97 140 0 43 91 73 154 87 57 95 181 65 130 141 96 82 52 32 94 117 38 97 53 11 133 139 35 142 52 169 112 158 43 0 106 109 141 64 33 53 168 25 105 121 118 65 95 14 53 132 44 55 92 50 90 167 86 50 130 118 6 52 91 106 0 144 96 80 83 125 120 106 104 99 17 68 91 107 156 26 62 126 65 80 173 67 135 140 161 252 150 182 73 109 144 0 225 160 130 162 252 134 203 212 141 154 54 95 148 166 109 164 80 77 195 167 106 142 125 28 93 111 154 141 96 225 0 78 108 119 27 123 49 27 111 76 180 151 167 93 116 118 155 148 155 146 29 130 54 105 83 127 87 64 80 160 78 0 32 49 104 45 43 57 97 12 126 76 92 99 52 49 109 84 96 147 5 126 48 136 88 134 57 33 83 130 108 32 0 46 135 23 74 89 98 32 103 44 73 106 31 47 90 57 93 148 41 171 6 144 129 174 95 53 125 162 119 49 46 0 141 30 72 93 141 59 145 67 49 146 76 2 135 98 48 191 133 163 147 5 117 127 181 168 120 252 27 104 135 141 0 149 70 48 134 103 207 178 190 113 143 140 182 175 175 163 21 148 30 150 111 157 65 25 106 134 123 45 23 30 149 0 83 101 121 51 115 39 50 129 50 32 107 68 73 171 71 154 77 73 104 138 130 105 104 203 49 43 74 72 70 83 0 22 121 49 167 118 120 113 94 70 147 126 106 167 86 149 99 51 98 125 141 121 99 212 27 57 89 93 48 101 22 0 116 59 173 133 142 102 103 92 150 135 128 156 101 33 145 131 18 44 96 118 17 141 111 97 98 141 134 121 121 116 0 85 87 117 170 25 74 142 61 85 189 50 31 118 65 104 71 115 82 65 68 154 76 12 32 59 103 51 49 59 85 0 118 75 100 87 45 60 99 77 107 135 108 86 145 205 97 128 52 95 91 54 180 126 103 145 207 115 167 173 87 118 0 84 146 112 74 147 26 47 185 114 47 138 66 179 113 159 32 14 107 95 151 76 44 67 178 39 118 133 117 75 84 0 62 133 45 69 83 40 103 164 71 195 43 193 161 207 94 53 156 148 167 92 73 49 190 50 120 142 170 100 146 62 0 179 96 50 145 102 49 219 109 50 151 110 20 28 117 132 26 166 93 99 106 146 113 129 113 102 25 87 112 133 179 0 88 146 86 106 194 54 35 99 79 144 68 114 38 44 62 109 116 52 31 76 143 50 94 103 74 45 74 45 96 88 0 77 59 32 123 123 42 172 7 143 130 174 97 55 126 164 118 49 47 2 140 32 70 92 142 60 147 69 50 146 77 0 136 100 48 192 94 63 137 180 71 103 53 92 65 80 155 109 90 135 182 107 147 150 61 99 26 83 145 86 59 136 0 43 180 91 62 100 98 176 86 129 11 50 80 77 148 84 57 98 175 68 126 135 85 77 47 40 102 106 32 100 43 0 139 128 89 219 45 178 177 222 133 90 173 195 155 96 93 48 175 73 106 128 189 107 185 103 49 194 123 48 180 139 0 239 151 28 195 160 65 37 139 167 67 167 146 147 148 191 163 171 167 156 50 135 114 164 219 54 123 192 91 128 239 0 
0 21 7 99 139 108 45 155 73 54 166 142 165 32 82 48 17 166 158 69 97 67 130 96 19 37 109 193 120 113 21 0 25 120 155 111 33 170 94 45 186 162 178 11 95 69 9 176 170 82 117 75 135 115 31 53 111 212 139 120 7 25 0 95 132 102 45 148 69 52 161 137 158 35 75 44 23 159 151 62 92 60 123 96 25 40 103 187 114 106 99 120 95 0 87 142 136 108 26 137 75 53 130 130 85 51 115 152 132 82 19 105 149 44 98 83 145 116 57 129 139 155 132 87 0 102 152 21 98 144 70 58 43 163 64 105 155 72 48 75 69 94 93 131 150 146 106 63 30 80 108 111 102 142 102 0 87 102 129 73 168 148 96 111 57 114 118 76 83 60 125 43 26 170 127 139 4 165 111 23 45 33 45 136 152 87 0 163 112 14 195 171 167 27 88 87 42 158 157 77 130 60 113 141 62 82 86 213 142 101 155 170 148 108 21 102 163 0 118 154 84 76 24 176 75 124 171 56 32 88 90 103 89 152 167 165 106 63 51 79 73 94 69 26 98 129 112 118 0 114 99 76 137 104 75 25 89 153 136 69 31 89 140 41 72 57 133 136 69 120 54 45 52 137 144 73 14 154 114 0 191 167 157 41 80 90 54 145 145 70 129 51 99 146 73 91 72 206 136 88 166 186 161 75 70 168 195 84 99 191 0 24 107 196 116 119 183 140 116 123 69 146 163 113 168 156 172 50 57 147 142 162 137 53 58 148 171 76 76 167 24 0 100 172 94 95 159 130 106 99 45 123 145 95 144 133 152 64 37 129 165 178 158 130 43 96 167 24 137 157 107 100 0 184 83 140 180 35 13 96 112 107 76 174 180 180 100 81 73 73 32 11 35 130 163 111 27 176 104 41 196 172 184 0 101 79 20 179 174 88 127 78 136 126 42 64 111 221 148 123 82 95 75 85 64 57 88 75 75 80 116 94 83 101 0 65 97 86 76 13 68 30 65 116 97 100 61 126 59 45 48 69 44 51 105 114 87 124 25 90 119 95 140 79 65 0 64 150 136 55 50 71 128 58 49 41 117 152 80 108 17 9 23 115 155 118 42 171 89 54 183 159 180 20 97 64 0 180 173 84 114 79 141 107 22 44 118 210 137 125 166 176 159 152 72 76 158 56 153 145 140 130 35 179 86 150 180 0 24 98 133 101 52 193 182 186 79 116 99 57 158 170 151 132 48 83 157 32 136 145 116 106 13 174 76 136 173 24 0 89 113 97 63 174 173 174 87 93 77 60 69 82 62 82 75 60 77 88 69 70 123 99 96 88 13 55 84 98 89 0 68 24 73 110 84 88 64 136 66 53 97 117 92 19 69 125 130 90 31 129 69 45 112 127 68 50 114 133 113 68 0 92 131 62 99 88 129 105 39 112 67 75 60 105 94 43 60 103 89 51 146 123 107 78 30 71 79 101 97 24 92 0 63 128 85 96 46 156 89 46 130 135 123 149 93 26 113 89 140 99 163 145 76 136 65 128 141 52 63 73 131 63 0 181 148 159 27 152 109 20 96 115 96 44 131 170 141 152 41 146 113 95 174 126 116 58 107 193 174 110 62 128 181 0 86 65 173 159 101 161 19 31 25 98 150 127 62 167 72 73 168 144 180 42 97 49 22 182 173 84 99 85 148 86 0 22 128 201 128 131 37 53 40 83 146 139 82 165 57 91 156 133 180 64 100 41 44 186 174 88 88 96 159 65 22 0 141 192 121 140 109 111 103 145 106 4 86 106 133 72 172 152 100 111 61 117 118 79 87 64 129 46 27 173 128 141 0 169 115 27 193 212 187 116 63 165 213 63 136 206 50 64 81 221 126 152 210 116 93 136 105 156 152 159 201 192 169 0 73 142 120 139 114 57 30 111 142 51 69 136 57 37 73 148 59 80 137 99 77 66 39 89 109 101 128 121 115 73 0 92 113 120 106 129 80 23 101 79 120 88 147 129 73 123 45 108 125 57 60 53 112 46 20 161 131 140 27 142 92 0 
0 156 158 168 191 15 134 113 70 93 20 38 101 39 101 63 162 146 156 161 152 100 14 46 29 52 117 140 119 131 156 0 59 13 66 160 52 43 93 63 139 150 103 153 120 126 173 65 27 8 79 87 143 171 156 104 49 65 160 70 158 59 0 57 34 168 25 69 115 81 148 166 143 139 159 106 121 13 32 67 22 126 144 155 146 114 47 19 117 29 168 13 57 0 57 172 56 55 106 75 151 163 116 163 133 134 175 64 25 14 78 100 155 181 166 116 57 65 165 74 191 66 34 57 0 201 57 92 142 108 180 197 165 173 182 140 146 47 44 71 51 148 177 189 180 145 76 53 148 63 15 160 168 172 201 0 144 117 70 97 21 25 95 54 93 77 177 157 163 165 164 97 27 60 44 56 125 151 134 142 134 52 25 56 57 144 0 47 90 56 123 141 120 118 136 87 121 18 31 60 32 103 120 136 124 89 22 15 109 18 113 43 69 55 92 117 47 0 52 20 96 109 74 112 90 88 158 65 49 48 78 57 100 130 114 61 27 61 134 61 70 93 115 106 142 70 90 52 0 34 50 57 44 83 55 74 171 108 101 97 118 35 59 101 81 22 68 102 136 97 93 63 81 75 108 97 56 20 34 0 76 90 66 93 81 72 152 74 67 68 86 50 80 111 94 41 34 69 123 65 20 139 148 151 180 21 123 96 50 76 0 26 81 49 82 63 167 137 142 144 144 80 16 61 41 35 104 131 125 122 38 150 166 163 197 25 141 109 57 90 26 0 72 75 68 89 193 157 157 154 166 77 42 84 66 52 121 151 151 144 101 103 143 116 165 95 120 74 44 66 81 72 0 124 17 118 215 138 121 103 150 17 94 139 119 65 98 133 180 131 39 153 139 163 173 54 118 112 83 93 49 75 124 0 128 33 124 126 145 159 129 118 33 18 10 61 106 120 81 110 101 120 159 133 182 93 136 90 55 81 82 68 17 128 0 127 226 154 138 120 166 34 97 142 122 73 114 149 190 146 63 126 106 134 140 77 87 88 74 72 63 89 118 33 127 0 104 93 115 133 96 109 50 49 41 54 77 87 64 77 162 173 121 175 146 177 121 158 171 152 167 193 215 124 226 104 0 112 150 181 99 201 152 127 134 154 133 110 43 103 146 65 13 64 47 157 18 65 108 74 137 157 138 126 154 93 112 0 39 73 14 121 132 142 133 105 40 6 105 16 156 27 32 25 44 163 31 49 101 67 142 157 121 145 138 115 150 39 0 35 53 104 142 163 150 107 39 40 140 49 161 8 67 14 71 165 60 48 97 68 144 154 103 159 120 133 181 73 35 0 87 87 148 177 162 109 57 73 168 78 152 79 22 78 51 164 32 78 118 86 144 166 150 129 166 96 99 14 53 87 0 133 138 144 137 114 52 17 97 22 100 87 126 100 148 97 103 57 35 50 80 77 17 118 34 109 201 121 104 87 133 0 92 135 115 57 81 116 168 115 14 143 144 155 177 27 120 100 59 80 16 42 94 33 97 50 152 132 142 148 138 92 0 45 25 39 103 126 110 117 46 171 155 181 189 60 136 130 101 111 61 84 139 18 142 49 127 142 163 177 144 135 45 0 20 79 124 136 84 126 29 156 146 166 180 44 124 114 81 94 41 66 119 10 122 41 134 133 150 162 137 115 25 20 0 59 111 127 91 117 52 104 114 116 145 56 89 61 22 41 35 52 65 61 73 54 154 105 107 109 114 57 39 79 59 0 69 99 117 92 117 49 47 57 76 125 22 27 68 34 104 121 98 106 114 77 133 40 39 57 52 81 103 124 111 69 0 35 112 34 140 65 19 65 53 151 15 61 102 69 131 151 133 120 149 87 110 6 40 73 17 116 126 136 127 99 35 0 101 10 119 160 117 165 148 134 109 134 136 123 125 151 180 81 190 64 43 105 140 168 97 168 110 84 91 117 112 101 0 91 131 70 29 74 63 142 18 61 97 65 122 144 131 110 146 77 103 16 49 78 22 115 117 126 117 92 34 10 91 0 
0 111 145 150 72 157 152 115 166 66 142 108 70 92 138 38 138 70 123 49 7 153 149 154 60 98 130 165 62 105 111 0 43 146 52 122 85 204 127 60 142 76 59 26 174 144 109 42 122 155 116 71 159 138 63 146 152 86 61 112 145 43 0 134 74 100 56 222 102 102 133 72 80 53 174 172 93 82 116 183 149 34 150 122 87 155 149 49 103 111 150 146 134 0 110 41 84 141 47 167 9 70 104 124 55 147 41 146 28 151 148 106 20 16 110 71 33 101 163 45 72 52 74 110 0 99 81 153 107 59 103 45 7 26 127 98 81 37 82 109 76 81 117 106 13 95 106 93 55 67 157 122 100 41 99 0 46 175 10 157 46 54 96 105 95 164 19 134 44 171 157 69 61 25 105 100 71 61 154 58 152 85 56 84 81 46 0 199 46 131 86 46 82 76 133 169 44 108 74 177 154 23 103 69 92 124 107 18 130 77 115 204 222 141 153 175 199 0 185 179 133 155 146 179 92 79 161 173 131 70 108 212 125 156 141 75 108 217 174 122 166 127 102 47 107 10 46 185 0 164 54 62 105 112 102 174 28 141 54 181 166 69 67 31 114 110 79 59 162 68 66 60 102 167 59 157 131 179 164 0 160 103 63 55 178 104 139 23 139 115 73 123 173 165 57 141 160 138 5 123 142 142 133 9 103 46 86 133 54 160 0 66 97 120 49 138 42 139 21 142 140 107 17 23 103 62 26 103 156 38 108 76 72 70 45 54 46 155 62 103 66 0 43 55 102 123 36 80 46 131 109 57 83 63 52 84 77 63 100 39 70 59 80 104 7 96 82 146 105 63 97 43 0 33 120 93 78 42 76 104 72 84 111 102 10 88 100 95 60 61 92 26 53 124 26 105 76 179 112 55 120 55 33 0 149 122 90 32 99 133 96 68 136 118 38 120 127 83 54 87 138 174 174 55 127 95 133 92 102 178 49 102 120 149 0 121 89 161 59 121 133 152 36 71 122 40 26 151 173 63 38 144 172 147 98 164 169 79 174 104 138 123 93 122 121 0 146 106 124 11 31 176 140 155 85 82 120 185 100 107 138 109 93 41 81 19 44 161 28 139 42 36 78 90 89 146 0 116 31 153 138 65 59 29 86 86 63 62 136 41 70 42 82 146 37 134 108 173 141 23 139 80 42 32 161 106 116 0 118 117 76 100 153 143 39 127 142 115 22 103 123 122 116 28 82 44 74 131 54 139 21 46 76 99 59 124 31 118 0 129 122 93 37 31 82 56 33 92 135 18 49 155 183 151 109 171 177 70 181 115 142 131 104 133 121 11 153 117 129 0 42 185 143 160 96 84 123 194 111 113 7 116 149 148 76 157 154 108 166 73 140 109 72 96 133 31 138 76 122 42 0 156 146 153 63 93 127 167 69 104 153 71 34 106 81 69 23 212 69 123 107 57 84 68 152 176 65 100 93 185 156 0 124 92 93 141 126 15 122 94 149 159 150 20 117 61 103 125 67 173 17 83 111 136 36 140 59 153 37 143 146 124 0 36 116 59 20 120 169 50 154 138 122 16 106 25 69 156 31 165 23 63 102 118 71 155 29 143 31 160 153 92 36 0 109 83 49 86 161 49 60 63 87 110 13 105 92 141 114 57 103 52 10 38 122 85 86 39 82 96 63 93 116 109 0 88 103 105 53 66 98 146 155 71 95 100 124 75 110 141 62 84 88 120 40 82 86 127 56 84 93 141 59 83 88 0 39 142 136 47 130 152 149 33 106 71 107 108 79 160 26 77 100 127 26 120 63 142 33 123 127 126 20 49 103 39 0 125 156 40 165 86 49 101 93 61 18 217 59 138 103 63 95 83 151 185 62 115 92 194 167 15 120 86 105 142 125 0 137 95 62 61 103 163 55 154 130 174 162 5 156 100 60 54 173 100 136 22 135 111 69 122 169 161 53 136 156 137 0 119 105 112 111 45 67 58 77 122 68 123 38 39 61 87 63 107 41 103 18 113 104 94 50 49 66 47 40 95 119 0 
0 54 206 83 42 130 185 224 31 44 136 121 171 207 27 173 189 92 81 131 140 181 99 99 190 154 153 132 167 122 54 0 169 29 49 155 157 198 54 10 151 93 118 192 27 135 137 40 27 94 155 128 112 47 148 107 178 125 149 70 206 169 0 166 166 194 42 57 179 174 166 86 94 91 184 34 79 132 151 76 169 95 157 125 28 69 204 112 73 105 83 29 166 0 78 183 161 202 83 39 176 102 100 201 56 133 122 35 16 97 180 109 138 41 141 99 205 144 158 61 42 49 166 78 0 106 143 182 13 42 105 80 143 165 33 133 158 69 70 92 109 153 66 74 153 121 129 91 125 93 130 155 194 183 106 0 155 177 106 148 30 126 220 137 137 173 226 164 172 146 29 229 48 166 197 185 23 82 124 176 185 157 42 161 143 155 0 41 156 161 125 65 115 54 167 40 106 126 146 64 127 119 121 121 57 81 162 74 31 107 224 198 57 202 182 177 41 0 195 202 147 106 149 44 207 75 135 167 187 105 148 151 151 162 84 116 180 103 59 148 31 54 179 83 13 106 156 195 0 44 108 93 155 176 31 146 171 79 77 105 112 165 70 85 166 134 129 101 137 105 44 10 174 39 42 148 161 202 44 0 146 96 128 193 17 140 146 49 37 99 150 138 107 56 155 115 171 124 150 79 136 151 166 176 105 30 125 147 108 146 0 104 200 108 138 146 204 152 163 124 4 208 39 153 170 163 38 55 94 160 121 93 86 102 80 126 65 106 93 96 104 0 96 99 102 55 100 68 86 20 108 104 80 65 77 59 142 52 56 61 171 118 94 100 143 220 115 149 155 128 200 96 0 169 144 75 22 79 91 76 204 10 173 72 66 38 238 147 133 50 207 192 91 201 165 137 54 44 176 193 108 99 169 0 194 94 160 167 185 109 108 173 121 164 111 133 139 75 43 155 27 27 184 56 33 137 167 207 31 17 138 102 144 194 0 150 162 65 54 108 142 154 99 72 166 129 160 123 153 95 173 135 34 133 133 173 40 75 146 140 146 55 75 94 150 0 67 99 118 42 149 79 131 92 24 41 184 91 62 74 189 137 79 122 158 226 106 135 171 146 204 100 22 160 162 67 0 97 112 80 207 17 180 90 51 41 242 149 128 67 92 40 132 35 69 164 126 167 79 49 152 68 79 167 65 99 97 0 20 62 156 89 116 7 109 67 184 113 124 30 81 27 151 16 70 172 146 187 77 37 163 86 91 185 54 118 112 20 0 82 167 101 126 26 128 86 194 129 142 48 131 94 76 97 92 146 64 105 105 99 124 20 76 109 108 42 80 62 82 0 128 84 100 57 61 39 162 71 66 47 140 155 169 180 109 29 127 148 112 150 4 108 204 108 142 149 207 156 167 128 0 212 43 157 173 167 35 58 96 164 181 128 95 109 153 229 119 151 165 138 208 104 10 173 154 79 17 89 101 84 212 0 182 82 67 45 246 155 139 60 99 112 157 138 66 48 121 151 70 107 39 80 173 121 99 131 180 116 126 100 43 182 0 118 155 139 68 48 92 128 99 47 125 41 74 166 121 162 85 56 153 65 72 164 72 92 90 7 26 57 157 82 118 0 102 60 186 112 121 23 190 148 28 141 153 197 57 84 166 155 170 77 66 111 166 24 51 109 128 61 173 67 155 102 0 43 208 115 84 80 154 107 69 99 121 185 81 116 134 115 163 59 38 133 129 41 41 67 86 39 167 45 139 60 43 0 201 110 95 38 153 178 204 205 129 23 162 180 129 171 38 142 238 139 160 184 242 184 194 162 35 246 68 186 208 201 0 93 131 196 132 125 112 144 91 82 74 103 101 124 55 52 147 75 123 91 149 113 129 71 58 155 48 112 115 110 93 0 44 113 167 149 73 158 125 124 31 59 137 150 94 56 133 43 153 62 128 124 142 66 96 139 92 121 84 95 131 44 0 113 122 70 105 61 93 176 107 148 105 79 160 61 50 155 95 74 67 30 48 47 164 60 128 23 80 38 196 113 113 0 
