0 176 79 79 116 44 13 76 82 71 66 188 95 72 11 89 45 194 188 81 24 9 16 40 153 9 8 132 121 144 176 0 119 169 105 138 189 204 132 106 199 56 147 150 179 135 132 88 49 135 182 171 176 191 29 174 181 59 114 46 79 119 0 50 116 35 89 143 104 32 80 114 39 31 76 113 60 117 149 106 74 79 88 77 107 72 87 62 44 108 79 169 50 0 160 57 83 155 139 77 38 156 27 19 70 147 90 149 199 140 60 86 95 51 157 70 87 110 68 158 116 105 116 160 0 105 128 108 38 84 171 151 155 141 125 36 75 176 90 40 136 108 108 150 76 120 117 108 148 59 44 138 35 57 105 0 55 109 82 32 68 144 62 41 43 90 33 150 159 83 45 44 53 54 120 38 52 89 79 115 13 189 89 83 128 55 0 76 92 83 65 199 102 79 14 99 58 205 201 91 24 20 21 38 166 17 11 144 131 157 76 204 143 155 108 109 76 0 72 120 141 233 169 146 86 72 84 248 197 69 99 69 60 114 175 85 68 178 187 160 82 132 104 139 38 82 92 72 0 72 143 168 141 122 92 9 49 187 125 3 104 73 72 120 103 88 81 117 142 88 71 106 32 77 84 32 83 120 72 0 98 117 71 58 73 81 36 128 127 75 76 68 75 86 88 68 77 61 70 84 66 199 80 38 171 68 65 141 143 98 0 192 65 51 55 152 96 186 225 144 42 75 82 27 185 58 73 142 105 182 188 56 114 156 151 144 199 233 168 117 192 0 130 141 187 174 151 32 105 171 188 185 192 191 79 182 194 56 89 96 95 147 39 27 155 62 102 169 141 71 65 130 0 23 88 150 94 122 184 143 81 100 109 76 142 87 103 88 41 145 72 150 31 19 141 41 79 146 122 58 51 141 23 0 65 131 74 137 180 124 58 77 86 55 138 64 80 92 56 139 11 179 76 70 125 43 14 86 92 73 55 187 88 65 0 100 51 192 194 92 13 20 27 29 158 5 18 132 117 150 89 135 113 147 36 90 99 72 9 81 152 174 150 131 100 0 57 194 125 8 112 80 78 128 106 95 88 124 151 90 45 132 60 90 75 33 58 84 49 36 96 151 94 74 51 57 0 164 143 50 61 39 44 75 109 46 49 95 103 99 194 88 117 149 176 150 205 248 187 128 186 32 122 137 192 194 164 0 137 190 190 194 202 191 108 188 202 70 81 124 188 49 149 199 90 159 201 197 125 127 225 105 184 180 194 125 143 137 0 128 201 182 185 213 42 189 192 100 156 44 81 135 106 140 40 83 91 69 3 75 144 171 143 124 92 8 50 190 128 0 104 72 71 120 106 87 80 120 145 91 24 182 74 60 136 45 24 99 104 76 42 188 81 58 13 112 61 190 201 104 0 33 40 16 164 17 31 133 112 157 9 171 79 86 108 44 20 69 73 68 75 185 100 77 20 80 39 194 182 72 33 0 9 49 148 17 10 129 123 138 16 176 88 95 108 53 21 60 72 75 82 192 109 86 27 78 44 202 185 71 40 9 0 56 153 25 10 136 132 142 40 191 77 51 150 54 38 114 120 86 27 191 76 55 29 128 75 191 213 120 16 49 56 0 174 33 46 139 111 169 153 29 107 157 76 120 166 175 103 88 185 79 142 138 158 106 109 108 42 106 164 148 153 174 0 153 158 59 114 17 9 174 72 70 120 38 17 85 88 68 58 182 87 64 5 95 46 188 189 87 17 17 25 33 153 0 17 127 114 145 8 181 87 87 117 52 11 68 81 77 73 194 103 80 18 88 49 202 192 80 31 10 10 46 158 17 0 138 129 148 132 59 62 110 108 89 144 178 117 61 142 56 88 92 132 124 95 70 100 120 133 129 136 139 59 127 138 0 56 68 121 114 44 68 148 79 131 187 142 70 105 89 41 56 117 151 103 81 156 145 112 123 132 111 114 114 129 56 0 121 144 46 108 158 59 115 157 160 88 84 182 96 145 139 150 90 99 124 44 91 157 138 142 169 17 145 148 68 121 0 
0 85 10 116 130 62 42 37 110 34 35 33 54 92 71 36 65 106 93 68 107 128 87 110 57 111 106 28 101 103 85 0 83 166 215 137 124 79 184 113 72 52 138 121 75 105 129 191 178 117 178 206 172 195 50 35 91 85 146 104 10 83 0 108 132 58 41 27 106 43 25 31 61 102 78 29 58 111 97 59 102 126 92 114 61 106 96 38 111 93 116 166 108 0 132 66 91 92 61 133 99 131 127 206 186 80 52 140 126 51 50 85 131 136 166 168 102 144 208 83 130 215 132 132 0 90 91 145 71 110 149 163 83 171 183 117 108 36 39 130 82 53 49 28 182 237 203 140 155 190 62 137 58 66 90 0 26 60 48 70 65 89 61 145 133 32 20 84 68 42 45 69 70 83 119 153 114 87 143 102 42 124 41 91 91 26 0 55 70 44 58 72 38 119 109 29 40 75 59 57 69 86 57 76 99 146 121 63 117 112 37 79 27 92 145 60 55 0 106 70 7 39 85 127 97 28 50 130 114 41 99 129 112 131 74 93 70 63 138 66 110 184 106 61 71 48 70 106 0 111 112 137 93 186 179 80 56 86 74 75 11 26 82 80 167 197 147 133 179 131 34 113 43 133 110 70 44 70 111 0 68 62 27 75 73 58 81 81 71 91 112 123 62 86 72 142 139 30 75 136 35 72 25 99 149 65 58 7 112 68 0 32 85 123 91 33 57 132 117 48 106 134 114 134 67 88 71 59 135 69 33 52 31 131 163 89 72 39 137 62 32 0 86 96 59 57 85 139 126 80 132 157 120 143 35 80 92 39 113 96 54 138 61 127 83 61 38 85 93 27 85 86 0 95 100 64 78 54 44 94 96 101 35 59 99 165 154 57 86 147 92 121 102 206 171 145 119 127 186 75 123 96 95 0 46 128 154 137 133 160 187 196 122 144 73 156 188 64 29 191 71 75 78 186 183 133 109 97 179 73 91 59 100 46 0 107 136 152 144 136 178 194 134 158 28 110 148 46 72 155 36 105 29 80 117 32 29 28 80 58 33 57 64 128 107 0 29 104 88 33 75 101 86 105 90 121 92 64 133 83 65 129 58 52 108 20 40 50 56 81 57 85 78 154 136 29 0 104 88 22 49 81 90 103 119 141 95 92 156 82 106 191 111 140 36 84 75 130 86 81 132 139 54 137 152 104 104 0 16 126 94 78 19 8 153 217 195 111 119 185 93 178 97 126 39 68 59 114 74 71 117 126 44 133 144 88 88 16 0 110 81 70 11 17 143 203 179 101 119 169 68 117 59 51 130 42 57 41 75 91 48 80 94 160 136 33 22 126 110 0 66 101 110 125 115 124 73 96 166 60 107 178 102 50 82 45 69 99 11 112 106 132 96 187 178 75 49 94 81 66 0 37 89 89 163 190 137 132 182 120 128 206 126 85 53 69 86 129 26 123 134 157 101 196 194 101 81 78 70 101 37 0 80 71 185 222 173 148 185 157 87 172 92 131 49 70 57 112 82 62 114 120 35 122 134 86 90 19 11 110 89 80 0 24 134 198 178 92 108 169 110 195 114 136 28 83 76 131 80 86 134 143 59 144 158 105 103 8 17 125 89 71 24 0 158 220 195 116 127 184 57 50 61 166 182 119 99 74 167 72 67 35 99 73 28 90 119 153 143 115 163 185 134 158 0 85 120 42 96 127 111 35 106 168 237 153 146 93 197 142 88 80 165 156 110 121 141 217 203 124 190 222 198 220 85 0 76 116 181 93 106 91 96 102 203 114 121 70 147 139 71 92 154 188 148 92 95 195 179 73 137 173 178 195 120 76 0 128 204 19 28 85 38 144 140 87 63 63 133 30 59 39 57 64 46 64 92 111 101 96 132 148 92 116 42 116 128 0 76 128 101 146 111 208 155 143 117 138 179 75 135 113 86 29 72 133 156 119 119 166 182 185 108 127 96 181 204 76 0 204 103 104 93 83 190 102 112 66 131 136 69 96 147 191 155 83 82 185 169 60 120 157 169 184 127 93 19 128 204 0 
0 37 126 53 42 53 73 101 64 85 84 92 156 119 40 47 89 81 73 140 50 71 70 122 50 84 99 87 55 33 37 0 104 41 70 39 61 69 28 99 47 56 130 83 76 77 92 101 105 112 84 46 66 100 87 94 67 74 18 4 126 104 0 143 168 73 57 132 83 203 86 112 192 124 147 173 194 204 199 26 144 135 168 4 163 198 134 47 99 105 53 41 143 0 57 80 102 57 60 66 67 58 104 81 91 65 51 72 93 146 103 24 25 139 95 58 54 115 44 42 42 70 168 57 0 95 115 114 98 48 114 113 157 137 51 8 65 41 36 180 66 81 57 164 46 53 111 129 84 67 53 39 73 80 95 0 22 100 39 134 61 81 162 106 77 100 130 133 126 89 78 83 104 69 93 131 99 36 46 38 73 61 57 102 115 22 0 116 55 155 73 97 179 119 90 120 152 154 144 77 87 104 126 53 106 153 116 14 66 60 101 69 132 57 114 100 116 0 61 116 46 20 63 25 141 122 90 125 150 126 151 33 69 130 149 105 4 126 54 73 64 28 83 60 98 39 55 61 0 124 23 42 124 67 100 105 111 127 133 86 106 52 85 80 113 117 61 65 16 31 85 99 203 66 48 134 155 116 124 0 133 122 139 141 99 49 32 14 58 210 114 86 47 199 92 13 112 169 108 98 84 47 86 67 114 61 73 46 23 133 0 26 109 46 122 122 116 139 150 83 129 51 90 84 134 125 48 81 30 51 92 56 112 58 113 81 97 20 42 122 26 0 83 27 132 121 100 130 149 107 140 36 76 110 141 112 22 106 39 60 156 130 192 104 157 162 179 63 124 139 109 83 0 68 195 165 107 152 189 181 206 85 101 190 199 126 63 189 116 133 119 83 124 81 137 106 119 25 67 141 46 27 68 0 159 145 115 150 173 113 167 57 94 123 168 130 29 126 66 87 40 76 147 91 51 77 90 141 100 99 122 132 195 159 0 50 115 89 61 166 15 110 101 143 16 104 139 102 94 72 47 77 173 65 8 100 120 122 105 49 122 121 165 145 50 0 69 39 28 187 65 89 64 169 43 55 119 134 92 74 89 92 194 51 65 130 152 90 111 32 116 100 107 115 115 69 0 46 86 197 130 65 26 190 111 19 86 166 95 92 81 101 204 72 41 133 154 125 127 14 139 130 152 150 89 39 46 0 44 213 104 95 56 200 81 27 121 168 112 99 73 105 199 93 36 126 144 150 133 58 150 149 189 173 61 28 86 44 0 213 74 117 88 195 47 69 147 157 120 102 140 112 26 146 180 89 77 126 86 210 83 107 181 113 166 187 197 213 213 0 164 134 171 29 182 203 129 69 102 114 50 84 144 103 66 78 87 151 106 114 129 140 206 167 15 65 130 104 74 164 0 121 115 140 27 119 149 98 102 80 71 46 135 24 81 83 104 33 52 86 51 36 85 57 110 89 65 95 117 134 121 0 40 132 116 76 30 116 38 48 70 66 168 25 57 104 126 69 85 47 90 76 101 94 101 64 26 56 88 171 115 40 0 164 101 36 65 140 69 66 122 100 4 139 164 69 53 130 80 199 84 110 190 123 143 169 190 200 195 29 140 132 164 0 159 194 132 43 96 101 50 87 163 95 46 93 106 149 113 92 134 141 199 168 16 43 111 81 47 182 27 116 101 159 0 98 146 118 105 83 84 94 198 58 53 131 153 105 117 13 125 112 126 130 104 55 19 27 69 203 119 76 36 194 98 0 101 167 101 94 99 67 134 54 111 99 116 4 61 112 48 22 63 29 139 119 86 121 147 129 149 30 65 132 146 101 0 126 53 71 87 74 47 115 129 36 14 126 65 169 81 106 189 126 102 134 166 168 157 69 98 116 140 43 118 167 126 0 78 74 55 18 99 44 84 46 66 54 16 108 30 39 116 66 94 92 95 112 120 102 102 38 69 96 105 101 53 78 0 22 33 4 105 42 67 38 60 73 31 98 51 60 133 87 72 74 92 99 102 114 80 48 66 101 83 94 71 74 22 0 
0 215 44 37 139 110 95 25 5 178 91 35 33 32 79 74 106 100 111 123 56 206 82 164 110 83 159 163 128 118 215 0 172 187 79 160 127 193 210 68 149 205 192 185 173 161 205 128 105 141 167 12 134 115 177 132 85 161 156 98 44 172 0 32 95 92 52 22 39 135 54 40 24 14 52 38 92 68 67 100 19 164 38 124 100 42 116 130 109 74 37 187 32 0 115 73 80 34 32 159 86 58 44 34 84 70 121 65 87 86 51 177 62 154 76 55 142 162 91 94 139 79 95 115 0 115 48 116 134 46 71 127 115 108 95 82 130 73 28 105 89 73 57 67 132 61 38 105 120 21 110 160 92 73 115 0 109 104 105 161 130 128 113 102 139 122 182 42 96 20 107 148 92 175 18 71 152 202 18 100 95 127 52 80 48 109 0 71 91 83 27 79 67 63 48 34 89 68 26 106 41 121 18 74 123 38 64 93 120 31 25 193 22 34 116 104 71 0 21 154 67 24 11 8 57 50 90 87 88 116 32 186 59 140 109 64 135 140 122 95 5 210 39 32 134 105 91 21 0 174 88 35 30 28 76 71 106 95 106 118 52 201 77 160 106 78 155 160 123 113 178 68 135 159 46 161 83 154 174 0 96 159 150 146 119 111 143 119 72 148 124 69 97 47 178 105 21 93 163 65 91 149 54 86 71 130 27 67 88 96 0 65 58 60 24 17 62 92 53 130 36 144 38 73 142 59 75 77 143 57 35 205 40 58 127 128 79 24 35 159 65 0 16 27 47 48 71 108 100 139 38 198 71 138 133 81 139 131 146 107 33 192 24 44 115 113 67 11 30 150 58 16 0 11 46 41 79 92 87 123 26 185 58 131 119 66 130 130 130 94 32 185 14 34 108 102 63 8 28 146 60 27 11 0 51 43 87 81 80 112 24 178 51 132 108 56 127 134 119 87 79 173 52 84 95 139 48 57 76 119 24 47 46 51 0 17 44 105 74 143 33 168 53 91 150 72 98 84 154 79 74 161 38 70 82 122 34 50 71 111 17 48 41 43 17 0 61 88 59 126 19 155 36 90 133 55 91 92 137 65 106 205 92 121 130 182 89 90 106 143 62 71 79 87 44 61 0 149 115 187 75 202 97 104 192 116 122 76 198 119 100 128 68 65 73 42 68 87 95 119 92 108 92 81 105 88 149 0 54 38 77 118 54 133 59 33 110 160 52 58 111 105 67 87 28 96 26 88 106 72 53 100 87 80 74 59 115 54 0 91 62 98 29 79 113 34 58 108 106 7 123 141 100 86 105 20 106 116 118 148 130 139 123 112 143 126 187 38 91 0 113 130 92 168 36 71 143 198 15 93 56 167 19 51 89 107 41 32 52 124 36 38 26 24 33 19 75 77 62 113 0 160 33 108 117 47 104 111 123 69 206 12 164 177 73 148 121 186 201 69 144 198 185 178 168 155 202 118 98 130 160 0 127 115 165 123 85 161 144 91 82 134 38 62 57 92 18 59 77 97 38 71 58 51 53 36 97 54 29 92 33 127 0 92 106 21 80 110 105 36 164 115 124 154 67 175 74 140 160 47 73 138 131 132 91 90 104 133 79 168 108 115 92 0 192 109 32 46 183 75 110 177 100 76 132 18 123 109 106 178 142 133 119 108 150 133 192 59 113 36 117 165 106 192 0 85 169 216 26 117 83 132 42 55 61 71 38 64 78 105 59 81 66 56 72 55 116 33 34 71 47 123 21 109 85 0 92 131 84 40 159 85 116 142 38 152 64 135 155 21 75 139 130 127 98 91 122 110 58 143 104 85 80 32 169 92 0 77 158 52 163 161 130 162 105 202 93 140 160 93 77 131 130 134 84 92 76 160 108 198 111 161 110 46 216 131 77 0 212 107 128 156 109 91 120 18 120 122 123 163 143 146 130 119 154 137 198 52 106 15 123 144 105 183 26 84 158 212 0 108 118 98 74 94 21 100 31 95 113 65 57 107 94 87 79 65 119 58 7 93 69 91 36 75 117 40 52 107 108 0 
0 94 186 127 193 66 38 33 177 171 172 166 16 80 60 42 119 22 163 83 201 35 43 48 108 32 56 179 119 40 94 0 92 143 101 44 75 89 97 88 89 87 86 88 51 58 48 75 98 77 117 107 87 88 119 63 54 92 70 77 186 92 0 198 16 132 166 176 59 74 52 82 177 158 135 150 83 166 109 145 56 194 172 172 179 155 143 40 107 163 127 143 198 0 196 156 154 95 153 229 154 229 112 57 98 143 118 114 241 66 176 96 85 80 24 133 157 167 91 93 193 101 16 196 0 142 176 180 49 90 43 98 183 158 139 159 84 173 125 145 42 198 176 175 177 164 153 30 105 167 66 44 132 156 142 0 34 76 141 105 133 100 65 99 58 24 89 55 99 92 161 91 80 84 132 34 11 136 105 70 38 75 166 154 176 34 0 62 169 139 162 133 46 100 66 18 113 40 128 98 191 71 69 74 132 23 23 167 123 61 33 89 176 95 180 76 62 0 158 174 153 171 17 48 41 54 100 22 174 53 182 18 10 15 75 43 70 162 94 13 177 97 59 153 49 141 169 158 0 125 10 131 164 125 118 151 58 155 156 113 25 175 151 149 137 153 151 19 68 145 171 88 74 229 90 105 139 174 125 0 116 9 168 176 139 129 115 157 36 165 129 192 174 176 206 139 116 108 143 164 172 89 52 154 43 133 162 153 10 116 0 122 159 123 113 144 53 150 146 110 29 170 146 145 137 146 143 13 66 140 166 87 82 229 98 100 133 171 131 9 122 0 163 175 137 124 117 153 27 164 136 188 171 174 206 134 110 114 145 161 16 86 177 112 183 65 46 17 164 168 159 163 0 64 46 42 106 11 164 67 188 26 27 32 92 31 58 167 104 24 80 88 158 57 158 99 100 48 125 176 123 175 64 0 41 87 75 63 186 13 150 59 38 33 33 78 100 134 57 41 60 51 135 98 139 58 66 41 118 139 113 137 46 41 0 49 60 38 146 34 142 59 37 38 74 43 60 121 59 28 42 58 150 143 159 24 18 54 151 129 144 124 42 87 49 0 95 32 123 83 173 68 60 65 120 11 16 149 105 51 119 48 83 118 84 89 113 100 58 115 53 117 106 75 60 95 0 97 135 62 82 118 94 93 97 95 97 62 28 87 22 75 166 114 173 55 40 22 155 157 150 153 11 63 38 32 97 0 154 63 179 36 29 34 93 21 48 158 97 22 163 98 109 241 125 99 128 174 156 36 146 27 164 186 146 123 135 154 0 175 163 190 176 179 217 133 107 140 163 166 83 77 145 66 145 92 98 53 113 165 110 164 67 13 34 83 62 63 175 0 138 66 43 40 42 75 94 122 45 43 201 117 56 176 42 161 191 182 25 129 29 136 188 150 142 173 82 179 163 138 0 199 175 174 161 175 171 25 93 169 35 107 194 96 198 91 71 18 175 192 170 188 26 59 59 68 118 36 190 66 199 0 24 26 79 57 84 180 109 31 43 87 172 85 176 80 69 10 151 174 146 171 27 38 37 60 94 29 176 43 175 24 0 5 65 49 76 156 86 10 48 88 172 80 175 84 74 15 149 176 145 174 32 33 38 65 93 34 179 40 174 26 5 0 60 54 80 155 83 14 108 119 179 24 177 132 132 75 137 206 137 206 92 33 74 120 97 93 217 42 161 79 65 60 0 110 133 150 72 71 32 63 155 133 164 34 23 43 153 139 146 134 31 78 43 11 95 21 133 75 175 57 49 54 110 0 27 152 101 40 56 54 143 157 153 11 23 70 151 116 143 110 58 100 60 16 97 48 107 94 171 84 76 80 133 27 0 146 111 66 179 92 40 167 30 136 167 162 19 108 13 114 167 134 121 149 62 158 140 122 25 180 156 155 150 152 146 0 78 149 119 70 107 91 105 105 123 94 68 143 66 145 104 57 59 105 28 97 163 45 93 109 86 83 72 101 111 78 0 82 40 77 163 93 167 70 61 13 145 164 140 161 24 41 28 51 87 22 166 43 169 31 10 14 71 40 66 149 82 0 
0 88 131 20 151 81 97 125 44 10 52 55 17 90 127 86 41 83 30 35 106 109 82 69 67 60 130 29 54 86 88 0 165 86 201 162 80 155 79 88 87 140 104 117 110 20 47 168 117 122 93 161 170 35 26 50 90 72 140 69 131 165 0 151 43 97 94 13 97 141 183 106 140 48 85 177 143 106 118 117 84 35 135 130 162 116 114 156 109 206 20 86 151 0 171 97 111 145 61 10 32 71 22 109 142 78 40 99 46 51 121 129 92 74 61 69 140 15 70 70 151 201 43 171 0 92 134 56 127 161 203 111 156 85 128 212 172 100 131 128 126 42 130 166 195 151 157 178 114 234 81 162 97 97 92 0 130 100 86 88 127 26 76 87 145 163 118 10 51 46 131 62 38 132 144 117 164 109 27 166 97 80 94 111 134 130 0 81 55 105 132 118 114 52 33 97 80 139 109 112 13 102 155 50 87 44 34 105 120 138 125 155 13 145 56 100 81 0 89 135 176 106 136 38 72 167 134 110 116 115 71 41 137 120 152 106 101 148 109 198 44 79 97 61 127 86 55 89 0 53 88 68 60 51 83 85 46 93 55 58 62 85 104 46 68 31 89 60 69 109 10 88 141 10 161 88 105 135 53 0 42 62 16 100 135 82 41 90 37 42 114 119 86 72 64 66 136 21 61 78 52 87 183 32 203 127 132 176 88 42 0 102 51 139 165 72 53 129 77 81 144 161 117 88 61 88 159 28 100 45 55 140 106 71 111 26 118 106 68 62 102 0 51 84 139 139 94 28 25 21 121 74 37 112 120 98 152 83 3 140 17 104 140 22 156 76 114 136 60 16 51 51 0 103 143 98 57 78 26 30 122 115 70 86 80 77 147 37 49 92 90 117 48 109 85 87 52 38 51 100 139 84 103 0 58 129 96 97 86 86 47 50 120 82 114 68 81 111 86 160 127 110 85 142 128 145 33 72 83 135 165 139 143 58 0 128 113 155 135 137 21 104 176 82 119 77 31 137 141 170 86 20 177 78 212 163 97 167 85 82 72 139 98 129 128 0 45 167 116 121 110 170 168 48 19 61 110 63 139 49 41 47 143 40 172 118 80 134 46 41 53 94 57 96 113 45 0 122 71 76 92 130 123 35 26 36 106 28 94 64 83 168 106 99 100 10 139 110 93 90 129 28 78 97 155 167 122 0 53 48 140 71 30 138 148 124 173 111 29 168 30 117 118 46 131 51 109 116 55 37 77 25 26 86 135 116 71 53 0 5 115 90 53 93 97 81 143 58 24 115 35 122 117 51 128 46 112 115 58 42 81 21 30 86 137 121 76 48 5 0 117 88 48 97 102 85 146 63 19 120 106 93 84 121 126 131 13 71 62 114 144 121 122 47 21 110 92 140 115 117 0 96 158 63 100 56 34 116 123 151 109 161 35 129 42 62 102 41 85 119 161 74 115 50 104 170 130 71 90 88 96 0 100 126 153 111 130 136 77 192 82 170 135 92 130 38 155 137 104 86 117 37 70 120 176 168 123 30 53 48 158 100 0 145 149 133 189 107 35 161 69 35 130 74 166 132 50 120 46 72 88 112 86 82 82 48 35 138 93 97 63 126 145 0 37 15 71 63 112 88 67 26 162 61 195 144 87 152 68 64 61 120 80 114 119 19 26 148 97 102 100 153 149 37 0 47 106 46 120 51 60 50 116 69 151 117 44 106 31 66 88 98 77 68 77 61 36 124 81 85 56 111 133 15 47 0 71 62 99 96 130 90 114 140 157 164 34 101 89 136 159 152 147 81 31 110 106 173 143 146 34 130 189 71 106 71 0 133 154 157 29 72 156 15 178 109 105 148 60 21 28 83 37 111 137 63 28 111 58 63 116 136 107 63 46 62 133 0 82 57 54 140 109 70 114 27 120 109 69 61 100 3 49 86 141 139 94 29 24 19 123 77 35 112 120 99 154 82 0 139 86 69 206 70 234 166 138 198 109 78 45 140 92 160 170 49 64 168 115 120 151 192 161 88 51 96 157 57 139 0 
0 33 134 145 145 102 61 154 151 137 131 17 75 24 118 102 26 150 26 30 88 85 18 178 119 165 145 115 72 186 33 0 156 178 145 102 53 179 182 170 162 42 80 25 134 125 31 177 59 5 102 101 35 194 110 185 144 104 70 201 134 156 0 112 112 98 125 28 64 100 73 118 92 131 36 32 160 40 119 157 61 59 122 54 128 31 114 133 109 68 145 178 112 0 213 184 180 100 57 12 39 139 161 160 138 105 161 82 119 175 139 134 147 162 214 132 214 216 174 178 145 145 112 213 0 43 92 140 175 201 177 131 72 125 77 108 167 152 152 149 77 82 127 103 42 118 2 50 75 96 102 102 98 184 43 0 50 126 155 172 150 88 29 82 62 83 124 136 109 106 45 50 84 111 30 116 43 35 32 111 61 53 125 180 92 50 0 152 167 170 154 52 34 38 94 98 79 154 77 57 64 66 45 153 58 149 91 54 19 155 154 179 28 100 140 126 152 0 44 89 62 139 119 154 64 54 179 18 135 179 88 86 144 62 156 32 141 161 136 78 151 182 64 57 175 155 167 44 0 47 26 140 139 159 98 72 174 26 128 181 110 106 147 106 185 76 177 189 155 122 137 170 100 12 201 172 170 89 47 0 27 130 150 151 126 93 155 71 111 167 127 122 138 151 202 121 202 205 163 167 131 162 73 39 177 150 154 62 26 27 0 120 130 141 100 69 151 45 106 161 105 100 128 124 180 94 178 184 145 140 17 42 118 139 131 88 52 139 140 130 120 0 60 21 101 86 43 136 25 41 71 68 8 161 107 148 131 104 59 169 75 80 92 161 72 29 34 119 139 150 130 60 0 57 60 67 99 123 80 83 31 33 57 119 54 115 72 55 17 122 24 25 131 160 125 82 38 154 159 151 141 21 57 0 109 100 42 153 45 27 77 76 13 169 96 160 125 92 50 176 118 134 36 138 77 62 94 64 98 126 100 101 60 109 0 34 144 76 109 136 32 33 103 60 92 55 79 97 77 68 102 125 32 105 108 83 98 54 72 93 69 86 67 100 34 0 128 56 87 125 38 34 90 82 113 63 109 117 84 94 26 31 160 161 167 124 79 179 174 155 151 43 99 42 144 128 0 174 46 26 114 111 43 204 137 191 167 133 92 212 150 177 40 82 152 136 154 18 26 71 45 136 123 153 76 56 174 0 129 177 94 90 142 80 166 50 154 171 140 96 26 59 119 119 152 109 77 135 128 111 106 25 80 45 109 87 46 129 0 56 83 79 33 167 130 150 152 128 82 177 30 5 157 175 149 106 57 179 181 167 161 41 83 27 136 125 26 177 56 0 104 103 35 196 114 187 148 109 74 203 88 102 61 139 77 45 64 88 110 127 105 71 31 77 32 38 114 94 83 104 0 5 72 92 75 85 78 79 48 99 85 101 59 134 82 50 66 86 106 122 100 68 33 76 33 34 111 90 79 103 5 0 70 93 80 85 83 84 50 101 18 35 122 147 127 84 45 144 147 138 128 8 57 13 103 90 43 142 33 35 72 70 0 163 101 152 127 98 54 171 178 194 54 162 103 111 153 62 106 151 124 161 119 169 60 82 204 80 167 196 92 93 163 0 135 30 105 143 134 16 119 110 128 214 42 30 58 156 185 202 180 107 54 96 92 113 137 166 130 114 75 80 101 135 0 143 40 8 48 131 165 185 31 132 118 116 149 32 76 121 94 148 115 160 55 63 191 50 150 187 85 85 152 30 143 0 120 150 132 46 145 144 114 214 2 43 91 141 177 202 178 131 72 125 79 109 167 154 152 148 78 83 127 105 40 120 0 48 75 98 115 104 133 216 50 35 54 161 189 205 184 104 55 92 97 117 133 171 128 109 79 84 98 143 8 150 48 0 46 139 72 70 109 174 75 32 19 136 155 163 145 59 17 50 77 84 92 140 82 74 48 50 54 134 48 132 75 46 0 136 186 201 68 178 96 111 155 78 122 167 140 169 122 176 68 94 212 96 177 203 99 101 171 16 131 46 98 139 136 0 
0 6 59 74 144 130 89 25 113 91 72 89 141 121 6 77 27 32 67 113 177 135 44 145 118 41 41 109 44 107 6 0 65 77 150 136 95 20 119 93 78 95 145 126 2 83 24 26 72 119 183 140 41 151 124 37 45 112 38 110 59 65 0 102 98 81 32 84 98 57 13 54 87 108 63 42 85 91 82 78 137 135 73 125 70 100 27 62 101 61 74 77 102 0 134 129 114 73 73 154 110 87 189 74 78 83 62 78 25 99 153 72 117 100 118 73 102 164 100 163 144 150 98 134 0 19 68 165 70 142 88 55 127 76 150 67 159 172 110 35 41 108 171 69 28 176 125 128 188 129 130 136 81 129 19 0 50 152 71 123 70 44 110 80 135 53 147 159 104 32 60 113 154 79 12 164 108 110 174 110 89 95 32 114 68 50 0 113 86 75 20 38 81 96 93 33 112 120 90 55 108 128 105 109 41 129 59 67 132 68 25 20 84 73 165 152 113 0 127 112 97 110 165 133 22 99 11 7 75 133 197 142 51 159 140 17 65 132 27 130 113 119 98 73 70 71 86 127 0 155 96 48 166 10 119 56 118 134 55 39 80 43 153 32 64 134 116 153 154 153 91 93 57 154 142 123 75 112 155 0 59 108 59 165 91 99 117 117 137 130 183 192 72 181 116 129 53 25 116 23 72 78 13 110 88 70 20 97 96 59 0 49 79 106 76 40 98 104 88 71 127 136 86 122 60 113 40 58 114 57 89 95 54 87 55 44 38 110 48 108 49 0 118 58 95 12 104 117 62 25 89 90 119 73 32 121 76 105 133 105 141 145 87 189 127 110 81 165 166 59 79 118 0 176 143 114 168 171 167 131 165 208 130 185 108 182 100 34 172 36 121 126 108 74 76 80 96 133 10 165 106 58 176 0 127 66 124 140 59 49 82 33 162 26 74 139 126 163 160 163 6 2 63 78 150 135 93 22 119 91 76 95 143 127 0 83 26 28 73 119 183 141 39 151 123 39 43 110 39 108 77 83 42 83 67 53 33 99 56 99 40 12 114 66 83 0 94 106 58 37 101 96 107 83 41 111 64 97 121 97 27 24 85 62 159 147 112 11 118 117 98 104 168 124 26 94 0 16 65 127 190 131 61 150 135 17 68 136 38 134 32 26 91 78 172 159 120 7 134 117 104 117 171 140 28 106 16 0 81 140 204 147 53 166 147 12 71 138 22 136 67 72 82 25 110 104 90 75 55 137 88 62 167 59 73 58 65 81 0 75 132 68 111 85 93 80 86 144 102 143 113 119 78 99 35 32 55 133 39 130 71 25 131 49 119 37 127 140 75 0 64 82 144 54 25 144 101 122 157 123 177 183 137 153 41 60 108 197 80 183 127 89 165 82 183 101 190 204 132 64 0 106 208 62 67 207 163 169 221 170 135 140 135 72 108 113 128 142 43 192 136 90 208 33 141 96 131 147 68 82 106 0 178 44 107 144 148 193 169 193 44 41 73 117 171 154 105 51 153 72 86 119 130 162 39 107 61 53 111 144 208 178 0 184 143 65 46 96 44 94 145 151 125 100 69 79 109 159 32 181 122 73 185 26 151 83 150 166 85 54 62 44 184 0 77 165 146 176 186 177 118 124 70 118 28 12 41 140 64 116 60 32 108 74 123 41 135 147 93 25 67 107 143 77 0 152 97 105 162 105 41 37 100 73 176 164 129 17 134 129 113 121 182 139 39 111 17 12 80 144 207 144 65 165 152 0 82 149 29 147 41 45 27 102 125 108 59 65 116 53 40 76 100 126 43 64 68 71 86 101 163 148 46 146 97 82 0 68 77 66 109 112 62 164 128 110 67 132 153 25 58 105 34 163 110 97 136 138 144 122 169 193 96 176 105 149 68 0 138 2 44 38 101 100 188 174 132 27 154 116 114 133 172 160 39 121 38 22 102 157 221 169 44 186 162 29 77 138 0 136 107 110 61 163 129 110 68 130 153 23 57 105 36 163 108 97 134 136 143 123 170 193 94 177 105 147 66 2 136 0 
0 177 47 197 158 47 92 94 166 61 113 122 150 163 185 63 188 130 164 123 41 166 130 50 166 101 65 144 175 190 177 0 176 34 26 159 118 131 52 193 64 139 55 61 72 193 52 188 56 146 141 52 47 159 40 76 126 40 83 15 47 176 0 187 162 89 122 128 178 108 112 157 163 178 164 110 198 83 148 83 40 178 129 17 175 105 94 150 151 191 197 34 187 0 60 184 149 163 86 219 84 173 89 95 48 219 83 183 44 141 158 86 67 170 74 97 152 72 64 37 158 26 162 60 0 134 92 105 31 167 51 113 29 38 90 167 42 186 69 146 126 31 36 145 20 58 101 14 97 35 47 159 89 184 134 0 52 49 135 35 102 76 120 130 185 36 157 166 162 150 61 135 117 84 139 87 33 120 179 169 92 118 122 149 92 52 0 14 86 78 76 39 71 80 160 78 107 184 136 157 83 86 86 110 91 61 28 78 159 127 94 131 128 163 105 49 14 0 95 70 90 29 82 89 174 70 116 195 150 169 91 95 100 118 102 75 35 91 173 140 166 52 178 86 31 135 86 95 0 164 72 95 16 9 120 164 22 211 100 172 139 0 62 162 12 74 103 32 128 52 61 193 108 219 167 35 78 70 164 0 137 88 149 158 220 2 185 190 197 179 90 164 152 109 169 122 67 153 214 202 113 64 112 84 51 102 76 90 72 137 0 111 60 75 85 137 90 139 61 101 77 72 17 95 67 15 70 41 83 79 122 139 157 173 113 76 39 29 95 88 111 0 85 86 191 87 113 223 167 196 120 95 117 147 104 98 64 101 194 144 150 55 163 89 29 120 71 82 16 149 60 85 0 15 118 149 38 199 96 161 123 16 53 147 20 59 87 23 124 59 163 61 178 95 38 130 80 89 9 158 75 86 15 0 128 158 27 214 107 176 138 9 67 162 21 74 99 37 135 61 185 72 164 48 90 185 160 174 120 220 85 191 118 128 0 221 124 144 24 103 144 120 74 148 109 100 155 96 17 81 63 193 110 219 167 36 78 70 164 2 137 87 149 158 221 0 185 192 198 181 92 164 152 111 169 122 67 153 215 202 188 52 198 83 42 157 107 116 22 185 90 113 38 27 124 185 0 228 107 188 160 22 78 182 23 93 125 49 135 46 130 188 83 183 186 166 184 195 211 190 139 223 199 214 144 192 228 0 139 42 106 211 150 82 205 142 160 179 127 203 164 56 148 44 69 162 136 150 100 197 61 167 96 107 24 198 107 139 0 97 123 100 50 131 89 76 131 73 28 69 123 146 83 141 146 150 157 169 172 179 101 196 161 176 103 181 188 42 97 0 89 172 110 74 165 106 135 140 86 161 41 141 40 158 126 61 83 91 139 90 77 120 123 138 144 92 160 106 123 89 0 139 94 27 137 68 56 113 134 156 166 52 178 86 31 135 86 95 0 164 72 95 16 9 120 164 22 211 100 172 139 0 62 162 12 74 103 32 128 52 130 47 129 67 36 117 86 100 62 152 17 117 53 67 74 152 78 150 50 110 94 62 0 112 55 30 85 30 77 62 50 159 17 170 145 84 110 118 162 109 95 147 147 162 148 111 182 82 131 74 27 162 112 0 159 89 83 134 136 174 166 40 175 74 20 139 91 102 12 169 67 104 20 21 109 169 23 205 89 165 137 12 55 159 0 70 106 26 117 41 101 76 105 97 58 87 61 75 74 122 15 98 59 74 100 122 93 142 76 106 68 74 30 89 70 0 55 45 98 89 65 126 94 152 101 33 28 35 103 67 70 64 87 99 155 67 125 160 131 135 56 103 85 83 106 55 0 87 151 136 144 40 150 72 14 120 78 91 32 153 41 101 23 37 96 153 49 179 73 140 113 32 30 134 26 45 87 0 101 49 175 83 151 64 97 179 159 173 128 214 83 194 124 135 17 215 135 127 28 86 134 128 77 136 117 98 151 101 0 95 190 15 191 37 35 169 127 140 52 202 79 144 59 61 81 202 46 203 69 161 156 52 62 174 41 89 136 49 95 0 
0 22 121 38 94 109 167 124 8 145 90 103 118 63 78 102 150 37 85 79 175 78 100 131 26 67 35 108 151 130 22 0 141 53 115 131 186 131 22 164 109 109 140 41 98 124 172 53 83 71 195 99 120 153 46 81 51 128 169 149 121 141 0 90 99 56 50 100 127 34 35 100 79 176 43 65 37 125 129 143 54 43 121 66 95 140 124 106 42 18 38 53 90 0 97 95 134 89 46 111 57 69 111 86 47 92 124 64 64 67 144 51 111 117 15 93 62 111 116 97 94 115 99 97 0 47 146 170 93 133 95 156 35 156 86 36 104 66 161 163 138 73 22 57 86 58 67 14 141 117 109 131 56 95 47 0 100 143 112 90 66 136 23 172 62 11 57 95 153 161 91 49 69 22 91 99 96 51 98 74 167 186 50 134 146 100 0 109 174 24 77 119 121 219 89 111 50 175 157 175 28 92 168 102 141 190 174 151 22 37 124 131 100 89 170 143 109 0 132 89 77 23 166 146 84 147 135 153 61 81 135 97 189 162 104 181 151 182 87 89 8 22 127 46 93 112 174 132 0 152 97 111 119 63 85 104 155 32 92 85 181 84 98 133 33 62 30 106 158 137 145 164 34 111 133 90 24 89 152 0 55 97 113 195 67 99 52 155 133 151 46 72 155 97 119 173 154 140 8 17 90 109 35 57 95 66 77 77 97 55 0 71 89 143 13 70 71 102 95 108 89 22 116 85 64 122 101 107 61 40 103 109 100 69 156 136 119 23 111 97 71 0 156 123 74 137 136 133 41 61 142 87 174 156 84 162 131 170 97 92 118 140 79 111 35 23 121 166 119 113 89 156 0 181 82 19 73 97 171 178 107 70 54 22 103 93 98 34 121 97 63 41 176 86 156 172 219 146 63 195 143 123 181 0 133 165 209 92 87 68 230 136 159 194 83 116 90 169 200 182 78 98 43 47 86 62 89 84 85 67 13 74 82 133 0 63 77 89 93 104 97 13 107 82 52 110 88 98 74 52 102 124 65 92 36 11 111 147 104 99 70 137 19 165 63 0 68 86 152 159 102 51 58 29 86 88 86 41 107 83 150 172 37 124 104 57 50 135 155 52 71 136 73 209 77 68 0 146 166 179 34 73 126 53 126 155 146 107 60 46 37 53 125 64 66 95 175 153 32 155 102 133 97 92 89 86 146 0 121 116 176 83 67 115 49 30 2 78 162 138 85 83 129 64 161 153 157 61 92 133 95 41 171 87 93 152 166 121 0 20 177 104 175 175 77 151 119 175 135 126 79 71 143 67 163 161 175 81 85 151 108 61 178 68 104 159 179 116 20 0 193 113 175 183 77 146 114 177 153 142 175 195 54 144 138 91 28 135 181 46 89 142 107 230 97 102 34 176 177 193 0 97 160 86 149 187 176 141 49 51 78 99 43 51 73 49 92 97 84 72 22 87 70 136 13 51 73 83 104 113 97 0 94 71 53 101 82 85 80 55 100 120 121 111 22 69 168 189 98 155 116 174 54 159 107 58 126 67 175 175 160 94 0 76 99 48 69 20 163 139 131 153 66 117 57 22 102 162 133 97 85 156 22 194 82 29 53 115 175 183 86 71 76 0 113 114 115 56 105 84 26 46 95 15 86 91 141 104 33 119 64 84 103 83 52 86 126 49 77 77 149 53 99 113 0 78 47 100 125 104 67 81 140 93 58 99 190 181 62 173 122 162 93 116 110 88 155 30 151 146 187 101 48 114 78 0 32 66 181 156 35 51 124 62 67 96 174 151 30 154 101 131 98 90 88 86 146 2 119 114 176 82 69 115 47 32 0 80 162 137 108 128 106 111 14 51 151 182 106 140 107 170 34 169 98 41 107 78 175 177 141 85 20 56 100 66 80 0 148 124 151 169 42 116 141 98 22 87 158 8 61 97 121 200 74 107 60 162 135 153 49 80 163 105 125 181 162 148 0 25 130 149 18 97 117 74 37 89 137 17 40 92 97 182 52 83 46 138 126 142 51 55 139 84 104 156 137 124 25 0 
0 163 163 177 184 77 179 145 149 118 169 184 161 106 76 201 93 42 69 76 92 109 112 184 183 213 178 169 198 100 163 0 102 20 33 125 33 43 78 141 63 72 9 59 165 57 109 123 164 153 159 109 105 145 154 50 33 13 94 75 163 102 0 96 134 174 81 61 26 67 43 46 93 113 116 82 70 142 119 105 101 175 174 43 52 128 135 94 44 134 177 20 96 0 41 143 17 44 75 143 54 58 16 76 173 37 116 138 173 160 166 129 125 138 148 38 45 8 79 93 184 33 134 41 0 135 58 76 111 174 93 99 42 78 195 75 141 142 193 183 191 110 105 177 186 42 8 40 120 87 77 125 174 143 135 0 153 129 151 157 160 174 127 70 137 178 118 46 131 130 146 34 38 208 212 173 127 135 194 50 179 33 81 17 58 153 0 36 61 132 38 41 26 84 165 25 108 143 166 152 157 139 135 122 132 47 62 20 62 103 145 43 61 44 76 129 36 0 36 99 31 45 34 60 129 56 72 111 130 116 122 122 120 104 113 81 76 38 65 81 149 78 26 75 111 151 61 36 0 72 27 39 69 88 114 69 60 123 116 102 102 150 149 69 77 108 111 71 49 109 118 141 67 143 174 157 132 99 72 0 99 109 132 120 53 141 41 114 58 45 35 172 173 69 66 179 173 137 111 136 169 63 43 54 93 160 38 31 27 99 0 15 54 91 141 42 85 139 142 128 129 153 151 84 94 85 96 53 34 112 184 72 46 58 99 174 41 45 39 109 15 0 63 105 153 36 99 154 155 141 140 167 165 84 95 83 103 60 22 126 161 9 93 16 42 127 26 34 69 132 54 63 0 60 159 51 102 122 158 146 152 113 109 136 145 53 42 8 85 77 106 59 113 76 78 70 84 60 88 120 91 105 60 0 125 108 79 64 122 114 126 62 61 153 159 109 73 68 125 21 76 165 116 173 195 137 165 129 114 53 141 153 159 125 0 182 57 91 7 13 19 161 163 122 118 210 192 166 160 134 201 57 82 37 75 178 25 56 69 141 42 36 51 108 182 0 125 166 183 169 171 164 160 120 131 49 81 44 50 128 93 109 70 116 141 118 108 72 60 41 85 99 102 79 57 125 0 78 58 44 50 131 132 93 95 153 138 109 109 95 42 123 142 138 142 46 143 111 123 114 139 154 122 64 91 166 78 0 85 84 100 72 75 171 173 173 136 130 171 58 69 164 119 173 193 131 166 130 116 58 142 155 158 122 7 183 58 85 0 14 25 155 157 127 124 210 190 165 162 130 76 153 105 160 183 130 152 116 102 45 128 141 146 114 13 169 44 84 14 0 16 153 154 114 111 197 179 153 148 124 92 159 101 166 191 146 157 122 102 35 129 140 152 126 19 171 50 100 25 16 0 168 169 103 99 203 188 159 145 137 109 109 175 129 110 34 139 122 150 172 153 167 113 62 161 164 131 72 155 153 168 0 5 215 220 151 102 121 187 41 112 105 174 125 105 38 135 120 149 173 151 165 109 61 163 160 132 75 157 154 169 5 0 214 219 146 97 117 185 40 184 145 43 138 177 208 122 104 69 69 84 84 136 153 122 120 93 171 127 114 103 215 214 0 11 167 178 137 72 174 183 154 52 148 186 212 132 113 77 66 94 95 145 159 118 131 95 173 124 111 99 220 219 11 0 178 187 146 83 179 213 50 128 38 42 173 47 81 108 179 85 83 53 109 210 49 153 173 210 197 203 151 146 167 178 0 50 45 99 123 178 33 135 45 8 127 62 76 111 173 96 103 42 73 192 81 138 136 190 179 188 102 97 178 187 50 0 43 124 80 169 13 94 8 40 135 20 38 71 137 53 60 8 68 166 44 109 130 165 153 159 121 117 137 146 45 43 0 82 85 198 94 44 79 120 194 62 65 49 111 34 22 85 125 160 50 109 171 162 148 145 187 185 72 83 99 124 82 0 146 100 75 134 93 87 50 103 81 109 136 112 126 77 21 134 128 95 58 130 124 137 41 40 174 179 123 80 85 146 0 
0 25 51 72 193 111 84 139 140 174 170 32 151 145 129 15 64 101 85 150 70 129 142 78 116 122 101 63 98 61 25 0 33 80 185 118 69 119 132 156 163 57 136 155 122 40 71 99 62 127 87 109 159 85 101 142 83 51 81 39 51 33 0 68 154 102 36 88 101 123 132 75 103 142 92 63 59 73 38 102 87 78 153 71 68 142 50 21 48 54 72 80 68 0 135 40 70 130 90 147 111 62 116 75 78 69 9 45 101 156 31 114 86 8 87 79 87 55 84 117 193 185 154 135 0 111 120 117 53 86 24 196 68 125 64 197 137 93 153 153 164 108 170 127 91 186 114 134 115 205 111 118 102 40 111 0 90 139 77 144 88 100 112 41 67 109 47 43 128 173 58 123 69 33 93 77 102 84 101 154 84 69 36 70 120 90 0 61 67 90 99 102 67 131 59 95 63 51 40 86 98 47 153 68 32 149 18 22 15 85 139 119 88 130 117 139 61 0 81 45 107 161 49 177 83 151 123 96 59 37 158 16 207 126 46 208 43 82 46 115 140 132 101 90 53 77 67 81 0 70 32 146 38 107 12 146 89 45 102 118 121 67 145 82 41 154 63 81 64 152 174 156 123 147 86 144 90 45 70 0 83 191 32 177 78 185 143 105 101 73 178 47 213 141 61 219 73 112 76 158 170 163 132 111 24 88 99 107 32 83 0 172 58 107 41 173 113 69 134 144 140 95 150 103 73 164 95 112 96 184 32 57 75 62 196 100 102 161 146 191 172 0 165 125 134 18 59 103 112 177 46 148 115 70 131 93 119 80 116 93 151 136 103 116 68 112 67 49 38 32 58 165 0 145 46 160 113 73 91 86 147 40 181 110 35 187 54 88 57 146 145 155 142 75 125 41 131 177 107 177 107 125 145 0 99 139 84 82 169 212 79 161 45 71 131 67 142 125 141 192 129 122 92 78 64 67 59 83 12 78 41 134 46 99 0 134 77 33 97 118 109 67 136 70 39 143 59 71 59 144 15 40 63 69 197 109 95 151 146 185 173 18 160 139 134 0 63 104 99 164 60 140 131 77 125 110 112 73 109 76 64 71 59 9 137 47 63 123 89 143 113 59 113 84 77 63 0 44 93 149 35 108 94 14 83 86 80 47 78 108 101 99 73 45 93 43 51 96 45 105 69 103 73 82 33 104 44 0 91 130 76 80 111 37 50 114 60 52 59 127 85 62 38 101 153 128 40 59 102 101 134 112 91 169 97 99 93 91 0 65 124 54 187 102 62 179 39 46 38 57 150 127 102 156 153 173 86 37 118 73 144 177 86 212 118 164 149 130 65 0 183 51 239 154 81 235 71 103 72 112 70 87 87 31 164 58 98 158 121 178 140 46 147 79 109 60 35 76 124 183 0 143 72 39 118 55 115 80 113 126 129 109 78 114 108 123 47 16 67 47 95 148 40 161 67 140 108 80 54 51 143 0 191 110 30 192 29 68 32 111 142 159 153 86 170 69 153 207 145 213 150 115 181 45 136 131 94 111 187 239 72 191 0 85 161 29 168 141 167 198 78 85 71 8 127 33 68 126 82 141 103 70 110 71 70 77 14 37 102 154 39 110 85 0 82 82 84 56 82 121 116 101 68 87 91 93 32 46 41 61 73 131 35 131 39 125 83 50 62 81 118 30 161 82 0 164 23 53 24 114 122 142 142 79 186 77 149 208 154 219 164 93 187 67 143 110 86 114 179 235 55 192 29 82 164 0 166 133 163 181 101 83 50 87 114 102 18 43 63 73 95 119 54 142 59 112 80 60 39 71 115 29 168 84 23 166 0 39 3 92 63 51 21 55 134 84 22 82 81 112 112 80 88 125 71 73 47 52 46 103 80 68 141 56 53 133 39 0 36 75 98 81 48 84 115 101 15 46 64 76 96 116 57 141 59 109 78 59 38 72 113 32 167 82 24 163 3 36 0 90 61 39 54 117 205 154 85 115 152 158 184 93 146 192 144 76 108 127 57 112 126 111 198 121 114 181 92 75 90 0 
