0 59 39 114 183 149 68 192 160 27 173 104 141 59 201 129 161 155 168 4 93 77 107 78 210 51 203 117 79 10 59 0 72 78 126 135 38 147 142 34 117 65 87 9 144 94 132 103 125 59 42 27 80 75 154 19 146 58 22 58 39 72 0 95 184 116 58 174 128 40 188 90 159 77 200 107 131 175 150 35 114 98 83 46 204 55 199 126 85 49 114 78 95 0 106 66 47 79 69 89 138 13 122 87 117 16 54 140 55 112 101 95 17 54 114 69 112 82 61 119 183 126 184 106 0 161 126 85 158 157 64 102 78 129 19 110 133 86 83 183 107 118 123 156 40 134 28 71 104 184 149 135 116 66 161 0 97 100 13 131 202 78 188 144 168 54 34 206 84 146 165 157 55 71 156 119 159 148 123 158 68 38 58 47 126 97 0 124 105 42 137 36 111 47 142 63 97 128 100 66 75 63 43 39 147 23 141 74 34 72 192 147 174 79 85 100 124 0 92 166 146 88 148 155 81 69 66 161 24 190 154 156 93 132 62 144 69 119 126 196 160 142 128 69 158 13 105 92 0 141 203 82 190 151 163 55 26 207 78 157 170 164 62 82 150 127 154 151 130 169 27 34 40 89 157 131 42 166 141 0 151 78 121 37 175 105 138 136 142 26 74 58 84 62 183 24 176 92 53 30 173 117 188 138 64 202 137 146 203 151 0 129 32 115 78 148 181 27 138 175 80 96 154 175 103 133 91 63 104 169 104 65 90 13 102 78 36 88 82 78 129 0 110 74 115 29 67 128 64 102 88 82 25 54 115 57 112 70 48 108 141 87 159 122 78 188 111 148 190 121 32 110 0 84 96 135 171 18 135 143 48 64 135 150 118 104 106 40 77 137 59 9 77 87 129 144 47 155 151 37 115 74 84 0 147 103 141 99 133 60 37 21 89 83 159 27 151 59 29 56 201 144 200 117 19 168 142 81 163 175 78 115 96 147 0 118 137 102 85 201 126 137 134 169 25 151 13 90 122 202 129 94 107 16 110 54 63 69 55 105 148 29 135 103 118 0 38 152 45 127 117 111 24 63 112 85 112 96 77 135 161 132 131 54 133 34 97 66 26 138 181 67 171 141 137 38 0 188 52 158 155 149 54 85 124 120 128 132 115 168 155 103 175 140 86 206 128 161 207 136 27 128 18 99 102 152 188 0 150 157 62 78 153 167 125 121 113 58 94 151 168 125 150 55 83 84 100 24 78 142 138 64 135 133 85 45 52 150 0 166 134 135 69 108 72 120 76 102 104 172 4 59 35 112 183 146 66 190 157 26 175 102 143 60 201 127 158 157 166 0 95 79 104 75 209 50 202 117 79 14 93 42 114 101 107 165 75 154 170 74 80 88 48 37 126 117 155 62 134 95 0 16 110 114 143 61 132 37 42 89 77 27 98 95 118 157 63 156 164 58 96 82 64 21 137 111 149 78 135 79 16 0 102 102 152 46 142 47 34 73 107 80 83 17 123 55 43 93 62 84 154 25 135 89 134 24 54 153 69 104 110 102 0 39 131 66 129 95 68 114 78 75 46 54 156 71 39 132 82 62 175 54 150 83 169 63 85 167 108 75 114 102 39 0 168 56 166 112 73 87 210 154 204 114 40 156 147 62 150 183 103 115 118 159 25 112 124 125 72 209 143 152 131 168 0 159 12 106 132 212 51 19 55 69 134 119 23 144 127 24 133 57 104 27 151 85 120 121 120 50 61 46 66 56 159 0 152 71 30 54 203 146 199 112 28 159 141 69 154 176 91 112 106 151 13 112 128 113 76 202 132 142 129 166 12 152 0 95 124 204 117 58 126 82 71 148 74 119 151 92 63 70 40 59 90 96 132 58 102 117 37 47 95 112 106 71 95 0 41 115 79 22 85 61 104 123 34 126 130 53 104 48 77 29 122 77 115 94 104 79 42 34 68 73 132 30 124 41 0 80 10 58 49 119 184 158 72 196 169 30 169 108 137 56 202 135 168 151 172 14 89 73 114 87 212 54 204 115 80 0 
0 98 86 83 71 88 120 118 124 105 43 97 122 8 122 57 23 99 78 98 92 76 89 140 72 94 152 58 82 70 98 0 142 37 32 36 70 96 26 73 139 77 47 90 57 136 93 169 171 12 120 119 128 97 169 31 115 66 36 43 86 142 0 149 131 153 114 90 165 95 104 84 184 91 188 134 109 30 70 150 178 162 175 117 109 156 120 137 108 138 83 37 149 0 18 5 103 123 56 101 118 102 39 75 40 108 70 172 161 27 83 85 93 130 150 12 148 35 61 13 71 32 131 18 0 22 89 107 57 85 110 85 54 63 57 104 62 155 148 28 91 88 98 116 141 25 134 35 45 14 88 36 153 5 22 0 104 125 52 103 123 105 34 80 35 113 75 177 166 25 86 89 96 131 155 7 149 40 63 18 120 70 114 103 89 104 0 32 76 19 163 30 116 116 127 174 128 144 170 82 177 173 184 27 187 101 45 121 45 103 118 96 90 123 107 125 32 0 107 23 158 23 143 116 153 175 132 120 153 108 190 182 195 27 178 124 34 135 62 121 124 26 165 56 57 52 76 107 0 85 165 92 44 116 56 161 119 193 197 29 138 141 148 102 195 46 120 88 57 65 105 73 95 101 85 103 19 23 85 0 147 11 120 101 130 160 115 125 151 85 170 164 176 35 170 101 50 114 40 99 43 139 104 118 110 123 163 158 165 147 0 138 157 50 154 34 48 105 62 138 92 74 85 181 32 130 192 86 125 105 97 77 84 102 85 105 30 23 92 11 138 0 124 94 133 153 109 114 140 88 167 159 172 43 160 104 55 112 42 98 122 47 184 39 54 34 116 143 44 120 157 124 0 114 12 144 109 209 200 36 107 115 119 143 189 29 161 72 83 52 8 90 91 75 63 80 116 116 116 101 50 94 114 0 114 59 18 106 86 90 87 73 86 136 79 86 149 50 76 62 122 57 188 40 57 35 127 153 56 130 154 133 12 114 0 139 107 212 200 45 97 107 110 154 186 32 172 68 91 53 57 136 134 108 104 113 174 175 161 160 34 153 144 59 139 0 46 138 96 132 61 43 52 195 58 120 208 73 132 96 23 93 109 70 62 75 128 132 119 115 48 109 109 18 107 46 0 122 97 90 69 55 68 150 80 82 164 39 86 57 99 169 30 172 155 177 144 120 193 125 105 114 209 106 212 138 122 0 55 176 189 172 185 147 101 180 149 156 136 161 78 171 70 161 148 166 170 153 197 151 62 140 200 86 200 96 97 55 0 174 154 136 147 180 47 172 186 136 146 148 98 12 150 27 28 25 82 108 29 85 138 88 36 90 45 132 90 176 174 0 110 112 120 109 169 20 127 59 47 36 92 120 178 83 91 86 177 190 138 170 92 167 107 87 97 61 69 189 154 110 0 18 13 203 119 93 220 56 132 77 76 119 162 85 88 89 173 182 141 164 74 159 115 73 107 43 55 172 136 112 18 0 13 199 101 96 214 53 128 76 89 128 175 93 98 96 184 195 148 176 85 172 119 86 110 52 68 185 147 120 13 13 0 210 110 103 226 63 139 85 140 97 117 130 116 131 27 27 102 35 181 43 143 136 154 195 150 147 180 109 203 199 210 0 203 128 18 147 71 130 72 169 109 150 141 155 187 178 195 170 32 160 189 79 186 58 80 101 47 169 119 101 110 203 0 162 212 118 154 137 94 31 156 12 25 7 101 124 46 101 130 104 29 86 32 120 82 180 172 20 93 96 103 128 162 0 146 47 62 25 152 115 120 148 134 149 45 34 120 50 192 55 161 149 172 208 164 149 186 127 220 214 226 18 212 146 0 164 89 148 58 66 137 35 35 40 121 135 88 114 86 112 72 50 68 73 39 156 136 59 56 53 63 147 118 47 164 0 76 23 82 36 108 61 45 63 45 62 57 40 125 42 83 76 91 132 86 136 146 47 132 128 139 71 154 62 89 76 0 59 70 43 138 13 14 18 103 121 65 99 105 98 52 62 53 96 57 161 148 36 77 76 85 130 137 25 148 23 59 0 
0 57 119 60 86 41 106 176 167 102 67 90 171 26 42 148 83 125 165 151 90 92 93 6 84 151 120 79 160 92 57 0 128 50 143 28 118 223 207 159 119 146 163 83 38 167 93 143 166 155 147 109 150 63 29 150 128 98 175 102 119 128 0 78 129 105 13 142 111 168 169 134 60 125 94 44 38 23 47 32 155 27 163 118 152 36 2 40 47 28 60 50 78 0 122 28 68 185 164 150 126 127 117 81 19 117 43 93 117 105 136 59 142 63 74 101 78 51 125 52 86 143 129 122 0 119 118 100 106 39 71 5 189 64 114 128 109 118 174 159 28 105 36 80 170 165 131 96 147 113 41 28 105 28 119 0 93 196 179 142 108 124 145 66 11 140 67 116 145 132 128 82 133 46 56 129 105 71 150 77 106 118 13 68 118 93 0 139 110 156 156 123 72 112 82 50 26 26 60 45 143 14 151 105 142 48 14 27 57 16 176 223 142 185 100 196 139 0 36 124 171 101 191 159 186 110 150 120 169 158 122 136 128 170 252 169 144 137 126 146 167 207 111 164 106 179 110 36 0 138 177 108 156 155 169 75 125 88 134 123 132 110 140 162 235 134 113 114 90 120 102 159 168 150 39 142 156 124 138 0 58 34 227 76 139 167 145 157 213 198 14 143 9 96 186 203 169 132 186 149 67 119 169 126 71 108 156 171 177 58 0 70 227 46 109 185 137 168 216 201 52 142 49 63 142 204 170 129 202 146 90 146 134 127 5 124 123 101 108 34 70 0 194 67 118 133 114 123 179 164 24 110 32 84 174 170 136 101 152 118 171 163 60 117 189 145 72 191 156 227 227 194 0 182 136 81 90 75 22 33 214 86 222 172 179 24 58 98 66 82 26 83 125 81 64 66 112 159 155 76 46 67 182 0 65 147 92 127 172 157 64 98 67 20 110 160 126 85 162 101 42 38 94 19 114 11 82 186 169 139 109 118 136 65 0 129 56 105 134 122 125 71 130 46 66 119 94 60 139 66 148 167 44 117 128 140 50 110 75 167 185 133 81 147 129 0 74 24 59 48 156 58 164 145 191 60 45 70 19 65 83 93 38 43 109 67 26 150 125 145 137 114 90 92 56 74 0 50 83 68 131 16 138 82 117 68 38 14 83 10 125 143 23 93 118 116 26 120 88 157 168 123 75 127 105 24 50 0 57 42 145 34 153 123 167 51 25 47 35 41 165 166 47 117 174 145 60 169 134 213 216 179 22 172 134 59 83 57 0 15 200 74 208 165 184 16 46 87 44 73 151 155 32 105 159 132 45 158 123 198 201 164 33 157 122 48 68 42 15 0 185 59 193 150 174 12 31 72 37 59 90 147 155 136 28 128 143 122 132 14 52 24 214 64 125 156 131 145 200 185 0 129 8 84 174 190 156 119 175 136 92 109 27 59 105 82 14 136 110 143 142 110 86 98 71 58 16 34 74 59 129 0 137 91 133 62 28 13 69 10 93 150 163 142 36 133 151 128 140 9 49 32 222 67 130 164 138 153 208 193 8 137 0 87 177 198 164 126 183 143 6 63 118 63 80 46 105 170 162 96 63 84 172 20 46 145 82 123 165 150 84 91 87 0 90 150 119 78 158 92 84 29 152 74 170 56 142 252 235 186 142 174 179 110 66 191 117 167 184 174 174 133 177 90 0 168 151 125 199 126 151 150 36 101 165 129 48 169 134 203 204 170 24 160 119 60 68 51 16 12 190 62 198 150 168 0 34 75 49 59 120 128 2 78 131 105 14 144 113 169 170 136 58 126 94 45 38 25 46 31 156 28 164 119 151 34 0 41 48 28 79 98 40 51 96 71 27 137 114 132 129 101 98 85 60 70 14 47 87 72 119 13 126 78 125 75 41 0 82 17 160 175 47 125 147 150 57 126 90 186 202 152 66 162 139 19 83 35 44 37 175 69 183 158 199 49 48 82 0 73 92 102 28 52 113 77 16 146 120 149 146 118 82 101 66 65 10 41 73 59 136 10 143 92 126 59 28 17 73 0 
0 196 45 198 179 59 170 133 186 73 127 150 78 83 78 191 109 57 60 64 165 19 15 89 79 115 74 27 134 197 196 0 152 122 62 142 32 174 41 170 101 62 179 128 126 17 93 179 180 152 33 177 182 194 163 191 182 170 108 47 45 152 0 161 139 21 127 113 142 59 88 107 77 51 43 148 66 52 62 36 122 26 31 84 69 106 67 19 96 154 198 122 161 0 174 140 137 94 81 133 73 80 228 177 168 137 104 150 218 134 131 184 189 141 214 121 140 171 65 77 179 62 139 174 0 139 37 202 96 178 129 97 140 98 101 45 105 182 146 155 43 160 164 206 125 212 190 158 139 105 59 142 21 140 139 0 121 94 128 43 68 92 97 63 53 141 51 43 83 19 115 44 49 71 87 89 55 32 75 139 170 32 127 137 37 121 0 171 59 155 97 61 148 98 97 22 78 162 150 135 7 151 156 181 132 184 167 146 106 70 133 174 113 94 202 94 171 0 140 60 74 112 190 155 145 182 98 76 175 77 164 128 131 52 181 27 60 114 66 145 186 41 142 81 96 128 59 140 0 146 72 36 187 133 128 56 77 159 184 133 55 168 173 167 171 160 158 159 76 13 73 170 59 133 178 43 155 60 146 0 75 111 135 106 96 172 77 17 118 24 148 68 71 28 128 47 12 54 76 155 127 101 88 73 129 68 97 74 72 75 0 39 155 106 96 109 33 90 145 67 90 112 117 95 142 90 86 100 11 80 150 62 107 80 97 92 61 112 36 111 39 0 158 105 98 70 41 123 154 97 54 133 138 134 143 129 123 123 46 47 78 179 77 228 140 97 148 190 187 135 155 158 0 54 60 170 124 125 18 113 146 70 69 159 16 182 142 82 165 200 83 128 51 177 98 63 98 155 133 106 106 105 54 0 10 120 73 103 52 82 95 64 68 134 38 152 117 67 116 146 78 126 43 168 101 53 97 145 128 96 96 98 60 10 0 119 64 94 56 72 93 60 63 124 46 142 108 60 106 141 191 17 148 137 45 141 22 182 56 172 109 70 170 120 119 0 95 180 172 153 26 172 177 198 154 198 184 167 116 63 109 93 66 104 105 51 78 98 77 77 33 41 124 73 64 95 0 86 116 59 71 92 97 103 110 107 89 82 44 88 57 179 52 150 182 43 162 76 159 17 90 123 125 103 94 180 86 0 107 27 155 55 57 34 119 58 17 43 91 169 60 180 62 218 146 83 150 175 184 118 145 154 18 52 56 172 116 107 0 98 147 52 51 141 24 165 124 64 154 197 64 152 36 134 155 19 135 77 133 24 67 97 113 82 72 153 59 27 98 0 128 52 56 52 105 70 36 38 71 144 165 33 122 131 43 115 7 164 55 148 90 54 146 95 93 26 71 155 147 128 0 146 151 174 130 177 160 141 99 66 19 177 26 184 160 44 151 128 168 68 112 133 70 64 60 172 92 55 52 52 146 0 5 89 67 113 72 14 119 180 15 182 31 189 164 49 156 131 173 71 117 138 69 68 63 177 97 57 51 56 151 5 0 91 68 115 74 18 124 185 89 194 84 141 206 71 181 52 167 28 95 134 159 134 124 198 103 34 141 52 174 89 91 0 153 29 17 77 93 175 79 163 69 214 125 87 132 181 171 128 142 143 16 38 46 154 110 119 24 105 130 67 68 153 0 175 136 77 151 184 115 191 106 121 212 89 184 27 160 47 90 129 182 152 142 198 107 58 165 70 177 113 115 29 175 0 41 101 84 166 74 182 67 140 190 55 167 60 158 12 86 123 142 117 108 184 89 17 124 36 160 72 74 17 136 41 0 60 86 166 27 170 19 171 158 32 146 114 159 54 100 123 82 67 60 167 82 43 64 38 141 14 18 77 77 101 60 0 107 170 134 108 96 65 139 75 106 66 76 76 11 46 165 116 106 116 44 91 154 71 99 119 124 93 151 84 86 107 0 83 197 47 154 77 105 139 70 145 13 155 80 47 200 146 141 63 88 169 197 144 66 180 185 175 184 166 166 170 83 0 
0 170 105 53 165 48 73 9 93 77 49 39 127 122 96 59 129 80 86 74 77 91 62 45 60 91 50 134 88 83 170 0 149 169 12 131 116 176 94 116 121 209 54 48 112 212 51 112 227 100 219 209 132 214 128 145 153 43 163 124 105 149 0 57 150 66 51 114 61 46 88 127 137 115 39 164 137 133 191 76 182 193 48 143 55 14 136 107 22 34 53 169 57 0 168 42 53 62 76 54 64 70 139 125 66 110 141 111 137 73 129 144 37 86 42 45 97 126 37 51 165 12 150 168 0 126 115 171 94 116 116 204 45 43 112 204 42 103 218 95 211 200 131 208 126 145 145 43 163 124 48 131 66 42 126 0 25 57 45 29 23 84 97 83 48 105 99 71 130 31 121 129 18 93 13 52 70 90 59 38 73 116 51 53 115 25 0 82 23 5 39 108 91 73 24 130 92 82 155 26 146 152 16 118 14 39 91 73 53 17 9 176 114 62 171 57 82 0 101 86 55 35 130 128 105 50 133 81 77 81 68 82 71 38 69 100 47 140 97 92 93 94 61 76 94 45 23 101 0 22 50 129 76 54 22 148 76 82 169 26 161 163 39 138 36 53 101 51 69 30 77 116 46 54 116 29 5 86 22 0 44 111 94 74 19 134 95 87 159 30 150 157 18 121 17 35 96 73 50 12 49 121 88 64 116 23 39 55 50 44 0 88 80 73 63 98 83 48 119 26 111 113 40 93 33 74 52 85 82 56 39 209 127 70 204 84 108 35 129 111 88 0 165 161 128 51 168 116 77 113 69 94 94 19 94 115 79 173 107 115 127 54 137 139 45 97 91 130 76 94 80 165 0 26 98 159 3 58 173 67 166 155 105 166 98 128 100 47 144 105 122 48 115 125 43 83 73 128 54 74 73 161 26 0 76 164 25 68 181 52 173 166 89 166 83 107 107 22 123 84 96 112 39 66 112 48 24 105 22 19 63 128 98 76 0 153 98 101 178 43 169 176 34 140 36 33 115 69 51 15 59 212 164 110 204 105 130 50 148 134 98 51 159 164 153 0 162 102 27 124 19 44 121 32 118 150 59 180 147 142 129 51 137 141 42 99 92 133 76 95 83 168 3 25 98 162 0 61 176 68 169 158 106 169 99 129 103 45 145 106 80 112 133 111 103 71 82 81 82 87 48 116 58 68 101 102 61 0 115 58 108 98 87 113 80 121 43 89 129 99 86 227 191 137 218 130 155 77 169 159 119 77 173 181 178 27 176 115 0 145 9 28 147 58 143 177 74 198 174 168 74 100 76 73 95 31 26 81 26 30 26 113 67 52 43 124 68 58 145 0 137 139 38 119 31 65 76 60 79 42 77 219 182 129 211 121 146 68 161 150 111 69 166 173 169 19 169 108 9 137 0 28 138 51 134 168 66 190 165 159 91 209 193 144 200 129 152 82 163 157 113 94 155 166 176 44 158 98 28 139 28 0 147 76 142 179 63 186 179 167 62 132 48 37 131 18 16 71 39 18 40 94 105 89 34 121 106 87 147 38 138 147 0 106 7 34 88 89 42 21 45 214 143 86 208 93 118 38 138 121 93 19 166 166 140 32 169 113 58 119 51 76 106 0 104 130 72 178 123 127 60 128 55 42 126 13 14 69 36 17 33 94 98 83 36 118 99 80 143 31 134 142 7 104 0 41 82 86 49 25 91 145 14 45 145 52 39 100 53 35 74 115 128 107 33 150 129 121 177 65 168 179 34 130 41 0 122 102 18 23 50 153 136 97 145 70 91 47 101 96 52 79 100 107 115 59 103 43 74 76 66 63 88 72 82 122 0 124 127 107 134 43 107 126 43 90 73 140 51 73 85 173 47 22 69 180 45 89 198 60 190 186 89 178 86 102 124 0 120 81 88 163 22 37 163 59 53 97 69 50 82 107 144 123 51 147 145 129 174 79 165 179 42 123 49 18 127 120 0 39 83 124 34 51 124 38 17 92 30 12 56 115 105 84 15 142 106 99 168 42 159 167 21 127 25 23 107 81 39 0 
0 169 157 199 39 13 131 36 219 79 130 191 121 157 175 246 239 119 151 139 177 173 87 178 181 85 154 153 196 167 169 0 24 136 192 181 60 142 141 121 113 82 82 216 53 158 165 97 173 203 125 46 84 224 155 160 67 110 98 206 157 24 0 154 182 169 67 132 162 119 122 103 88 222 74 179 186 103 182 208 141 67 75 232 169 159 82 123 119 214 199 136 154 0 195 203 97 163 21 120 69 58 89 131 83 48 40 83 84 128 22 90 138 126 39 129 74 47 42 109 39 192 182 195 0 28 144 50 215 81 127 198 129 127 188 242 234 122 133 110 173 186 108 149 169 68 162 150 199 142 13 181 169 203 28 0 139 42 223 84 134 197 127 151 183 250 243 125 150 134 181 181 97 173 182 84 160 157 202 164 131 60 67 97 144 139 0 97 110 66 55 64 22 156 44 133 134 37 115 143 80 42 48 166 104 102 26 58 72 148 36 142 132 163 50 42 97 0 183 43 94 155 85 135 141 210 203 83 122 117 141 139 58 154 147 59 118 117 160 142 219 141 162 21 215 223 110 183 0 140 89 60 105 150 88 27 24 102 104 148 42 95 154 143 58 150 84 66 43 128 79 121 119 120 81 84 66 43 140 0 51 117 48 111 107 167 160 41 86 94 98 107 49 127 104 40 81 74 118 112 130 113 122 69 127 134 55 94 89 51 0 77 34 104 78 116 109 20 60 92 47 80 78 111 58 66 51 23 73 93 191 82 103 58 198 197 64 155 60 117 77 0 70 171 29 76 83 76 123 163 56 36 112 172 88 143 38 57 17 154 121 82 88 89 129 127 22 85 105 48 34 70 0 134 59 131 129 15 94 121 68 59 49 144 89 81 33 44 75 126 157 216 222 131 127 151 156 135 150 111 104 171 134 0 180 173 157 119 48 18 117 183 160 22 92 76 154 115 160 23 175 53 74 83 188 183 44 141 88 107 78 29 59 180 0 105 112 70 133 170 75 7 92 184 107 139 27 66 45 166 246 158 179 48 242 250 133 210 27 167 116 76 131 173 105 0 18 129 128 172 69 112 180 164 82 177 107 93 62 150 239 165 186 40 234 243 134 203 24 160 109 83 129 157 112 18 0 123 114 158 62 119 178 147 68 168 108 87 67 134 119 97 103 83 122 125 37 83 102 41 20 76 15 119 70 129 123 0 79 106 61 71 58 129 78 69 43 36 77 111 151 173 182 84 133 150 115 122 104 86 60 123 94 48 133 128 114 79 0 44 69 137 130 51 46 66 108 67 112 33 139 203 208 128 110 134 143 117 148 94 92 163 121 18 170 172 158 106 44 0 113 172 143 39 90 58 143 106 154 33 177 125 141 22 173 181 80 141 42 98 47 56 68 117 75 69 62 61 69 113 0 81 117 117 32 108 59 25 43 99 173 46 67 90 186 181 42 139 95 107 80 36 59 183 7 112 119 71 137 172 81 0 88 188 113 140 29 70 52 170 87 84 75 138 108 97 48 58 154 49 78 112 49 160 92 180 178 58 130 143 117 88 0 175 136 89 74 93 120 159 178 224 232 126 149 173 166 154 143 127 111 172 144 22 184 164 147 129 51 39 117 188 175 0 87 95 159 118 160 18 181 155 169 39 169 182 104 147 58 104 58 88 89 92 107 82 68 78 46 90 32 113 136 87 0 101 88 46 74 70 85 160 159 129 68 84 102 59 150 40 66 143 81 76 139 177 168 69 66 58 108 140 89 95 101 0 112 89 139 83 154 67 82 74 162 160 26 118 84 81 51 38 33 154 27 107 108 43 108 143 59 29 74 159 88 112 0 43 46 141 153 110 123 47 150 157 58 117 66 74 23 57 44 115 66 93 87 36 67 106 25 70 93 118 46 89 43 0 51 100 196 98 119 42 199 202 72 160 43 118 73 17 75 160 45 62 67 77 112 154 43 52 120 160 74 139 46 51 0 142 167 206 214 109 142 164 148 142 128 112 93 154 126 23 166 150 134 111 33 33 99 170 159 18 70 83 141 100 142 0 
0 145 153 133 63 158 175 155 10 192 14 123 38 174 175 66 75 129 97 88 171 133 132 188 148 127 78 77 159 79 145 0 45 54 126 44 39 91 154 62 131 75 107 29 61 79 92 143 138 91 49 87 18 43 130 98 119 140 33 66 153 45 0 98 153 89 33 136 163 40 139 46 115 49 23 97 85 113 173 125 92 52 60 59 174 66 150 170 16 88 133 54 98 0 91 29 92 39 140 115 123 116 105 73 115 71 110 177 93 53 42 130 38 83 76 138 80 101 87 59 63 126 153 91 0 120 165 101 65 186 63 140 66 153 176 59 102 172 34 38 133 154 110 167 86 154 16 18 152 65 158 44 89 29 120 0 73 52 166 95 147 118 126 51 102 93 124 184 122 82 13 130 36 58 98 141 109 130 75 80 175 39 33 92 165 73 0 125 185 23 161 79 137 23 32 113 113 146 177 130 71 85 57 28 168 99 158 179 18 102 155 91 136 39 101 52 125 0 160 147 148 155 134 103 152 101 146 215 87 67 59 169 76 110 47 177 85 102 124 92 10 154 163 140 65 166 185 160 0 202 24 133 48 183 185 76 85 137 98 93 179 143 142 197 151 137 81 77 169 89 192 62 40 115 186 95 23 147 202 0 178 85 154 44 24 132 125 146 200 153 92 87 80 43 191 101 180 201 34 122 14 131 139 123 63 147 161 148 24 178 0 109 24 160 161 54 61 118 97 81 159 119 120 174 146 113 76 79 145 67 123 75 46 116 140 118 79 155 133 85 109 0 86 92 62 82 48 68 167 122 124 14 82 104 184 23 142 158 61 79 38 107 115 105 66 126 137 134 48 154 24 86 0 136 137 34 40 106 100 71 138 97 98 150 139 94 75 84 121 46 174 29 49 73 153 51 23 103 183 44 160 92 136 0 55 108 118 160 163 117 48 100 43 14 148 114 145 166 33 95 175 61 23 115 176 102 32 152 185 24 161 62 137 55 0 120 106 122 195 147 102 63 78 59 191 77 173 193 28 111 66 79 97 71 59 93 113 101 76 132 54 82 34 108 120 0 50 123 85 45 105 96 66 122 113 97 60 77 98 13 75 92 85 110 102 124 113 146 85 125 61 48 40 118 106 50 0 73 133 95 135 58 90 132 163 54 108 120 95 55 129 143 113 177 172 184 146 215 137 146 118 68 106 160 122 123 73 0 205 168 192 61 148 172 235 47 180 190 129 127 97 138 173 93 34 122 177 87 98 200 97 167 100 163 195 85 133 205 0 48 133 181 121 174 58 182 25 21 168 88 88 91 125 53 38 82 130 67 93 153 81 122 71 117 147 45 95 168 48 0 95 136 74 130 68 140 28 49 121 43 171 49 92 42 133 13 71 59 179 92 159 124 138 48 102 105 135 192 133 95 0 136 45 52 105 147 122 143 77 92 133 87 52 130 154 130 85 169 143 87 119 14 97 100 63 96 58 61 181 136 136 0 95 111 198 14 156 172 68 93 132 18 60 38 110 36 57 76 142 80 120 82 98 43 78 66 90 148 121 74 45 95 0 57 114 105 102 123 50 53 188 43 59 83 167 58 28 110 197 43 174 104 150 14 59 122 132 172 174 130 52 111 57 0 156 125 158 179 43 109 148 130 174 76 86 98 168 47 151 191 146 184 139 148 191 113 163 235 58 68 105 198 114 156 0 204 70 79 163 108 127 98 66 138 154 141 99 177 137 101 113 23 94 114 77 97 54 47 182 140 147 14 105 125 204 0 157 172 82 97 78 119 150 80 16 109 158 85 81 180 76 142 75 145 173 60 108 180 25 28 122 156 102 158 70 157 0 21 147 64 77 140 170 101 18 130 179 102 77 201 79 158 84 166 193 77 120 190 21 49 143 172 123 179 79 172 21 0 168 83 159 33 16 87 152 75 18 124 169 34 145 61 121 33 28 98 95 129 168 121 77 68 50 43 163 82 147 168 0 88 79 66 88 59 65 80 102 92 89 122 67 79 46 95 111 13 55 127 88 43 92 93 53 109 108 97 64 83 88 0 
0 133 153 93 38 104 140 76 31 108 132 20 64 184 11 77 148 62 66 129 140 147 24 80 39 101 84 105 67 58 133 0 23 70 131 113 87 162 111 33 44 152 76 51 141 66 145 76 155 79 136 58 115 151 162 34 114 37 88 153 153 23 0 80 154 119 83 185 133 56 42 173 92 36 162 89 146 99 178 98 137 49 134 174 178 57 137 50 101 176 93 70 80 0 112 44 48 153 88 71 44 111 31 116 104 75 84 71 143 124 75 56 69 148 108 61 123 33 27 137 38 131 154 112 0 135 160 41 24 102 145 43 81 180 33 68 180 55 31 106 172 162 54 42 73 97 51 114 91 25 104 113 119 44 135 0 52 176 113 115 78 119 63 155 115 115 46 107 166 167 37 81 81 174 103 105 157 77 46 159 140 87 83 48 160 52 0 201 136 104 43 158 79 117 151 119 63 118 191 159 55 36 116 196 148 96 170 62 73 185 76 162 185 153 41 176 201 0 65 130 181 73 122 206 68 96 221 89 10 115 213 198 95 14 106 128 54 150 132 18 31 111 133 88 24 113 136 65 0 82 121 46 57 160 34 50 159 35 55 98 150 138 36 61 70 77 54 90 68 49 108 33 56 71 102 115 104 130 82 0 66 127 63 78 115 34 154 47 123 55 145 83 94 118 141 10 81 42 79 121 132 44 42 44 145 78 43 181 121 66 0 152 68 77 142 89 104 92 173 120 95 17 110 172 152 60 141 31 71 169 20 152 173 111 43 119 158 73 46 127 152 0 84 203 12 95 161 80 63 144 154 167 42 80 33 120 93 125 85 55 64 76 92 31 81 63 79 122 57 63 68 84 0 127 74 52 108 44 112 108 99 83 42 117 86 53 96 42 17 106 184 51 36 116 180 155 117 206 160 78 77 203 127 0 191 112 180 125 201 103 171 81 166 194 213 83 154 86 137 199 11 141 162 104 33 115 151 68 34 115 142 12 74 191 0 83 158 68 58 132 151 157 35 73 40 108 83 114 78 50 77 66 89 75 68 115 119 96 50 34 89 95 52 112 83 0 158 15 89 57 149 106 69 86 114 32 52 58 69 87 148 145 146 84 180 46 63 221 159 154 104 161 108 180 158 158 0 152 211 208 9 99 126 220 139 145 203 113 92 204 62 76 99 71 55 107 118 89 35 47 92 80 44 125 68 15 152 0 81 71 143 109 54 80 99 42 52 61 61 77 66 155 178 143 31 166 191 10 55 123 173 63 112 201 58 89 211 81 0 113 203 190 85 18 96 121 52 142 122 8 129 79 98 124 106 167 159 115 98 55 120 144 108 103 132 57 208 71 113 0 199 136 125 101 168 63 61 97 125 116 140 136 137 75 172 37 55 213 150 145 95 154 99 171 151 149 9 143 203 199 0 91 118 211 134 136 194 104 83 196 147 58 49 56 162 81 36 198 138 83 17 167 83 81 157 106 99 109 190 136 91 0 125 189 164 77 158 48 83 186 24 115 134 69 54 81 116 95 36 94 110 42 42 166 35 69 126 54 85 125 118 125 0 96 47 86 90 84 43 78 80 151 174 148 42 174 196 14 61 118 172 80 117 194 73 86 220 80 18 101 211 189 96 0 113 118 40 141 129 26 39 162 178 108 73 103 148 106 70 141 152 33 86 213 40 114 139 99 96 168 134 164 47 113 0 133 123 128 81 88 101 34 57 61 97 105 96 128 77 10 60 120 53 83 108 32 145 42 121 63 136 77 86 118 133 0 82 34 69 119 84 114 137 123 51 157 170 54 54 81 141 93 96 154 83 52 203 52 52 61 194 158 90 40 123 82 0 110 111 55 105 37 50 33 114 77 62 150 90 42 31 125 42 86 114 58 113 61 142 97 104 48 84 141 128 34 110 0 51 138 67 88 101 27 91 46 73 132 68 79 71 85 17 137 78 69 92 61 122 125 83 83 43 129 81 69 111 51 0 116 58 153 176 137 25 159 185 18 49 121 169 55 106 199 50 87 204 77 8 116 196 186 78 26 88 119 55 138 116 0 
0 41 130 104 34 84 115 163 14 122 58 131 43 64 81 100 23 49 33 15 156 43 94 86 42 39 113 96 119 31 41 0 165 143 60 123 153 169 52 145 86 171 81 105 122 103 33 11 42 49 192 66 110 124 83 80 154 134 139 60 130 165 0 29 143 47 119 259 128 192 81 100 117 78 67 211 152 168 126 133 165 151 190 109 92 93 54 120 196 139 104 143 29 0 116 20 95 230 101 164 63 81 88 49 38 182 125 146 105 106 143 124 161 81 65 66 34 93 167 112 34 60 143 116 0 96 97 129 21 88 85 119 31 68 84 70 27 70 67 19 132 9 60 71 51 51 115 77 85 4 84 123 47 20 96 0 89 213 81 150 48 81 70 31 26 164 105 127 87 86 139 104 143 69 45 46 41 83 152 92 115 153 119 95 97 89 0 157 101 85 123 30 72 68 63 133 123 162 140 105 50 97 102 29 83 88 65 20 92 96 163 169 259 230 129 213 157 0 150 72 214 187 146 182 192 66 146 180 194 148 145 120 71 152 174 176 212 145 65 133 14 52 128 101 21 81 101 150 0 108 64 119 29 58 75 91 25 61 47 5 142 30 81 72 37 35 107 82 105 17 122 145 192 164 88 150 85 72 108 0 162 115 90 119 126 67 113 156 155 107 78 80 40 83 118 121 143 74 10 91 58 86 81 63 85 48 123 214 64 162 0 124 72 55 64 155 81 87 45 68 171 94 144 96 45 41 88 110 162 81 131 171 100 81 119 81 30 187 119 115 124 0 91 72 60 162 143 180 150 123 66 121 132 49 92 97 47 47 122 117 43 81 117 88 31 70 72 146 29 90 72 91 0 39 54 94 52 90 71 33 114 36 75 43 28 31 84 53 90 28 64 105 78 49 68 31 68 182 58 119 55 72 39 0 17 133 83 112 79 63 117 75 112 43 22 26 49 57 121 65 81 122 67 38 84 26 63 192 75 126 64 60 54 17 0 147 100 129 94 80 113 90 124 44 39 43 32 57 129 81 100 103 211 182 70 164 133 66 91 67 155 162 94 133 147 0 81 114 130 87 143 61 31 116 121 121 174 115 57 74 23 33 152 125 27 105 123 146 25 113 81 143 52 83 100 81 0 43 49 20 159 33 81 95 62 59 132 103 108 27 49 11 168 146 70 127 162 180 61 156 87 180 90 112 129 114 43 0 42 58 202 76 121 133 90 86 160 143 150 70 33 42 126 105 67 87 140 194 47 155 45 150 71 79 94 130 49 42 0 48 185 76 127 111 58 53 124 123 152 64 15 49 133 106 19 86 105 148 5 107 68 123 33 63 80 87 20 58 48 0 144 28 79 76 42 40 112 86 104 16 156 192 165 143 132 139 50 145 142 78 171 66 114 117 113 143 159 202 185 144 0 128 112 75 129 134 111 62 88 132 43 66 151 124 9 104 97 120 30 80 94 121 36 75 90 61 33 76 76 28 128 0 51 72 60 60 120 77 76 13 94 110 190 161 60 143 102 71 81 40 144 132 75 112 124 31 81 121 127 79 112 51 0 89 103 105 148 85 31 64 86 124 109 81 71 69 29 152 72 83 96 49 43 43 44 116 95 133 111 76 75 72 89 0 54 59 60 14 88 69 42 83 92 65 51 45 83 174 37 118 45 92 28 22 39 121 62 90 58 42 129 60 103 54 0 5 71 68 118 47 39 80 93 66 51 46 88 176 35 121 41 97 31 26 43 121 59 86 53 40 134 60 105 59 5 0 74 72 121 47 113 154 54 34 115 41 65 212 107 143 88 47 84 49 32 174 132 160 124 112 111 120 148 60 71 74 0 69 148 112 96 134 120 93 77 83 20 145 82 74 110 47 53 57 57 115 103 143 123 86 62 77 85 14 68 72 69 0 80 76 119 139 196 167 85 152 92 65 105 10 162 122 90 121 129 57 108 150 152 104 88 76 31 88 118 121 148 80 0 88 31 60 139 112 4 92 96 133 17 91 81 117 28 65 81 74 27 70 64 16 132 13 64 69 47 47 112 76 88 0 
0 57 66 60 96 59 62 97 80 41 98 67 71 51 143 115 123 70 36 53 80 46 42 101 55 91 94 26 83 50 57 0 9 19 98 105 69 110 98 42 100 102 58 87 89 58 96 20 93 52 125 71 96 98 107 126 42 56 33 107 66 9 0 18 104 112 72 118 106 47 100 107 58 93 80 50 91 20 102 60 132 76 104 103 116 131 34 63 30 116 60 19 18 0 116 98 54 127 114 31 82 91 40 77 83 61 77 38 96 69 117 60 93 117 115 114 34 50 48 110 96 98 104 116 0 152 151 21 27 122 187 163 149 147 173 130 193 86 109 48 172 140 131 8 93 187 136 119 87 117 59 105 112 98 152 0 59 148 131 67 82 26 81 24 176 159 127 123 48 112 21 41 22 158 78 39 130 49 137 51 62 69 72 54 151 59 0 158 141 30 36 42 22 35 119 112 68 89 85 103 74 21 66 154 113 62 77 36 102 95 97 110 118 127 21 148 158 0 17 130 194 164 159 148 190 148 204 102 102 58 167 143 126 29 82 186 151 123 104 109 80 98 106 114 27 131 141 17 0 114 177 147 143 131 181 140 191 91 85 46 150 126 109 35 66 169 140 106 96 92 41 42 47 31 122 67 30 130 114 0 65 60 30 46 111 92 82 62 73 74 86 29 64 125 96 84 63 21 75 86 98 100 100 82 187 82 36 194 177 65 0 56 42 61 125 129 53 120 117 139 87 54 96 190 146 63 93 72 130 127 67 102 107 91 163 26 42 164 147 60 56 0 64 16 161 151 105 121 70 119 32 31 44 168 100 24 118 48 135 75 71 58 58 40 149 81 22 159 143 30 42 64 0 57 97 92 52 78 99 101 96 40 85 152 125 83 56 47 88 112 51 87 93 77 147 24 35 148 131 46 61 16 57 0 152 138 103 106 58 103 40 17 35 152 88 40 106 32 120 66 143 89 80 83 173 176 119 190 181 111 125 161 97 152 0 43 80 90 179 136 192 135 175 170 196 180 49 132 86 193 115 58 50 61 130 159 112 148 140 92 129 151 92 138 43 0 98 51 151 97 178 121 153 127 164 173 36 111 44 165 123 96 91 77 193 127 68 204 191 82 53 105 52 103 80 98 0 111 151 146 137 89 134 194 177 116 67 99 118 163 70 20 20 38 86 123 89 102 91 62 120 121 78 106 90 51 111 0 105 46 143 90 111 85 113 145 50 74 14 119 36 93 102 96 109 48 85 102 85 73 117 70 99 58 179 151 151 105 0 77 65 64 26 116 30 87 130 52 118 14 53 52 60 69 48 112 103 58 46 74 139 119 101 103 136 97 146 46 77 0 133 93 93 51 75 143 94 72 54 90 80 125 132 117 172 21 74 167 150 86 87 32 96 40 192 178 137 143 65 133 0 57 41 178 93 30 146 69 157 64 46 71 76 60 140 41 21 143 126 29 54 31 40 17 135 121 89 90 64 93 57 0 45 144 92 55 89 21 104 74 42 96 104 93 131 22 66 126 109 64 96 44 85 35 175 153 134 111 26 93 41 45 0 137 56 61 126 43 125 31 101 98 103 117 8 158 154 29 35 125 190 168 152 152 170 127 194 85 116 51 178 144 137 0 101 192 135 123 84 125 55 107 116 115 93 78 113 82 66 96 146 100 125 88 196 164 177 113 30 75 93 92 56 101 0 117 148 78 125 29 91 126 131 114 187 39 62 186 169 84 63 24 83 40 180 173 116 145 87 143 30 55 61 192 117 0 139 72 159 90 94 42 34 34 136 130 77 151 140 63 93 118 56 106 49 36 67 50 130 94 146 89 126 135 148 139 0 83 52 144 26 56 63 50 119 49 36 123 106 21 72 48 47 32 132 111 99 74 52 72 69 21 43 123 78 72 83 0 88 65 83 33 30 48 87 137 102 104 96 75 130 135 88 120 86 44 118 14 118 54 157 104 125 84 125 159 52 88 0 132 50 107 116 110 117 51 95 109 92 86 127 75 112 66 193 165 163 119 14 90 64 74 31 125 29 90 144 65 132 0 
0 78 68 223 77 206 76 104 129 183 91 146 46 185 100 105 162 119 152 143 231 137 34 220 34 49 38 24 140 204 78 0 34 147 2 130 81 71 51 105 94 74 39 135 41 91 84 69 106 78 155 59 72 144 70 80 41 72 95 135 68 34 0 175 32 158 101 44 72 127 116 106 22 120 75 118 101 52 88 111 183 80 76 172 46 50 32 51 76 167 223 147 175 0 149 17 185 186 103 57 186 78 186 184 125 166 86 165 180 85 9 96 204 3 217 225 188 219 177 39 77 2 32 149 0 132 82 69 52 106 95 76 38 134 43 93 85 67 104 80 157 60 72 146 69 78 40 70 93 137 206 130 158 17 132 0 169 171 86 46 170 61 169 173 108 151 72 150 168 69 25 80 187 14 200 208 171 202 164 34 76 81 101 185 82 169 0 145 120 165 15 109 85 216 66 31 153 149 186 100 193 126 42 182 101 117 75 93 175 157 104 71 44 186 69 171 145 0 86 131 160 131 63 81 111 161 102 24 48 140 195 92 118 185 72 66 74 81 37 187 129 51 72 103 52 86 120 86 0 55 128 48 87 115 56 117 34 69 97 60 111 8 121 100 118 122 92 120 89 101 183 105 127 57 106 46 165 131 55 0 170 60 142 127 99 154 29 109 123 75 65 47 173 57 173 177 146 175 120 75 91 94 116 186 95 170 15 160 128 170 0 112 100 229 72 22 160 162 199 101 194 133 57 183 116 132 90 108 188 155 146 74 106 78 76 61 109 131 48 60 112 0 113 161 47 95 62 116 145 15 86 46 126 75 144 154 113 144 137 61 46 39 22 186 38 169 85 63 87 142 100 113 0 142 75 107 118 74 110 116 194 95 55 183 31 42 11 33 98 174 185 135 120 184 134 173 216 81 115 127 229 161 142 0 165 225 104 68 33 175 190 115 196 184 153 147 152 162 45 202 100 41 75 125 43 108 66 111 56 99 72 47 75 165 0 61 88 105 140 43 133 61 79 122 104 117 71 102 130 104 105 91 118 166 93 151 31 161 117 154 22 95 107 225 61 0 148 160 197 83 174 122 72 163 127 143 97 121 186 134 162 84 101 86 85 72 153 102 34 29 160 62 118 104 88 148 0 80 96 77 93 27 155 85 147 151 124 151 92 98 119 69 52 165 67 150 149 24 69 109 162 116 74 68 105 160 80 0 37 126 173 73 128 164 91 87 84 99 26 169 152 106 88 180 104 168 186 48 97 123 199 145 110 33 140 197 96 37 0 157 188 99 164 180 120 114 120 129 12 193 143 78 111 85 80 69 100 140 60 75 101 15 116 175 43 83 77 126 157 0 93 60 122 82 147 158 114 145 149 61 231 155 183 9 157 25 193 195 111 65 194 86 194 190 133 174 93 173 188 93 0 104 212 11 225 233 196 227 185 44 137 59 80 96 60 80 126 92 8 47 133 46 95 115 61 122 27 73 99 60 104 0 128 94 126 130 100 128 92 96 34 72 76 204 72 187 42 118 121 173 57 126 55 196 79 72 155 128 164 122 212 128 0 201 62 78 44 53 152 183 220 144 172 3 146 14 182 185 100 57 183 75 183 184 122 163 85 164 180 82 11 94 201 0 214 222 185 216 177 36 34 70 46 217 69 200 101 72 118 173 116 144 31 153 104 127 147 91 120 147 225 126 62 214 0 16 33 10 109 205 49 80 50 225 78 208 117 66 122 177 132 154 42 147 117 143 151 87 114 158 233 130 78 222 16 0 47 25 103 215 38 41 32 188 40 171 75 74 92 146 90 113 11 152 71 97 124 84 120 114 196 100 44 185 33 47 0 31 108 174 24 72 51 219 70 202 93 81 120 175 108 144 33 162 102 121 151 99 129 145 227 128 53 216 10 25 31 0 118 205 140 95 76 177 93 164 175 37 89 120 188 137 98 45 130 186 92 26 12 149 185 92 152 177 109 103 108 118 0 188 204 135 167 39 137 34 157 187 101 75 155 61 174 202 104 134 98 169 193 61 44 96 183 36 205 215 174 205 188 0 
0 65 135 135 165 63 61 37 119 174 164 154 109 146 114 27 61 87 163 153 121 123 225 142 117 148 27 140 111 172 65 0 182 151 128 102 73 30 140 123 173 171 137 188 125 84 114 140 192 137 154 77 230 141 115 126 44 172 59 181 135 182 0 83 195 80 114 165 74 232 106 83 62 18 92 108 74 50 61 149 46 189 153 118 119 160 162 47 191 109 135 151 83 0 118 75 81 147 16 160 31 20 32 72 26 113 95 94 47 69 37 125 91 36 48 82 153 38 134 38 165 128 195 118 0 143 111 147 121 46 113 129 134 189 103 162 169 184 163 51 149 51 145 83 76 36 161 156 71 119 63 102 80 75 143 0 37 86 59 169 106 93 46 87 59 38 26 44 100 113 58 119 166 91 75 115 86 77 116 113 61 73 114 81 111 37 0 66 67 133 106 101 64 117 56 51 60 81 119 92 81 83 167 81 56 89 73 99 79 114 37 30 165 147 147 86 66 0 133 149 172 167 127 173 122 59 92 118 183 147 142 100 233 144 118 139 15 161 84 180 119 140 74 16 121 59 67 133 0 160 47 35 17 68 19 97 79 79 54 75 28 121 107 44 46 86 138 38 128 54 174 123 232 160 46 169 133 149 160 0 158 173 170 227 141 178 193 213 207 97 187 51 191 127 114 80 164 197 65 165 164 173 106 31 113 106 106 172 47 158 0 23 63 92 50 144 126 124 55 62 66 134 61 35 59 78 179 59 146 8 154 171 83 20 129 93 101 167 35 173 23 0 47 69 46 131 110 105 34 79 45 142 76 46 65 93 172 36 153 26 109 137 62 32 134 46 64 127 17 170 63 47 0 58 31 84 64 62 56 90 18 128 123 60 58 99 130 35 133 70 146 188 18 72 189 87 117 173 68 227 92 69 58 0 86 119 86 65 43 141 40 186 135 108 113 153 171 34 190 94 114 125 92 26 103 59 56 122 19 141 50 46 31 86 0 95 83 88 71 60 46 102 111 33 27 68 129 57 109 58 27 84 108 113 162 38 51 59 97 178 144 131 84 119 95 0 34 60 138 141 96 127 204 125 104 140 54 115 118 151 61 114 74 95 169 26 60 92 79 193 126 110 64 86 83 34 0 26 110 139 69 143 186 116 101 141 88 87 138 133 87 140 50 94 184 44 81 118 79 213 124 105 62 65 88 60 26 0 97 148 60 163 181 121 111 153 114 75 160 130 163 192 61 47 163 100 119 183 54 207 55 34 56 43 71 138 110 97 0 113 42 172 92 80 95 127 185 23 180 55 153 137 149 69 51 113 92 147 75 97 62 79 90 141 60 141 139 148 113 0 103 78 100 33 38 17 158 107 95 68 121 154 46 37 149 58 81 142 28 187 66 45 18 40 46 96 69 60 42 103 0 146 121 72 73 114 143 19 151 71 123 77 189 125 51 119 83 100 121 51 134 142 128 186 102 127 143 163 172 78 146 0 178 99 77 62 115 159 20 142 225 230 153 91 145 166 167 233 107 191 61 76 123 135 111 204 186 181 92 100 121 178 0 89 115 117 240 108 195 53 142 141 118 36 83 91 81 144 44 127 35 46 60 108 33 125 116 121 80 33 72 99 89 0 26 47 153 74 111 43 117 115 119 48 76 75 56 118 46 114 59 65 58 113 27 104 101 111 95 38 73 77 115 26 0 42 127 83 88 67 148 126 160 82 36 115 89 139 86 80 78 93 99 153 68 140 141 153 127 17 114 62 117 47 42 0 151 120 80 85 27 44 162 153 161 86 73 15 138 164 179 172 130 171 129 54 88 114 185 158 143 115 240 153 127 151 0 162 99 187 140 172 47 38 156 77 99 161 38 197 59 36 35 34 57 115 87 75 23 107 19 159 108 74 83 120 162 0 165 62 111 59 191 134 71 116 79 84 128 65 146 153 133 190 109 118 138 160 180 95 151 20 195 111 88 80 99 165 0 154 172 181 109 38 119 113 114 180 54 165 8 26 70 94 58 151 133 130 55 68 71 142 53 43 67 85 187 62 154 0 
