0 64 130 163 120 75 132 134 181 110 60 124 115 195 144 192 69 77 92 124 90 220 183 163 99 138 122 218 97 63 64 0 149 161 153 89 116 145 136 154 96 138 169 190 128 182 5 111 31 90 104 223 190 118 147 104 102 228 148 60 130 149 0 56 30 61 75 19 156 57 70 13 91 84 75 88 150 54 149 107 45 96 59 144 67 111 81 89 79 89 163 161 56 0 86 88 50 39 117 113 111 50 147 32 41 32 160 100 149 88 74 62 32 112 123 84 64 69 134 107 120 153 30 86 0 65 101 49 181 27 60 39 61 114 103 118 155 43 159 128 53 122 87 168 39 134 104 111 51 94 75 89 61 88 65 0 65 60 134 73 28 51 99 120 74 118 90 30 94 75 16 146 109 118 71 86 59 145 79 29 132 116 75 50 101 65 0 58 81 122 93 63 154 74 12 66 114 89 100 38 59 111 82 69 126 37 14 119 136 70 134 145 19 39 49 60 58 0 138 75 76 12 109 69 57 71 145 63 141 93 44 87 50 127 84 95 66 85 96 85 181 136 156 117 181 134 81 138 0 201 162 144 231 124 81 110 131 164 105 60 135 162 148 18 203 48 78 180 212 124 110 154 57 113 27 73 122 75 201 0 58 64 34 141 126 145 157 44 164 145 67 149 114 187 13 153 123 136 24 99 60 96 70 111 60 28 93 76 162 58 0 65 77 143 102 142 99 17 108 102 37 163 126 145 51 114 87 159 56 45 124 138 13 50 39 51 63 12 144 64 65 0 98 81 64 82 139 51 137 94 35 98 61 132 73 98 68 94 84 78 115 169 91 147 61 99 154 109 231 34 77 98 0 175 159 179 173 69 185 174 96 180 146 217 28 183 153 166 21 122 195 190 84 32 114 120 74 69 124 141 143 81 175 0 63 14 188 131 174 110 106 39 33 123 151 102 88 56 163 137 144 128 75 41 103 74 12 57 81 126 102 64 159 63 0 54 126 97 111 47 67 100 73 72 131 43 26 110 142 82 192 182 88 32 118 118 66 71 110 145 142 82 179 14 54 0 180 132 165 99 105 52 45 110 155 90 80 70 166 132 69 5 150 160 155 90 114 145 131 157 99 139 173 188 126 180 0 113 26 86 105 222 189 113 150 100 100 227 152 61 77 111 54 100 43 30 89 63 164 44 17 51 69 131 97 132 113 0 120 105 30 149 112 148 41 116 87 143 49 55 92 31 149 149 159 94 100 141 105 164 108 137 185 174 111 165 26 120 0 67 106 211 180 87 159 79 86 218 164 65 124 90 107 88 128 75 38 93 60 145 102 94 174 110 47 99 86 105 67 0 78 147 120 43 146 15 27 157 154 64 90 104 45 74 53 16 59 44 135 67 37 35 96 106 67 105 105 30 106 78 0 130 93 121 68 87 57 129 77 44 220 223 96 62 122 146 111 87 162 149 163 98 180 39 100 52 222 149 211 147 130 0 37 162 161 141 125 22 173 168 183 190 59 32 87 109 82 50 148 114 126 61 146 33 73 45 189 112 180 120 93 37 0 144 126 116 95 38 138 132 163 118 144 112 168 118 69 127 18 187 145 132 217 123 72 110 113 148 87 43 121 162 144 0 189 34 64 177 197 106 99 147 67 123 39 71 126 84 203 13 51 73 28 151 131 155 150 41 159 146 68 161 126 189 0 155 125 149 12 96 138 104 111 84 134 86 37 95 48 153 114 98 183 102 43 90 100 116 79 15 87 141 116 34 155 0 30 153 164 78 122 102 81 64 104 59 14 66 78 123 87 68 153 88 26 80 100 87 86 27 57 125 95 64 125 30 0 133 134 59 218 228 89 69 111 145 119 85 180 136 159 94 166 56 110 70 227 143 218 157 129 22 38 177 149 153 133 0 160 169 97 148 79 134 51 79 136 96 212 24 56 84 21 163 142 166 152 49 164 154 77 173 138 197 12 164 134 160 0 101 63 60 89 107 94 29 70 85 124 99 45 78 122 137 82 132 61 55 65 64 44 168 132 106 96 78 59 169 101 0 
0 194 52 94 61 29 97 91 189 99 108 168 40 43 155 163 177 100 24 86 145 165 51 13 198 63 44 41 109 98 194 0 188 145 136 207 99 196 11 95 238 30 186 161 65 139 74 98 204 115 106 30 143 206 180 163 155 162 85 257 52 188 0 128 77 81 93 139 185 99 160 166 12 77 165 194 191 91 34 102 167 158 63 51 234 102 73 75 108 149 94 145 128 0 54 88 81 51 136 76 93 115 118 53 84 69 97 89 116 45 57 122 68 107 106 32 56 55 81 115 61 136 77 54 0 71 42 86 130 42 121 108 68 25 94 117 118 48 76 26 90 107 14 73 158 41 19 26 52 129 29 207 81 88 71 0 113 70 201 113 80 179 69 48 161 156 180 118 49 94 143 178 68 32 185 56 52 46 123 69 97 99 93 81 42 113 0 124 94 7 161 74 88 67 74 124 100 8 105 36 89 69 46 108 170 80 61 68 15 171 91 196 139 51 86 70 124 0 187 120 42 166 127 67 135 100 146 131 115 89 103 173 93 100 119 45 74 68 126 67 189 11 185 136 130 201 94 187 0 90 229 22 182 154 54 128 63 94 199 108 95 28 138 201 169 155 149 155 80 248 99 95 99 76 42 113 7 120 90 0 159 69 94 67 67 117 93 15 109 31 82 66 48 111 163 78 61 68 10 170 108 238 160 93 121 80 161 42 229 159 0 208 148 99 177 135 186 168 129 129 143 215 126 112 144 81 106 99 166 35 168 30 166 115 108 179 74 166 22 69 208 0 162 132 38 114 54 75 178 86 79 18 117 180 157 133 127 133 59 227 40 186 12 118 68 69 88 127 182 94 148 162 0 65 159 185 184 88 25 93 158 156 54 40 224 90 62 64 103 138 43 161 77 53 25 48 67 67 154 67 99 132 65 0 114 122 135 73 63 46 102 132 27 56 159 25 7 2 77 104 155 65 165 84 94 161 74 135 54 67 177 38 159 114 0 76 26 78 170 69 41 53 107 167 120 108 111 116 60 199 163 139 194 69 117 156 124 100 128 117 135 114 185 122 76 0 67 132 185 96 37 129 131 176 46 101 123 124 116 166 177 74 191 97 118 180 100 146 63 93 186 54 184 135 26 67 0 104 194 92 43 72 131 190 106 125 133 137 86 212 100 98 91 89 48 118 8 131 94 15 168 75 88 73 78 132 104 0 106 44 97 68 50 110 178 87 67 74 18 177 24 204 34 116 76 49 105 115 199 109 129 178 25 63 170 185 194 106 0 102 164 174 63 17 220 85 62 61 119 115 86 115 102 45 26 94 36 89 108 31 129 86 93 46 69 96 92 44 102 0 66 88 39 99 140 49 43 48 37 143 145 106 167 57 90 143 89 103 95 82 143 79 158 102 41 37 43 97 164 66 0 94 104 158 83 87 102 104 80 169 165 30 158 122 107 178 69 173 28 66 215 18 156 132 53 129 72 68 174 88 94 0 114 177 173 137 126 133 56 231 51 143 63 68 14 68 46 93 138 48 126 117 54 27 107 131 131 50 63 39 104 114 0 63 172 49 20 27 58 130 13 206 51 107 73 32 108 100 201 111 112 180 40 56 167 176 190 110 17 99 158 177 63 0 210 75 57 54 121 98 198 180 234 106 158 185 170 119 169 163 144 157 224 159 120 46 106 178 220 140 83 173 172 210 0 135 162 160 162 179 63 163 102 32 41 56 80 45 155 78 81 133 90 25 108 101 125 87 85 49 87 137 49 75 135 0 31 27 86 94 44 155 73 56 19 52 61 74 149 61 106 127 62 7 111 123 133 67 62 43 102 126 20 57 162 31 0 7 71 110 41 162 75 55 26 46 68 68 155 68 99 133 64 2 116 124 137 74 61 48 104 133 27 54 160 27 7 0 78 103 109 85 108 81 52 123 15 126 80 10 166 59 103 77 60 116 86 18 119 37 80 56 58 121 162 86 71 78 0 179 98 257 149 115 129 69 171 67 248 170 35 227 138 104 199 166 212 177 115 143 169 231 130 98 179 94 110 103 179 0 
0 22 144 98 137 138 103 105 41 161 67 33 72 219 154 23 121 72 104 57 105 94 11 186 156 17 95 131 149 125 22 0 152 98 119 151 81 87 42 161 58 34 50 212 162 33 111 85 86 72 98 76 29 166 148 6 76 135 142 141 144 152 0 67 169 28 188 147 185 58 112 177 185 130 14 121 116 74 147 92 92 146 152 226 103 153 160 33 92 59 98 98 67 0 104 82 121 80 138 63 47 130 121 123 71 75 55 58 80 69 27 79 108 163 66 102 93 40 56 95 137 119 169 104 0 186 60 32 155 135 81 150 92 142 168 125 53 149 33 151 77 43 147 59 87 125 44 136 92 198 138 151 28 82 186 0 198 161 178 85 120 170 189 158 41 118 135 66 161 82 109 159 144 245 127 151 173 57 116 32 103 81 188 121 60 198 0 49 108 172 78 106 38 195 192 103 90 144 49 139 102 44 110 88 133 87 29 160 133 201 105 87 147 80 32 161 49 0 126 124 49 120 70 147 148 93 41 118 1 119 56 11 115 89 84 93 21 116 84 170 41 42 185 138 155 178 108 126 0 201 100 8 70 254 195 64 152 113 125 96 140 115 34 196 190 37 111 172 184 164 161 161 58 63 135 85 172 124 201 0 107 193 180 73 47 138 83 107 124 123 71 128 171 187 53 165 143 35 44 115 67 58 112 47 81 120 78 49 100 107 0 92 74 154 118 49 54 70 48 70 40 42 78 138 90 63 53 87 84 124 33 34 177 130 150 170 106 120 8 193 92 0 69 246 187 56 145 105 119 88 132 109 26 193 182 30 106 164 176 156 72 50 185 121 92 189 38 70 70 180 74 69 0 215 192 79 108 128 70 118 109 60 77 126 151 55 49 161 149 185 219 212 130 123 142 158 195 147 254 73 154 246 215 0 117 196 107 176 148 191 114 156 229 177 65 217 168 107 70 188 154 162 14 71 168 41 192 148 195 47 118 187 192 117 0 131 115 87 148 105 92 149 163 225 97 163 164 32 86 73 23 33 121 75 125 118 103 93 64 138 49 56 79 196 131 0 103 52 92 39 84 83 33 180 135 33 89 108 127 108 121 111 116 55 53 135 90 41 152 83 54 145 108 107 115 103 0 108 42 115 28 49 132 110 43 116 62 83 43 150 72 85 74 58 149 66 144 118 113 107 70 105 128 176 87 52 108 0 118 18 81 112 79 207 124 85 123 72 113 57 104 86 147 80 33 161 49 1 125 124 48 119 70 148 148 92 42 118 0 118 56 10 114 90 85 92 21 116 85 169 57 72 92 69 151 82 139 119 96 123 70 88 118 191 105 39 115 18 118 0 90 111 62 208 135 71 120 89 125 69 105 98 92 27 77 109 102 56 140 71 40 132 109 114 92 84 28 81 56 90 0 58 116 136 51 103 73 60 44 122 94 76 146 79 43 159 44 11 115 128 42 109 60 156 149 83 49 112 10 111 58 0 104 97 92 82 15 117 92 166 11 29 152 108 147 144 110 115 34 171 78 26 77 229 163 33 132 79 114 62 116 104 0 195 167 23 104 141 160 130 186 166 226 163 59 245 88 89 196 187 138 193 126 177 225 180 110 207 90 208 136 97 195 0 135 172 91 193 143 257 156 148 103 66 87 127 133 84 190 53 90 182 151 65 97 135 43 124 85 135 51 92 167 135 0 153 105 70 11 151 17 6 153 102 125 151 87 93 37 165 63 30 55 217 163 33 116 85 92 71 103 82 23 172 153 0 82 138 147 140 95 76 160 93 44 173 29 21 111 143 53 106 49 168 164 89 62 123 21 120 73 15 104 91 105 82 0 132 105 177 131 135 33 40 136 57 160 116 172 35 87 164 161 107 32 108 83 72 116 89 60 117 141 193 70 138 132 0 59 82 149 142 92 56 92 116 133 84 184 44 84 176 149 70 86 127 43 113 85 125 44 92 160 143 11 147 105 59 0 140 125 141 59 95 198 32 201 170 164 115 124 156 185 188 73 108 150 57 169 69 122 166 130 257 151 140 177 82 140 0 
0 176 100 14 173 182 207 116 114 220 182 94 173 194 169 29 189 171 173 81 231 110 141 82 67 127 158 119 130 83 176 0 81 167 159 9 76 155 180 117 172 84 126 29 54 168 170 65 147 101 119 95 43 109 134 108 98 199 99 94 100 81 0 89 117 86 108 86 107 129 130 40 97 95 70 88 133 73 109 20 138 30 42 28 53 54 72 125 49 41 14 167 89 0 159 173 194 102 101 207 168 88 159 184 158 17 175 158 159 70 218 97 131 69 53 113 144 108 116 77 173 159 117 159 0 156 113 58 75 91 13 157 35 148 107 145 17 97 13 118 102 87 124 106 108 63 61 88 68 156 182 9 86 173 156 0 68 155 182 110 169 91 123 20 50 173 167 61 144 105 111 97 45 113 138 108 95 201 99 102 207 76 108 194 113 68 0 137 164 42 124 134 78 50 38 189 119 36 100 126 43 98 74 125 147 94 63 183 86 142 116 155 86 102 58 155 137 0 27 131 66 120 71 153 113 87 74 108 62 77 143 60 112 64 55 47 74 46 56 116 114 180 107 101 75 182 164 27 0 156 79 138 95 180 140 85 88 135 82 95 168 85 137 82 65 74 101 19 83 133 220 117 129 207 91 110 42 131 156 0 98 163 61 92 69 197 90 60 79 143 12 110 104 138 155 96 64 174 91 168 182 172 130 168 13 169 124 66 79 98 0 170 47 160 119 153 9 109 25 130 109 100 137 118 118 76 74 90 81 169 94 84 40 88 157 91 134 120 138 163 170 0 137 107 96 93 173 103 149 43 170 70 60 56 76 94 110 155 89 11 173 126 97 159 35 123 78 71 95 61 47 137 0 113 73 147 44 62 22 103 73 69 93 95 106 47 29 113 48 138 194 29 95 184 148 20 50 153 180 92 160 107 113 0 41 183 157 51 135 115 93 100 53 120 145 106 87 199 97 117 169 54 70 158 107 50 38 113 140 69 119 96 73 41 0 153 117 11 94 88 75 65 36 89 113 66 46 159 57 104 29 168 88 17 145 173 189 87 85 197 153 93 147 183 153 0 161 153 145 68 208 91 130 64 42 102 134 91 106 83 189 170 133 175 17 167 119 74 88 90 9 173 44 157 117 161 0 106 24 135 101 103 136 123 125 79 73 99 84 172 171 65 73 158 97 61 36 108 135 60 109 103 62 51 11 153 106 0 84 90 67 63 44 89 112 61 37 154 52 109 173 147 109 159 13 144 100 62 82 79 25 149 22 135 94 145 24 84 0 112 90 79 112 101 106 55 49 97 60 149 81 101 20 70 118 105 126 77 95 143 130 43 103 115 88 68 135 90 112 0 153 34 62 13 36 57 82 112 55 39 231 119 138 218 102 111 43 143 168 12 109 170 73 93 75 208 101 67 90 153 0 121 111 149 166 107 75 186 102 176 110 95 30 97 87 97 98 60 85 110 100 70 69 100 65 91 103 63 79 34 121 0 52 28 49 24 48 104 21 70 141 43 42 131 124 45 74 112 137 104 137 60 93 53 36 130 136 44 112 62 111 52 0 68 93 67 64 156 58 68 82 109 28 69 106 113 125 64 82 138 118 56 95 120 89 64 123 89 101 13 149 28 68 0 25 48 76 99 48 52 67 134 53 53 108 138 147 55 65 155 118 76 106 145 113 42 125 112 106 36 166 49 93 25 0 60 92 80 64 69 127 108 54 113 63 108 94 47 74 96 76 94 47 106 66 102 79 61 55 57 107 24 67 48 60 0 32 93 9 94 158 98 72 144 61 95 63 74 101 64 74 110 29 87 46 134 73 37 49 82 75 48 64 76 92 32 0 120 28 113 119 199 125 108 88 201 183 46 19 174 90 155 113 199 159 91 99 154 97 112 186 104 156 99 80 93 120 0 102 149 130 99 49 116 68 99 86 56 83 91 81 89 48 97 57 106 84 52 60 55 102 21 58 48 64 9 28 102 0 90 83 94 41 77 156 102 142 116 133 168 169 11 138 117 104 83 172 109 149 39 176 70 68 52 69 94 113 149 90 0 
0 41 87 56 81 34 113 86 77 70 68 7 118 147 47 62 32 84 54 92 51 48 99 92 47 100 117 96 64 107 41 0 115 18 99 59 136 127 52 54 107 34 148 156 78 103 29 125 80 129 10 61 115 133 71 130 158 115 100 148 87 115 0 133 33 56 29 73 108 93 41 90 35 83 115 70 86 83 35 38 121 57 41 101 44 17 111 168 113 84 56 18 133 0 117 77 154 142 61 67 124 50 166 172 86 118 47 140 98 147 14 79 132 146 89 148 172 114 109 163 81 99 33 117 0 47 38 99 80 65 64 82 65 66 120 90 70 107 31 69 104 38 18 124 34 49 139 173 125 114 34 59 56 77 47 0 79 82 67 55 52 35 89 113 76 63 32 85 21 72 67 18 65 98 13 71 119 128 85 102 113 136 29 154 38 79 0 99 118 103 70 114 36 58 144 99 107 111 59 60 141 75 31 129 66 31 135 197 142 107 86 127 73 142 99 82 99 0 149 137 35 93 75 156 79 24 109 13 75 39 137 98 112 30 83 68 40 121 63 21 77 52 108 61 80 67 118 149 0 15 119 70 143 120 123 129 45 151 79 135 48 54 90 163 69 125 185 165 141 169 70 54 93 67 65 55 103 137 15 0 105 63 128 108 116 118 38 140 65 121 53 40 75 153 55 110 174 163 133 156 68 107 41 124 64 52 70 35 119 105 0 74 56 124 81 29 83 43 41 24 116 65 78 61 50 42 75 132 74 51 7 34 90 50 82 35 114 93 70 63 74 0 121 146 53 69 25 91 55 97 44 46 100 99 48 103 124 100 71 114 118 148 35 166 65 89 36 75 143 128 56 121 0 93 137 84 119 88 68 36 154 92 65 105 78 18 107 188 130 78 147 156 83 172 66 113 58 156 120 108 124 146 93 0 186 152 130 166 97 118 158 100 48 184 100 89 193 239 191 165 47 78 115 86 120 76 144 79 123 116 81 53 137 186 0 58 78 70 89 104 88 93 138 67 88 122 93 53 24 97 62 103 70 118 90 63 99 24 129 118 29 69 84 152 58 0 87 22 61 48 113 80 106 36 67 71 56 104 46 45 32 29 86 47 70 32 107 109 45 38 83 25 119 130 78 87 0 109 51 104 35 32 86 120 42 101 143 125 96 130 84 125 83 140 107 85 111 13 151 140 43 91 88 166 70 22 109 0 82 52 135 102 121 18 88 80 34 109 52 27 54 80 35 98 31 21 59 75 79 65 41 55 68 97 89 61 51 82 0 56 86 25 49 97 10 50 115 142 94 92 92 129 38 147 69 72 60 39 135 121 24 97 36 118 104 48 104 52 56 0 138 81 79 69 66 29 75 152 94 47 51 10 121 14 104 67 141 137 48 53 116 44 154 158 88 113 35 135 86 138 0 66 119 143 77 136 168 122 110 158 48 61 57 79 38 18 75 98 54 40 65 46 92 100 93 80 32 102 25 81 66 0 55 116 15 74 136 144 103 116 99 115 41 132 18 65 31 112 90 75 78 100 65 48 138 106 86 121 49 79 119 55 0 139 52 53 152 191 143 125 92 133 101 146 124 98 129 30 163 153 61 99 105 184 67 36 120 18 97 69 143 116 139 0 103 98 26 99 45 36 47 71 44 89 34 13 66 83 69 55 50 48 78 100 88 67 42 88 10 66 77 15 52 103 0 60 122 141 95 101 100 130 17 148 49 71 31 68 125 110 42 103 18 89 122 71 101 80 50 29 136 74 53 98 60 0 104 174 116 76 117 158 111 172 139 119 135 40 185 174 75 124 107 193 93 56 143 34 115 75 168 136 152 26 122 104 0 121 71 29 96 115 168 114 173 128 197 121 165 163 132 100 188 239 53 104 125 109 142 152 122 144 191 99 141 174 121 0 58 135 64 100 113 109 125 85 142 63 141 133 74 71 130 191 24 46 96 52 94 94 110 103 143 45 95 116 71 58 0 78 107 148 84 163 114 102 107 21 169 156 51 114 78 165 97 45 130 27 92 47 158 116 125 36 101 76 29 135 78 0 
0 82 130 149 33 64 128 70 23 125 15 24 89 69 66 125 139 157 100 51 156 114 64 135 73 107 34 47 55 74 82 0 84 143 115 60 159 34 59 81 85 100 142 150 16 46 109 106 170 123 106 38 134 56 71 25 79 36 123 107 130 84 0 75 156 67 121 117 114 5 121 154 134 178 91 61 31 27 174 143 26 107 148 63 153 77 147 103 137 95 149 143 75 0 163 93 64 169 143 74 135 171 102 167 142 134 45 82 143 134 79 174 132 138 199 145 178 145 126 79 33 115 156 163 0 89 130 101 56 151 35 25 82 39 99 157 161 183 79 37 182 147 48 167 97 140 55 80 45 84 64 60 67 93 89 0 99 77 51 62 54 88 85 113 53 81 75 94 118 79 93 98 86 90 106 75 86 52 75 47 128 159 121 64 130 99 0 174 133 118 113 146 50 119 152 169 98 137 86 93 134 196 86 176 195 171 162 146 85 56 70 34 117 169 101 77 174 0 49 113 78 80 147 139 27 79 140 140 167 118 140 48 131 87 37 55 53 28 121 118 23 59 114 143 56 51 133 49 0 109 29 42 101 92 43 102 126 141 118 69 140 91 82 112 62 84 35 24 72 77 125 81 5 74 151 62 118 113 109 0 116 149 129 173 87 60 31 32 169 138 31 105 143 64 149 75 142 99 132 90 15 85 121 135 35 54 113 78 29 116 0 36 74 65 69 123 128 148 89 40 147 119 53 133 87 109 49 52 43 59 24 100 154 171 25 88 146 80 42 149 36 0 102 64 84 144 163 181 103 58 180 128 71 154 72 125 30 64 65 95 89 142 134 102 82 85 50 147 101 129 74 102 0 69 131 166 121 157 42 45 155 180 36 174 161 160 123 119 37 40 69 150 178 167 39 113 119 139 92 173 65 64 69 0 134 188 175 204 47 35 202 183 35 198 136 174 94 116 42 89 66 16 91 142 99 53 152 27 43 87 69 84 131 134 0 61 113 115 156 108 115 50 120 71 62 41 64 20 109 97 125 46 61 134 157 81 169 79 102 60 123 144 166 188 61 0 91 73 199 157 75 50 166 10 116 24 125 81 155 126 139 109 31 45 161 75 98 140 126 31 128 163 121 175 113 91 0 39 163 140 36 136 142 94 174 106 161 121 133 86 157 106 27 82 183 94 137 140 141 32 148 181 157 204 115 73 39 0 198 169 3 123 174 72 177 94 174 129 164 120 100 170 174 143 79 118 86 167 118 169 89 103 42 47 156 199 163 198 0 49 196 206 36 208 173 191 131 140 47 79 51 123 143 134 37 79 93 118 69 138 40 58 45 35 108 157 140 169 49 0 167 158 13 167 124 146 84 92 8 55 156 106 26 79 182 93 134 140 140 31 147 180 155 202 115 75 36 3 196 167 0 124 172 73 177 95 173 128 162 117 114 38 107 174 147 98 196 48 91 105 119 128 180 183 50 50 136 123 206 158 124 0 170 55 77 30 101 67 159 145 64 134 148 132 48 86 86 131 82 143 53 71 36 35 120 166 142 174 36 13 172 170 0 176 137 156 97 104 11 56 135 56 63 138 167 90 176 87 112 64 133 154 174 198 71 10 94 72 208 167 73 55 176 0 124 32 135 91 165 134 73 71 153 199 97 106 195 37 62 149 87 72 161 136 62 116 174 177 173 124 177 77 137 124 0 92 42 54 128 139 107 25 77 145 140 75 171 55 84 75 109 125 160 174 41 24 106 94 191 146 95 30 156 32 92 0 104 61 145 122 34 79 147 178 55 86 162 53 35 142 49 30 123 94 64 125 161 174 131 84 173 101 97 135 42 104 0 45 89 108 47 36 103 145 80 52 146 28 24 99 52 64 119 116 20 81 121 129 140 92 128 67 104 91 54 61 45 0 94 90 55 123 137 126 45 75 85 121 72 132 43 65 37 42 109 155 133 164 47 8 162 159 11 165 128 145 89 94 0 47 74 107 95 79 84 47 56 118 77 90 59 95 40 89 97 126 86 120 79 55 117 145 56 134 139 122 108 90 47 0 
0 154 81 22 107 135 103 65 88 29 133 65 109 41 136 37 149 80 58 104 98 110 86 107 93 71 133 95 107 101 154 0 160 141 131 43 81 89 196 183 37 121 47 193 152 118 27 176 164 178 235 78 117 87 130 101 25 60 134 124 81 160 0 95 42 161 79 94 38 91 124 41 115 84 61 76 167 17 26 25 86 84 149 75 162 124 135 108 40 165 22 141 95 0 113 117 99 52 108 48 123 70 96 61 143 31 132 97 75 120 120 106 64 105 72 50 120 82 114 79 107 131 42 113 0 145 52 91 79 125 94 43 94 122 31 86 145 59 65 49 128 53 154 44 169 126 107 94 3 170 135 43 161 117 145 0 94 73 194 164 63 120 51 176 171 102 19 175 159 184 225 94 78 103 90 69 47 53 148 82 103 81 79 99 52 94 0 56 117 130 45 46 43 133 77 68 93 96 89 97 161 7 118 9 133 90 56 45 55 133 65 89 94 52 91 73 56 0 123 94 71 54 44 104 122 29 84 105 87 119 152 61 63 64 78 35 68 30 93 79 88 196 38 108 79 194 117 123 0 86 162 76 150 72 91 98 201 21 36 37 51 122 170 113 180 147 171 142 76 186 29 183 91 48 125 164 130 94 86 0 162 88 138 17 152 66 178 84 65 111 79 137 109 133 113 98 162 124 125 121 133 37 124 123 94 63 45 71 162 162 0 88 27 169 115 96 56 141 132 141 204 41 117 50 132 93 16 42 97 129 65 121 41 70 43 120 46 54 76 88 88 0 74 89 73 43 126 55 44 65 116 52 113 46 127 86 96 67 44 129 109 47 115 96 94 51 43 44 150 138 27 74 0 147 120 72 52 129 117 136 188 43 90 52 105 66 24 15 97 102 41 193 84 61 122 176 133 104 72 17 169 89 147 0 145 75 188 74 58 101 62 140 124 134 129 111 171 133 120 137 136 152 61 143 31 171 77 122 91 152 115 73 120 145 0 116 169 75 87 54 142 77 185 68 199 157 130 121 29 201 37 118 76 31 86 102 68 29 98 66 96 43 72 75 116 0 113 83 62 101 123 75 73 74 86 49 96 58 87 89 149 27 167 132 145 19 93 84 201 178 56 126 52 188 169 113 0 181 167 188 236 92 97 101 109 86 40 59 148 101 80 176 17 97 59 175 96 105 21 84 141 55 129 74 75 83 181 0 22 27 69 101 156 92 167 132 151 122 57 172 58 164 26 75 65 159 89 87 36 65 132 44 117 58 87 62 167 22 0 47 72 95 135 88 145 111 140 108 63 151 104 178 25 120 49 184 97 119 37 111 141 65 136 101 54 101 188 27 47 0 88 100 174 91 187 149 153 131 46 190 98 235 86 120 128 225 161 152 51 79 204 116 188 62 142 123 236 69 72 88 0 167 184 159 190 168 211 177 126 198 110 78 84 106 53 94 7 61 122 137 41 52 43 140 77 75 92 101 95 100 167 0 123 9 138 95 54 48 56 137 86 117 149 64 154 78 118 63 170 109 117 113 90 124 185 73 97 156 135 174 184 123 0 127 15 28 107 78 156 16 107 87 75 105 44 103 9 64 113 133 50 46 52 134 68 74 101 92 88 91 159 9 127 0 142 99 63 54 47 142 93 130 162 72 169 90 133 78 180 113 132 127 105 129 199 86 109 167 145 187 190 138 15 142 0 43 122 93 170 10 71 101 124 50 126 69 90 35 147 98 93 86 66 111 157 49 86 132 111 149 168 95 28 99 43 0 86 52 128 44 133 25 135 120 107 47 56 68 171 162 16 96 24 171 130 96 40 151 140 153 211 54 107 63 122 86 0 39 110 117 95 60 108 82 94 53 45 30 142 124 42 67 15 133 121 58 59 122 108 131 177 48 78 54 93 52 39 0 97 91 107 134 40 114 3 148 55 93 76 125 97 44 97 120 29 87 148 57 63 46 126 56 156 47 170 128 110 97 0 172 101 124 165 79 170 82 133 79 186 121 129 129 102 137 201 89 101 172 151 190 198 137 16 142 10 44 117 91 172 0 
0 61 170 155 25 161 114 160 145 144 126 93 183 200 13 38 139 154 114 198 175 117 83 149 123 164 97 46 174 155 61 0 142 94 80 102 59 121 90 135 74 70 128 146 74 26 82 129 66 141 158 56 28 97 64 161 45 62 114 99 170 142 0 145 195 119 101 33 93 52 88 77 97 96 178 141 105 16 82 126 34 126 118 200 156 70 102 127 172 100 155 94 145 0 173 30 57 112 52 171 62 118 70 89 168 118 41 142 76 62 176 40 76 64 38 199 72 146 28 47 25 80 195 173 0 182 137 185 168 167 150 118 206 224 19 62 162 179 138 221 199 136 106 160 139 187 121 70 190 178 161 102 119 30 182 0 50 86 28 151 46 107 40 59 174 123 25 120 63 39 153 46 78 94 61 178 67 143 53 19 114 59 101 57 137 50 0 72 31 116 16 61 69 87 127 76 25 94 20 85 127 25 31 100 55 144 18 94 85 41 160 121 33 112 185 86 72 0 60 75 57 68 65 68 170 125 72 36 56 94 67 95 94 169 125 98 77 120 139 67 145 90 93 52 168 28 31 60 0 123 20 81 38 56 158 107 13 92 37 55 125 43 62 110 70 150 48 121 79 12 144 135 52 171 167 151 116 75 123 0 109 65 139 143 149 124 131 40 96 168 34 141 119 215 170 28 109 98 199 134 126 74 88 62 150 46 16 57 20 109 0 61 57 74 139 88 22 82 17 75 116 38 46 112 68 137 29 101 90 32 93 70 77 118 118 107 61 68 81 65 61 0 111 123 102 64 82 62 44 135 88 82 55 152 109 92 48 52 146 93 183 128 97 70 206 40 69 65 38 139 57 111 0 19 196 145 47 101 72 29 131 78 100 134 100 163 86 157 89 30 200 146 96 89 224 59 87 68 56 143 74 123 19 0 213 162 66 103 87 36 130 97 118 153 119 165 103 172 106 49 13 74 178 168 19 174 127 170 158 149 139 102 196 213 0 51 152 163 126 211 181 130 96 162 136 168 110 52 187 168 38 26 141 118 62 123 76 125 107 124 88 64 145 162 51 0 101 126 76 160 152 79 45 123 90 149 59 38 140 117 139 82 105 41 162 25 25 72 13 131 22 82 47 66 152 101 0 101 38 60 135 31 56 98 57 158 43 119 69 17 154 129 16 142 179 120 94 36 92 40 82 62 101 103 163 126 101 0 74 130 34 119 107 194 149 62 92 111 170 101 114 66 82 76 138 63 20 56 37 96 17 44 72 87 126 76 38 74 0 92 107 45 38 120 75 124 21 85 104 49 198 141 126 62 221 39 85 94 55 168 75 135 29 36 211 160 60 130 92 0 160 85 115 124 99 192 103 176 74 44 175 158 34 176 199 153 127 67 125 34 116 88 131 130 181 152 135 34 107 160 0 152 138 227 182 39 124 129 204 134 117 56 126 40 136 46 25 95 43 141 38 82 78 97 130 79 31 119 45 85 152 0 36 75 30 169 34 106 65 48 83 28 118 76 106 78 31 94 62 119 46 55 100 118 96 45 56 107 38 115 138 36 0 98 55 147 17 70 100 72 149 97 200 64 160 94 100 169 110 215 112 152 134 153 162 123 98 194 120 124 227 75 98 0 45 243 106 159 54 108 123 64 156 38 139 61 55 125 70 170 68 109 100 119 136 90 57 149 75 99 182 30 55 45 0 198 61 123 51 71 164 161 70 199 187 178 144 98 150 28 137 92 163 165 168 149 158 62 124 192 39 169 147 243 198 0 137 119 227 161 97 45 102 72 121 67 18 77 48 109 29 48 86 103 110 59 43 92 21 103 124 34 17 106 61 137 0 76 99 59 46 62 127 146 70 143 94 120 121 98 101 52 157 172 52 38 119 111 85 176 129 106 70 159 123 119 76 0 170 133 174 114 172 28 190 53 85 139 79 199 90 146 89 106 187 140 69 170 104 74 204 65 100 54 51 227 99 170 0 72 155 99 100 47 178 19 41 67 12 134 32 93 30 49 168 117 17 101 49 44 134 48 72 108 71 161 59 133 72 0 
0 191 105 106 219 46 115 174 62 73 175 160 82 77 99 153 162 157 170 152 105 98 75 83 48 44 162 191 119 102 191 0 150 108 47 188 82 52 149 126 85 139 165 126 138 148 87 36 22 79 90 94 153 167 170 201 145 36 102 90 105 150 0 43 155 140 74 164 122 53 92 201 26 47 150 201 174 116 133 77 72 77 139 156 129 144 206 169 143 99 106 108 43 0 121 129 31 121 100 34 69 163 57 29 120 165 133 74 91 46 31 38 116 134 114 136 169 126 105 60 219 47 155 121 0 223 104 99 184 148 69 186 177 147 181 195 134 66 62 78 114 121 192 208 205 235 192 81 145 124 46 188 140 129 223 0 125 159 40 95 194 125 121 101 67 116 139 157 167 169 115 106 42 43 18 13 126 179 98 99 115 82 74 31 104 125 0 90 90 44 71 138 85 44 101 140 103 46 62 46 10 19 103 121 107 135 144 96 80 36 174 52 164 121 99 159 90 0 120 125 125 87 172 128 98 97 35 57 44 111 92 91 118 128 142 172 93 22 62 75 62 149 122 100 184 40 90 120 0 70 160 98 110 76 37 92 103 118 127 135 80 71 17 34 22 53 101 139 60 60 73 126 53 34 148 95 44 125 70 0 103 149 50 6 97 148 127 90 105 79 36 34 87 104 81 102 154 135 92 51 175 85 92 69 69 194 71 125 160 103 0 198 117 98 171 203 153 69 81 25 80 90 174 192 178 204 204 118 144 106 160 139 201 163 186 125 138 87 98 149 198 0 198 155 61 12 52 131 126 177 133 125 85 82 113 137 6 108 58 103 82 165 26 57 177 121 85 172 110 50 117 198 0 45 142 196 177 130 147 99 80 81 127 144 113 123 202 181 142 101 77 126 47 29 147 101 44 128 76 6 98 155 45 0 103 154 132 90 106 75 37 37 93 110 87 108 160 138 98 56 99 138 150 120 181 67 101 98 37 97 171 61 142 103 0 55 74 115 119 146 94 84 25 30 53 80 64 120 36 65 153 148 201 165 195 116 140 97 92 148 203 12 196 154 55 0 62 138 134 182 135 127 78 73 105 128 10 118 60 105 162 87 174 133 134 139 103 35 103 127 153 52 177 132 74 62 0 84 75 135 102 97 97 104 123 152 58 56 43 76 157 36 116 74 66 157 46 57 118 90 69 131 130 90 115 138 84 0 17 54 54 59 126 142 139 169 137 54 83 58 170 22 133 91 62 167 62 44 127 105 81 126 147 106 119 134 75 17 0 69 69 73 132 147 149 179 132 38 83 68 152 79 77 46 78 169 46 111 135 79 25 177 99 75 146 182 135 54 69 0 55 65 149 167 153 179 183 107 122 81 105 90 72 31 114 115 10 92 80 36 80 133 80 37 94 135 102 54 69 55 0 10 94 112 98 125 139 101 75 30 98 94 77 38 121 106 19 91 71 34 90 125 81 37 84 127 97 59 73 65 10 0 84 102 88 116 131 101 67 22 75 153 139 116 192 42 103 118 17 87 174 85 127 93 25 78 97 126 132 149 94 84 0 18 28 55 87 140 56 70 83 167 156 134 208 43 121 128 34 104 192 82 144 110 30 73 104 142 147 167 112 102 18 0 35 55 83 150 66 87 48 170 129 114 205 18 107 142 22 81 178 113 113 87 53 105 123 139 149 153 98 88 28 35 0 31 115 161 81 81 44 201 144 136 235 13 135 172 53 102 204 137 123 108 80 128 152 169 179 179 125 116 55 55 31 0 138 192 111 111 162 145 206 169 192 126 144 93 101 154 204 6 202 160 64 10 58 137 132 183 139 131 87 83 115 138 0 114 64 109 191 36 169 126 81 179 96 22 139 135 118 108 181 138 120 118 56 54 38 107 101 101 140 150 161 192 114 0 84 89 119 102 143 105 145 98 80 62 60 92 144 58 142 98 36 60 43 83 83 122 75 67 56 66 81 111 64 84 0 45 102 90 99 60 124 99 36 75 60 51 106 103 101 56 65 105 76 58 68 81 30 22 70 87 81 111 109 89 45 0 
0 82 98 130 101 32 76 168 168 87 92 32 151 72 91 125 92 168 49 114 127 98 86 45 25 48 59 85 162 147 82 0 164 79 35 99 135 111 118 153 125 105 158 96 31 166 173 120 37 186 102 179 94 44 60 116 58 65 122 148 98 164 0 167 163 68 29 202 192 11 59 111 116 77 154 51 59 190 141 29 140 63 95 139 121 50 109 183 176 121 130 79 167 0 44 126 139 38 40 158 111 161 104 90 49 147 201 41 107 194 38 207 72 114 119 136 72 144 43 92 101 35 163 44 0 108 134 76 83 153 117 129 134 89 10 157 185 85 67 189 72 191 78 74 84 122 55 100 87 123 32 99 68 126 108 0 44 164 161 57 62 55 125 49 98 93 77 160 73 88 114 83 67 71 53 18 55 116 151 124 76 135 29 139 134 44 0 175 166 19 37 94 102 49 125 51 70 165 115 55 115 76 68 114 97 28 80 160 152 104 168 111 202 38 76 164 175 0 18 194 143 199 122 126 83 175 239 21 142 230 63 245 107 149 157 174 110 176 38 109 168 118 192 40 83 161 166 18 0 185 133 200 105 119 89 162 233 3 147 221 52 239 99 154 159 168 109 183 21 93 87 153 11 158 153 57 19 194 185 0 53 101 114 68 144 53 57 183 130 36 133 62 87 128 110 39 99 172 170 118 92 125 59 111 117 62 37 143 133 53 0 117 66 29 109 41 107 131 117 88 81 113 39 119 106 55 67 166 117 67 32 105 111 161 129 55 94 199 200 101 117 0 180 102 120 145 85 200 68 118 159 90 118 61 45 66 91 87 194 178 151 158 116 104 134 125 102 122 105 114 66 180 0 79 130 70 171 103 162 143 66 176 68 166 159 121 106 211 85 13 72 96 77 90 89 49 49 126 119 68 29 102 79 0 81 70 114 117 90 104 68 120 20 92 81 50 38 139 105 76 91 31 154 49 10 98 125 83 89 144 109 120 130 81 0 150 175 90 59 180 71 181 72 66 75 112 45 96 91 120 125 166 51 147 157 93 51 175 162 53 41 145 70 70 150 0 110 160 157 74 112 114 79 158 142 79 108 204 144 78 92 173 59 201 185 77 70 239 233 57 107 85 171 114 175 110 0 231 141 45 182 6 134 137 117 65 132 172 219 174 168 120 190 41 85 160 165 21 3 183 131 200 103 117 90 160 231 0 148 219 50 237 97 155 159 167 109 185 18 90 49 37 141 107 67 73 115 142 147 130 117 68 162 90 59 157 141 148 0 161 119 147 94 7 24 91 56 49 147 156 114 186 29 194 189 88 55 230 221 36 88 118 143 104 180 74 45 219 161 0 169 46 123 158 138 70 135 199 205 149 127 102 140 38 72 114 115 63 52 133 81 159 66 68 71 112 182 50 119 169 0 188 48 125 124 118 69 164 37 54 98 179 63 207 191 83 76 245 239 62 113 90 176 120 181 114 6 237 147 46 188 0 140 143 123 71 138 177 225 180 86 94 95 72 78 67 68 107 99 87 39 118 68 20 72 79 134 97 94 123 48 140 0 98 91 70 38 143 85 62 45 44 139 114 74 71 114 149 154 128 119 61 166 92 66 158 137 155 7 158 125 143 98 0 20 89 60 47 154 160 25 60 121 119 84 53 97 157 159 110 106 45 159 81 75 142 117 159 24 138 124 123 91 20 0 71 55 63 156 153 48 116 50 136 122 18 28 174 168 39 55 66 121 50 112 79 65 167 91 70 118 71 70 89 71 0 68 133 155 121 59 58 109 72 55 55 80 110 109 99 67 91 106 38 45 108 132 109 56 135 69 138 38 60 55 68 0 105 103 100 85 65 183 144 100 116 160 176 183 172 166 87 211 139 96 204 172 185 49 199 164 177 143 47 63 133 105 0 187 204 162 122 176 43 87 151 152 38 21 170 117 194 85 105 91 144 219 18 147 205 37 225 85 154 156 155 103 187 0 72 147 148 121 92 123 124 104 109 93 118 67 178 13 76 120 78 174 90 156 149 54 180 62 160 153 121 100 204 72 0 
0 86 122 123 21 103 44 27 45 176 222 98 70 93 27 82 78 117 178 94 163 118 196 173 28 150 69 162 195 156 86 0 123 37 68 18 44 109 41 135 197 27 112 153 88 35 90 132 131 156 178 181 168 170 59 84 21 177 163 154 122 123 0 138 109 120 108 116 114 76 101 102 62 89 147 88 45 21 84 95 55 109 79 51 112 99 108 55 81 34 123 37 138 0 103 21 80 145 78 129 195 37 141 183 125 57 114 152 122 187 193 211 166 178 96 68 55 193 159 164 21 68 109 103 0 82 24 42 27 157 206 77 65 97 39 61 64 106 158 98 154 123 179 160 9 129 48 153 177 143 103 18 120 21 82 0 59 124 58 123 187 18 120 162 106 36 94 133 118 166 175 190 158 164 75 68 34 175 152 149 44 44 108 80 24 59 0 65 6 145 199 54 77 114 52 41 66 111 145 117 159 142 171 159 16 109 25 158 168 142 27 109 116 145 42 124 65 0 69 179 217 116 56 69 50 98 75 105 183 68 149 92 194 165 51 163 90 148 194 149 45 41 114 78 27 58 6 69 0 149 204 54 83 120 51 43 72 117 148 123 165 148 176 165 18 111 24 164 172 148 176 135 76 129 157 123 145 179 149 0 67 108 132 165 195 107 105 97 12 171 107 185 38 72 156 63 131 106 30 69 222 197 101 195 206 187 199 217 204 67 0 171 162 182 245 166 144 114 76 187 94 193 29 57 207 130 190 94 37 70 98 27 102 37 77 18 54 116 54 108 171 0 104 147 105 20 77 115 104 151 157 174 142 146 70 59 30 157 136 131 70 112 62 141 65 120 77 56 83 132 162 104 0 43 97 84 31 49 138 47 93 70 141 109 72 132 91 92 142 93 93 153 89 183 97 162 114 69 120 165 182 147 43 0 119 127 73 70 173 6 96 28 166 125 105 174 132 95 169 112 27 88 147 125 39 106 52 50 51 195 245 105 97 119 0 93 102 143 195 118 190 142 218 198 39 161 75 189 216 181 82 35 88 57 61 36 41 98 43 107 166 20 84 127 93 0 58 98 105 131 143 154 137 135 55 68 24 142 132 119 78 90 45 114 64 94 66 75 72 105 144 77 31 73 102 58 0 45 109 78 93 100 119 96 67 101 71 92 119 79 117 132 21 152 106 133 111 105 117 97 114 115 49 70 143 98 45 0 105 76 48 88 96 60 111 119 115 47 99 44 178 131 84 122 158 118 145 183 148 12 76 104 138 173 195 105 109 105 0 179 118 193 49 84 156 54 129 117 40 80 94 156 95 187 98 166 117 68 123 171 187 151 47 6 118 131 78 76 179 0 101 25 172 131 107 179 135 100 175 117 163 178 55 193 154 175 159 149 165 107 94 157 93 96 190 143 93 48 118 101 0 101 87 39 159 149 162 1 95 38 118 181 109 211 123 190 142 92 148 185 193 174 70 28 142 154 100 88 193 25 101 0 180 136 132 199 160 101 185 125 196 168 79 166 179 158 171 194 176 38 29 142 141 166 218 137 119 96 49 172 87 180 0 48 180 101 161 87 10 55 173 170 51 178 160 164 159 165 165 72 57 146 109 125 198 135 96 60 84 131 39 136 48 0 163 123 157 39 56 17 28 59 112 96 9 75 16 51 18 156 207 70 72 105 39 55 67 111 156 107 159 132 180 163 0 123 41 158 177 146 150 84 99 68 129 68 109 163 111 63 130 59 132 174 161 68 101 119 54 179 149 199 101 123 123 0 88 149 93 113 69 21 108 55 48 34 25 90 24 131 190 30 91 132 75 24 71 115 129 135 162 160 161 157 41 88 0 161 156 140 162 177 55 193 153 175 158 148 164 106 94 157 92 95 189 142 92 47 117 100 1 101 87 39 158 149 161 0 95 37 195 163 81 159 177 152 168 194 172 30 37 136 142 169 216 132 119 99 40 175 95 185 10 56 177 93 156 95 0 61 156 154 34 164 143 149 142 149 148 69 70 131 93 112 181 119 79 44 80 117 38 125 55 17 146 113 140 37 61 0 
0 66 76 69 27 83 49 76 82 70 62 101 42 48 111 61 109 126 157 12 75 111 90 97 99 28 80 126 90 106 66 0 38 122 83 137 72 75 132 113 114 93 42 109 51 94 130 60 106 76 62 147 47 158 159 73 62 162 70 79 76 38 0 111 80 125 56 42 117 138 135 56 34 124 82 123 98 71 81 88 28 124 14 173 175 68 26 138 32 41 69 122 111 0 42 15 55 81 15 119 103 99 81 81 173 120 71 178 182 69 91 51 122 110 116 49 96 65 103 118 27 83 80 42 0 57 33 65 55 90 78 89 46 58 132 84 87 142 159 31 69 84 94 102 106 13 74 99 84 100 83 137 125 15 57 0 69 92 11 129 113 108 96 91 188 132 73 193 193 83 103 45 136 115 122 64 108 57 114 129 49 72 56 55 33 69 0 32 61 118 108 56 30 91 123 110 64 125 128 58 37 75 67 135 139 22 42 90 52 68 76 75 42 81 65 92 32 0 82 146 137 25 41 122 123 135 56 113 101 87 14 83 48 167 171 53 18 96 22 37 82 132 117 15 55 11 61 82 0 134 118 97 90 96 183 135 62 186 183 84 94 37 128 123 130 60 99 50 104 119 70 113 138 119 90 129 118 146 134 0 16 171 109 38 136 20 177 166 217 60 143 169 152 59 56 97 147 184 157 173 62 114 135 103 78 113 108 137 118 16 0 162 103 22 143 31 165 170 216 50 136 154 149 47 46 86 141 168 151 167 101 93 56 99 89 108 56 25 97 171 162 0 66 147 137 160 52 121 90 112 32 88 55 191 195 78 31 98 24 26 42 42 34 81 46 96 30 41 90 109 103 66 0 90 93 96 90 97 115 54 34 105 48 139 141 34 38 120 48 64 48 109 124 81 58 91 91 122 96 38 22 147 90 0 146 46 144 168 205 36 122 132 138 49 51 69 127 146 137 153 111 51 82 173 132 188 123 123 183 136 143 137 93 146 0 116 179 38 116 119 109 198 83 190 189 124 108 213 113 117 61 94 123 120 84 132 110 135 135 20 31 160 96 46 116 0 170 146 200 53 130 168 135 78 75 89 134 183 144 160 109 130 98 71 87 73 64 56 62 177 165 52 90 144 179 170 0 169 142 118 70 38 103 180 186 81 73 46 72 78 126 60 71 178 142 193 125 113 186 166 170 121 97 168 38 146 169 0 80 136 99 195 66 216 216 131 96 209 97 96 157 106 81 182 159 193 128 101 183 217 216 90 115 205 116 200 142 80 0 169 91 178 67 254 256 146 86 188 79 65 12 76 88 69 31 83 58 87 84 60 50 112 54 36 119 53 118 136 169 0 86 115 102 85 87 37 91 130 101 117 75 62 28 91 69 103 37 14 94 143 136 32 34 122 109 130 70 99 91 86 0 97 34 170 173 56 5 110 15 31 111 147 124 51 84 45 75 83 37 169 154 88 105 132 198 168 38 195 178 115 97 0 131 160 167 84 101 15 103 114 90 47 14 122 94 136 67 48 128 152 149 55 48 138 83 135 103 66 67 102 34 131 0 187 189 81 30 144 32 34 97 158 173 110 102 115 135 167 123 59 47 191 139 49 190 78 180 216 254 85 170 160 187 0 7 114 175 172 185 201 99 159 175 116 106 122 139 171 130 56 46 195 141 51 189 75 186 216 256 87 173 167 189 7 0 118 178 179 188 204 28 73 68 49 13 64 22 53 60 97 86 78 34 69 124 89 81 131 146 37 56 84 81 114 118 0 61 99 71 87 80 62 26 96 74 108 42 18 99 147 141 31 38 127 108 134 73 96 86 91 5 101 30 175 178 61 0 114 10 26 126 162 138 65 99 57 90 96 50 184 168 98 120 146 213 183 46 209 188 130 110 15 144 172 179 99 114 0 115 124 90 70 32 103 84 114 52 22 104 157 151 24 48 137 113 144 72 97 79 101 15 103 32 185 188 71 10 115 0 16 106 79 41 118 100 129 68 37 119 173 167 26 64 153 117 160 78 96 65 117 31 114 34 201 204 87 26 124 16 0 
