0 158 109 134 178 160 161 178 67 150 132 139 163 203 93 184 45 26 127 118 168 140 130 171 133 95 152 128 189 67 158 0 49 133 66 66 82 37 150 54 107 92 14 51 91 88 127 140 118 52 45 100 80 16 27 64 57 91 34 93 109 49 0 112 87 74 86 74 107 60 89 81 55 97 55 102 81 92 97 30 70 88 66 63 26 19 63 74 81 47 134 133 112 0 96 79 67 170 73 170 26 192 147 146 61 211 91 140 15 85 105 198 53 134 129 96 81 183 146 92 178 66 87 96 0 19 29 99 143 119 72 157 79 53 87 153 136 168 85 62 21 165 52 56 84 88 26 153 60 111 160 66 74 79 19 0 16 102 124 116 54 150 80 67 68 154 117 151 67 47 26 158 33 60 77 73 11 145 69 94 161 82 86 67 29 16 0 118 119 131 43 164 96 81 68 170 117 155 56 56 42 171 31 76 91 81 25 158 85 98 178 37 74 170 99 102 118 0 180 38 144 78 23 66 125 56 155 157 155 87 79 86 117 43 48 92 94 80 47 121 67 150 107 73 143 124 119 180 0 164 80 171 160 184 60 206 35 81 71 99 142 174 91 159 132 88 120 160 176 63 150 54 60 170 119 116 131 38 164 0 146 40 43 98 115 42 134 126 155 85 98 48 120 68 41 79 106 42 79 101 132 107 89 26 72 54 43 144 80 146 0 170 121 121 45 187 87 132 13 61 79 177 27 108 105 75 55 162 120 79 139 92 81 192 157 150 164 78 171 40 170 0 83 138 133 49 136 113 177 111 136 8 147 108 73 96 139 11 119 109 163 14 55 147 79 80 96 23 160 43 121 83 0 56 102 74 136 143 132 64 58 91 94 25 30 73 71 83 37 102 203 51 97 146 53 67 81 66 184 98 121 138 56 0 124 122 168 189 134 87 43 146 98 35 78 108 67 139 19 137 93 91 55 61 87 68 68 125 60 115 45 133 102 124 0 157 49 89 47 39 83 138 37 99 78 37 62 124 116 34 184 88 102 211 153 154 170 56 206 42 187 49 74 122 157 0 174 159 196 126 132 53 161 98 82 121 145 59 103 143 45 127 81 91 136 117 117 155 35 134 87 136 136 168 49 174 0 50 83 81 130 140 86 139 107 63 110 125 157 34 26 140 92 140 168 151 155 157 81 126 132 113 143 189 89 159 50 0 131 107 157 114 125 155 114 82 142 102 173 57 127 118 97 15 85 67 56 155 71 155 13 177 132 134 47 196 83 131 0 70 91 183 38 119 114 81 68 168 133 80 118 52 30 85 62 47 56 87 99 85 61 111 64 87 39 126 81 107 70 0 50 118 36 60 44 26 36 104 77 51 168 45 70 105 21 26 42 79 142 98 79 136 58 43 83 132 130 157 91 50 0 144 55 36 63 75 24 132 43 101 140 100 88 198 165 158 171 86 174 48 177 8 91 146 138 53 140 114 183 118 144 0 154 116 81 102 147 15 127 113 130 80 66 53 52 33 31 117 91 120 27 147 94 98 37 161 86 125 38 36 55 154 0 81 79 56 31 140 95 68 171 16 63 134 56 60 76 43 159 68 108 108 25 35 99 98 139 155 119 60 36 116 81 0 43 76 54 107 18 105 133 27 26 129 84 77 91 48 132 41 105 73 30 78 78 82 107 114 114 44 63 81 79 43 0 44 66 69 61 73 95 64 19 96 88 73 81 92 88 79 75 96 73 108 37 121 63 82 81 26 75 102 56 76 44 0 62 87 94 29 152 57 63 81 26 11 25 94 120 106 55 139 71 67 62 145 110 142 68 36 24 147 31 54 66 62 0 134 65 85 128 91 74 183 153 145 158 80 160 42 162 11 83 139 124 59 125 102 168 104 132 15 140 107 69 87 134 0 120 99 189 34 81 146 60 69 85 47 176 79 120 119 37 19 116 103 157 173 133 77 43 127 95 18 61 94 65 120 0 123 67 93 47 92 111 94 98 121 63 101 79 109 102 137 34 143 34 57 80 51 101 113 68 105 73 29 85 99 123 0 
0 183 149 73 7 198 102 156 136 153 97 113 195 167 211 117 113 179 21 176 20 240 64 54 81 123 138 101 62 171 183 0 35 141 177 97 86 48 67 90 91 140 98 61 107 86 85 47 165 7 164 131 181 136 110 69 184 134 196 152 149 35 0 106 143 108 57 46 53 85 62 122 108 65 121 53 63 44 132 29 129 148 152 104 75 47 167 112 167 146 73 141 106 0 71 191 87 134 121 150 86 140 189 151 205 57 105 120 70 134 57 234 119 74 33 106 178 125 125 192 7 177 143 71 0 191 95 149 129 146 90 106 188 160 204 113 106 173 14 170 15 233 59 47 77 116 131 94 59 164 198 97 108 191 191 0 105 62 70 45 107 101 3 43 15 154 88 143 177 96 184 44 163 145 158 85 126 106 179 73 102 86 57 87 95 105 0 55 36 63 5 70 104 67 120 66 18 99 82 79 84 149 95 50 55 22 115 58 110 111 156 48 46 134 149 62 55 0 23 42 59 94 62 19 76 92 46 85 136 43 139 105 142 104 101 33 136 89 158 104 136 67 53 121 129 70 36 23 0 34 40 73 68 31 84 88 23 97 116 61 120 113 119 83 88 15 117 67 135 93 153 90 85 150 146 45 63 42 34 0 64 63 42 31 58 122 45 127 132 85 140 87 121 100 118 47 98 64 137 62 97 91 62 86 90 107 5 59 40 64 0 67 105 71 121 69 19 104 77 84 80 150 90 45 55 26 112 54 105 110 113 140 122 140 106 101 70 94 73 63 67 0 98 91 113 136 59 166 93 134 105 138 64 68 115 75 45 15 79 58 195 98 108 189 188 3 104 62 68 42 105 98 0 43 16 154 86 143 174 96 182 45 160 142 156 83 123 103 176 70 167 61 65 151 160 43 67 19 31 31 71 91 43 0 57 111 54 102 147 57 151 86 145 114 118 46 129 90 161 91 211 107 121 205 204 15 120 76 84 58 121 113 16 57 0 168 102 154 190 107 198 29 176 158 172 99 135 119 192 79 117 86 53 57 113 154 66 92 88 122 69 136 154 111 168 0 83 63 106 80 98 197 143 90 36 75 180 122 154 176 113 85 63 105 106 88 18 46 23 45 19 59 86 54 102 83 0 107 93 78 97 131 96 60 73 16 104 49 112 93 179 47 44 120 173 143 99 85 97 127 104 166 143 102 154 63 107 0 164 47 159 178 192 141 98 91 211 156 206 189 21 165 132 70 14 177 82 136 116 132 77 93 174 147 190 106 93 164 0 158 15 219 51 33 70 103 121 80 55 151 176 7 29 134 170 96 79 43 61 85 84 134 96 57 107 80 78 47 158 0 157 131 174 129 104 62 178 127 189 147 20 164 129 57 15 184 84 139 120 140 80 105 182 151 198 98 97 159 15 157 0 227 66 40 62 106 135 92 70 163 240 131 148 234 233 44 149 105 113 87 150 138 45 86 29 197 131 178 219 131 227 0 202 187 201 128 153 145 217 95 64 181 152 119 59 163 95 142 119 121 90 64 160 145 176 143 96 192 51 174 66 202 0 53 110 112 75 57 16 118 54 136 104 74 47 145 50 104 83 100 45 68 142 114 158 90 60 141 33 129 40 187 53 0 58 71 104 53 65 124 81 110 75 33 77 158 55 101 88 118 55 115 156 118 172 36 73 98 70 104 62 201 110 58 0 73 158 101 120 164 123 69 47 106 116 85 22 33 15 47 26 75 83 46 99 75 16 91 103 62 106 128 112 71 73 0 120 65 127 103 138 184 167 178 131 126 115 136 117 98 112 45 123 129 135 180 104 211 121 178 135 153 75 104 158 120 0 58 84 58 101 134 112 125 94 106 58 89 67 64 54 15 103 90 119 122 49 156 80 127 92 145 57 53 101 65 58 0 73 71 62 196 167 125 59 179 110 158 135 137 105 79 176 161 192 154 112 206 55 189 70 217 16 65 120 127 84 73 0 132 171 152 146 192 164 73 111 104 93 62 110 58 70 91 79 176 93 189 151 147 163 95 118 124 164 103 58 71 132 0 
0 121 35 103 43 150 144 18 81 96 74 123 174 162 53 165 151 138 166 60 109 54 93 133 124 89 109 231 91 156 121 0 92 19 93 64 28 114 123 26 142 110 54 94 80 60 52 18 48 71 15 70 28 21 126 47 79 110 42 89 35 92 0 74 11 132 113 41 61 66 64 123 145 127 46 131 116 109 135 47 82 37 64 101 97 70 74 202 57 121 103 19 74 0 76 68 45 95 111 11 128 101 72 101 61 75 65 36 67 52 8 51 10 36 121 31 75 129 31 95 43 93 11 76 0 138 111 51 50 67 56 132 147 119 56 127 112 111 133 55 84 45 66 99 86 77 66 200 55 113 150 64 132 68 138 0 80 136 179 79 193 74 62 155 97 111 110 56 88 90 60 98 77 80 188 62 142 115 99 150 144 28 113 45 111 80 0 139 132 48 154 136 43 77 106 33 30 24 22 97 43 95 52 12 125 75 79 89 56 73 18 114 41 95 51 136 139 0 96 91 91 105 166 166 39 164 150 130 161 48 101 44 87 128 136 78 115 223 90 160 81 123 61 111 50 179 132 96 0 100 25 181 174 107 106 136 121 141 151 104 119 94 102 121 46 122 58 220 82 103 96 26 66 11 67 79 48 91 100 0 117 107 80 95 60 75 63 44 70 51 19 48 5 37 110 36 65 136 20 89 74 142 64 128 56 193 154 91 25 117 0 187 194 132 110 160 145 159 173 111 136 101 118 142 68 133 83 242 100 128 123 110 123 101 132 74 136 105 181 107 187 0 134 202 77 169 162 114 152 77 98 87 102 131 209 71 169 189 124 196 174 54 145 72 147 62 43 166 174 80 194 134 0 115 129 61 68 36 35 120 65 122 81 53 168 91 122 59 95 111 162 94 127 101 119 155 77 166 107 95 132 202 115 0 147 54 47 100 80 140 104 133 100 75 74 131 53 136 82 6 53 80 46 61 56 97 106 39 106 60 110 77 129 147 0 135 123 94 128 9 65 14 55 96 137 39 103 187 65 141 165 60 131 75 127 111 33 164 136 75 160 169 61 54 135 0 15 57 26 126 73 122 80 39 118 105 78 86 74 52 151 52 116 65 112 110 30 150 121 63 145 162 68 47 123 15 0 54 35 114 65 110 68 31 104 96 63 100 60 43 138 18 109 36 111 56 24 130 141 44 159 114 36 100 94 57 54 0 38 85 29 86 45 25 141 58 94 93 59 95 166 48 135 67 133 88 22 161 151 70 173 152 35 80 128 26 35 38 0 119 63 117 74 34 138 95 95 69 78 77 60 71 47 52 55 90 97 48 104 51 111 77 120 140 9 126 114 85 119 0 56 10 46 87 133 30 98 178 58 134 109 15 82 8 84 60 43 101 119 19 136 98 65 104 65 73 65 29 63 56 0 57 18 34 128 32 82 122 39 99 54 70 37 51 45 98 95 44 94 48 101 87 122 133 14 122 110 86 117 10 57 0 43 84 123 36 89 179 51 127 93 28 64 10 66 77 52 87 102 5 118 102 81 100 55 80 68 45 74 46 18 43 0 41 113 31 68 138 23 94 133 21 101 36 99 80 12 128 121 37 142 131 53 75 96 39 31 25 34 87 34 84 41 0 117 66 70 101 44 70 124 126 97 121 86 188 125 136 46 110 68 209 168 74 137 118 104 141 138 133 128 123 113 117 0 141 47 204 90 72 89 47 70 31 77 62 75 78 122 36 133 71 91 131 39 105 96 58 95 30 32 36 31 66 141 0 98 150 53 125 109 79 74 75 66 142 79 115 58 65 83 169 122 53 103 78 63 94 95 98 82 89 68 70 47 98 0 163 45 48 231 110 202 129 200 115 89 223 220 136 242 189 59 136 187 86 100 93 69 178 122 179 138 101 204 150 163 0 145 135 91 42 57 31 55 99 56 90 82 20 100 124 95 82 65 74 60 59 78 58 39 51 23 44 90 53 45 145 0 76 156 89 121 95 113 150 73 160 103 89 128 196 111 6 141 52 43 95 77 134 99 127 94 70 72 125 48 135 76 0 
0 40 24 101 105 65 127 56 28 84 127 73 87 55 91 84 39 107 111 41 87 105 102 69 56 46 65 81 48 83 40 0 47 62 77 72 99 51 66 65 133 46 74 74 59 51 79 68 71 60 59 66 62 43 71 12 27 74 86 86 24 47 0 108 122 89 114 79 27 67 151 63 68 31 104 97 45 114 115 17 104 105 108 58 80 57 64 60 42 107 101 62 108 0 52 105 94 82 128 91 151 70 104 131 34 32 140 6 17 119 45 30 4 72 111 55 47 110 148 111 105 77 122 52 0 75 145 59 133 132 105 110 144 151 22 30 140 54 68 137 18 82 56 110 87 65 82 147 153 74 65 72 89 105 75 0 170 23 85 136 64 118 144 120 75 73 81 110 120 106 65 124 107 115 14 65 96 141 101 18 127 99 114 94 145 170 0 148 141 48 230 54 53 115 124 118 159 95 82 111 133 64 90 59 170 105 74 65 153 183 56 51 79 82 59 23 148 0 81 116 82 97 125 110 54 52 83 87 98 96 45 101 85 94 30 43 74 124 100 35 28 66 27 128 133 85 141 81 0 94 143 90 94 42 119 112 18 134 137 34 115 129 128 85 73 74 88 84 20 102 84 65 67 91 132 136 48 116 94 0 198 22 13 67 110 102 112 95 87 63 115 69 88 22 133 75 50 22 105 151 127 133 151 151 105 64 230 82 143 198 0 179 207 181 117 120 135 155 168 168 106 178 155 176 71 125 156 205 157 47 73 46 63 70 110 118 54 97 90 22 179 0 34 73 88 80 108 74 68 64 93 51 67 5 117 55 28 40 105 132 87 74 68 104 144 144 53 125 94 13 207 34 0 62 122 114 112 108 100 61 127 81 101 34 139 85 62 12 103 160 55 74 31 131 151 120 115 110 42 67 181 73 62 0 133 125 59 137 135 14 133 122 130 68 110 86 84 50 43 138 91 59 104 34 22 75 124 54 119 110 117 88 122 133 0 8 127 38 51 119 11 63 38 88 84 47 60 125 139 78 84 51 97 32 30 73 118 52 112 102 120 80 114 125 8 0 121 37 48 111 15 58 35 80 82 40 52 117 132 79 39 79 45 140 140 81 159 83 18 112 135 108 112 59 127 121 0 146 150 52 122 144 141 103 68 85 103 102 22 98 107 68 114 6 54 110 95 87 134 95 155 74 108 137 38 37 146 0 14 125 49 31 7 76 117 61 53 114 154 116 111 71 115 17 68 120 82 98 137 87 168 68 100 135 51 48 150 14 0 124 62 19 13 71 127 67 51 108 157 127 41 60 17 119 137 106 111 96 34 63 168 64 61 14 119 111 52 125 124 0 119 111 118 59 97 72 73 50 42 124 87 59 104 45 18 65 133 45 115 115 106 93 127 133 11 15 122 49 62 119 0 73 49 93 75 47 65 130 135 67 105 66 105 30 82 124 64 101 129 69 178 51 81 122 63 58 144 31 19 111 73 0 26 55 129 64 41 91 147 134 102 62 108 4 56 107 90 85 128 88 155 67 101 130 38 35 141 7 13 118 49 26 0 69 114 56 46 107 148 114 69 43 58 72 110 115 59 94 85 22 176 5 34 68 88 80 103 76 71 59 93 55 69 0 113 53 28 38 100 129 56 71 80 111 87 14 170 30 73 133 71 117 139 110 84 82 68 117 127 97 75 129 114 113 0 66 97 135 89 30 46 12 57 55 65 65 105 43 74 75 125 55 85 86 47 40 85 61 67 72 47 64 56 53 66 0 31 85 94 78 65 27 64 47 82 96 74 74 88 50 156 28 62 84 60 52 103 53 51 73 65 41 46 28 97 31 0 66 106 109 81 74 60 110 147 141 65 124 84 22 205 40 12 50 125 117 102 114 108 50 130 91 107 38 135 85 66 0 92 158 48 86 42 148 153 101 153 100 20 105 157 105 103 43 139 132 22 154 157 42 135 147 148 100 89 94 106 92 0 119 83 86 107 111 74 18 183 35 102 151 47 132 160 138 78 79 98 116 127 124 67 134 114 129 30 78 109 158 119 0 
0 68 118 84 138 77 99 71 101 49 88 119 127 57 83 74 96 30 59 43 83 42 73 83 76 57 71 28 62 93 68 0 65 152 78 136 158 137 93 58 126 73 63 70 15 141 122 98 97 61 75 99 105 82 13 88 111 79 121 55 118 65 0 193 107 166 185 175 71 80 190 15 83 134 55 181 187 147 115 125 137 133 116 75 70 104 127 116 179 31 84 152 193 0 222 39 42 18 147 113 115 189 211 125 167 12 134 57 83 117 154 60 93 129 160 92 80 77 70 163 138 78 107 222 0 213 235 209 164 136 158 122 24 106 70 212 143 165 175 108 86 176 183 158 65 166 189 156 173 119 77 136 166 39 213 0 22 23 113 87 137 160 199 130 150 30 153 61 51 118 158 37 57 98 148 62 44 57 93 135 99 158 185 42 235 22 0 35 130 109 152 179 221 151 172 39 169 80 70 140 180 59 74 116 170 81 61 79 107 154 71 137 175 18 209 23 35 0 129 95 117 171 198 118 151 7 134 47 65 107 147 42 75 111 147 74 62 60 72 145 101 93 71 147 164 113 130 129 0 52 188 58 142 144 95 136 193 119 64 131 161 90 56 18 106 55 69 81 160 45 49 58 80 113 136 87 109 95 52 0 136 76 119 94 68 101 141 72 40 80 114 53 47 34 71 30 54 36 111 50 88 126 190 115 158 137 152 117 188 136 0 196 161 57 138 114 21 80 143 65 72 118 157 170 124 144 152 113 45 172 119 73 15 189 122 160 179 171 58 76 196 0 98 142 66 177 195 146 109 131 148 129 107 65 81 98 119 112 181 26 127 63 83 211 24 199 221 198 142 119 161 98 0 106 51 201 149 156 159 105 91 162 166 137 51 149 173 142 170 97 57 70 134 125 106 130 151 118 144 94 57 142 106 0 81 119 53 71 115 14 29 99 129 128 67 112 127 84 68 120 83 15 55 167 70 150 172 151 95 68 138 66 51 81 0 156 134 113 108 75 82 113 115 88 15 98 122 93 136 54 74 141 181 12 212 30 39 7 136 101 114 177 201 119 156 0 132 48 72 108 148 48 82 118 150 81 69 65 69 151 96 122 187 134 143 153 169 134 193 141 21 195 149 53 134 132 0 94 153 64 58 131 167 175 119 153 164 123 64 173 30 98 147 57 165 61 80 47 119 72 80 146 156 71 113 48 94 0 65 60 100 38 79 101 106 69 72 38 41 120 59 97 115 83 175 51 70 65 64 40 143 109 159 115 108 72 153 65 0 101 140 28 14 47 110 11 14 31 106 84 43 61 125 117 108 118 140 107 131 80 65 131 105 14 75 108 64 60 101 0 40 85 115 114 61 98 114 71 65 109 83 75 137 154 86 158 180 147 161 114 72 148 91 29 82 148 58 100 140 40 0 125 153 147 67 135 154 111 94 130 42 99 133 60 176 37 59 42 90 53 118 129 162 99 113 48 131 38 28 85 125 0 42 72 111 35 34 20 79 103 73 105 116 93 183 57 74 75 56 47 157 107 166 129 115 82 167 79 14 115 153 42 0 42 118 18 13 45 120 85 83 82 75 129 158 98 116 111 18 34 170 65 137 128 88 118 175 101 47 114 147 72 42 0 95 37 55 63 142 45 76 13 70 160 65 148 170 147 106 71 124 81 51 67 15 150 119 106 110 61 67 111 118 95 0 101 124 91 125 67 57 88 104 92 166 62 81 74 55 30 144 98 149 112 98 81 153 69 11 98 135 35 18 37 101 0 24 31 110 73 71 111 127 80 189 44 61 62 69 54 152 119 173 127 122 69 164 72 14 114 154 34 13 55 124 24 0 43 113 96 28 79 116 77 156 57 79 60 81 36 113 112 142 84 93 65 123 38 31 71 111 20 45 63 91 31 43 0 79 86 62 121 179 70 173 93 107 72 160 111 45 181 170 68 136 69 64 41 106 65 94 79 120 142 125 110 113 79 0 155 93 55 31 163 119 135 154 145 45 50 172 26 97 120 54 151 173 120 84 109 130 103 85 45 67 73 96 86 155 0 
0 70 182 154 121 126 96 216 167 43 212 225 77 208 66 158 43 125 29 129 110 137 207 100 138 133 175 113 196 77 70 0 177 91 107 61 26 154 132 41 176 186 48 159 84 161 30 62 85 59 46 142 177 38 68 63 105 97 134 15 182 177 0 160 70 165 181 168 79 154 87 103 129 124 116 29 166 157 160 206 161 47 69 157 195 196 199 80 159 192 154 91 160 0 106 31 70 64 84 114 114 117 86 80 132 159 111 29 159 67 45 148 124 54 48 52 39 99 44 96 121 107 70 106 0 102 111 139 56 85 97 112 59 109 58 57 97 94 104 140 95 42 88 88 132 131 145 10 123 122 126 61 165 31 102 0 39 95 97 87 135 140 65 107 112 159 83 8 134 44 16 143 141 27 30 31 50 92 75 65 96 26 181 70 111 39 0 134 126 64 167 174 58 144 102 168 55 43 110 35 27 151 171 26 42 37 79 101 114 26 216 154 168 64 139 95 134 0 91 173 92 85 142 47 181 178 173 92 216 127 108 174 109 117 106 112 76 135 20 160 167 132 79 84 56 97 126 91 0 126 45 58 93 53 111 87 133 90 156 141 100 85 45 100 126 128 123 58 80 145 43 41 154 114 85 87 64 173 126 0 171 184 34 165 45 132 13 85 47 99 71 112 168 60 104 99 137 76 153 54 212 176 87 114 97 135 167 92 45 171 0 16 138 45 154 107 178 128 199 179 140 113 18 142 161 164 148 101 92 188 225 186 103 117 112 140 174 85 58 184 16 0 150 40 169 123 190 134 214 184 147 129 34 150 165 169 148 116 88 197 77 48 129 86 59 65 58 142 93 34 138 150 0 131 47 113 40 61 74 91 51 94 136 41 89 86 115 49 122 63 208 159 124 80 109 107 144 47 53 165 45 40 131 0 160 138 169 101 201 147 117 138 62 121 128 132 109 108 48 168 66 84 116 132 58 112 102 181 111 45 154 169 47 160 0 92 58 108 46 137 98 71 146 88 136 133 162 53 162 99 158 161 29 159 57 159 168 178 87 132 107 123 113 138 92 0 145 151 134 197 152 21 91 145 189 188 198 67 167 176 43 30 166 111 97 83 55 173 133 13 178 190 40 169 58 145 0 82 55 89 67 125 176 57 97 92 132 87 153 42 125 62 157 29 94 8 43 92 90 85 128 134 61 101 108 151 82 0 132 52 16 136 134 25 38 39 55 85 72 68 29 85 160 159 104 134 110 216 156 47 199 214 74 201 46 134 55 132 0 144 118 113 192 107 151 146 184 98 196 95 129 59 206 67 140 44 35 127 141 99 179 184 91 147 137 197 89 52 144 0 45 181 185 52 21 15 58 130 109 52 110 46 161 45 95 16 27 108 100 71 140 147 51 117 98 152 67 16 118 45 0 136 145 11 38 36 66 85 88 52 137 142 47 148 42 143 151 174 85 112 113 129 94 138 71 21 125 136 113 181 136 0 98 129 173 172 187 51 161 157 207 177 69 124 88 141 171 109 45 168 18 34 136 62 146 91 176 134 192 185 145 98 0 145 169 172 160 94 107 190 100 38 157 54 88 27 26 117 100 60 142 150 41 121 88 145 57 25 107 52 11 129 145 0 48 45 77 78 97 47 138 68 195 48 132 30 42 106 126 104 161 165 89 128 136 189 97 38 151 21 38 173 169 48 0 6 39 122 88 65 133 63 196 52 131 31 37 112 128 99 164 169 86 132 133 188 92 39 146 15 36 172 172 45 6 0 45 121 94 59 175 105 199 39 145 50 79 76 123 137 148 148 115 109 162 198 132 55 184 58 66 187 160 77 39 45 0 136 62 104 113 97 80 99 10 92 101 135 58 76 101 116 49 108 53 67 87 85 98 130 85 51 94 78 122 121 136 0 119 112 196 134 159 44 123 75 114 20 80 153 92 88 122 48 162 167 153 72 196 109 88 161 107 97 88 94 62 119 0 140 77 15 192 96 122 65 26 160 145 54 188 197 63 168 99 176 42 68 95 52 52 157 190 47 65 59 104 112 140 0 
0 101 100 46 88 60 104 62 136 23 76 103 68 126 103 98 104 67 84 59 56 82 63 46 7 76 111 63 85 68 101 0 25 99 137 110 114 158 84 106 168 116 151 64 25 122 26 134 180 82 156 56 44 104 95 120 136 160 67 146 100 25 0 86 151 122 91 161 109 111 158 136 139 89 50 100 4 145 172 95 153 76 55 91 93 134 155 162 87 154 46 99 86 0 134 104 59 99 159 69 72 143 53 145 112 52 89 113 87 95 76 106 78 5 40 120 154 99 113 114 88 137 151 134 0 31 190 79 111 65 147 41 149 116 121 186 155 26 145 56 111 84 96 134 94 17 32 81 76 38 60 110 122 104 31 0 159 70 102 38 126 46 125 101 98 155 126 25 128 29 94 61 67 105 64 16 51 72 56 39 104 114 91 59 190 159 0 157 193 127 112 192 89 175 136 15 92 171 129 144 129 144 115 60 98 175 207 157 153 172 62 158 161 99 79 70 157 0 172 52 75 113 85 167 155 146 165 54 69 92 38 125 116 97 69 79 111 2 122 41 136 84 109 159 111 102 193 172 0 125 212 72 202 20 59 198 110 124 219 80 186 54 81 163 134 99 90 174 51 139 23 106 111 69 65 38 127 52 125 0 90 83 87 119 103 121 115 44 94 45 61 75 64 69 29 54 89 54 75 47 76 168 158 72 147 126 112 75 212 90 0 172 23 202 176 97 161 121 17 134 37 158 137 68 78 140 176 73 161 112 103 116 136 143 41 46 192 113 72 83 172 0 170 80 95 191 139 60 174 48 140 60 82 145 105 34 20 115 49 75 68 151 139 53 149 125 89 85 202 87 23 170 0 191 161 74 142 123 40 127 48 148 124 48 68 140 176 84 152 117 126 64 89 145 116 101 175 167 20 119 202 80 191 0 39 180 90 125 210 75 179 44 67 149 124 102 100 169 45 140 103 25 50 112 121 98 136 155 59 103 176 95 161 39 0 142 51 123 186 69 159 37 40 116 99 105 115 157 47 136 98 122 100 52 186 155 15 146 198 121 97 191 74 180 142 0 102 165 114 143 116 147 118 52 92 171 205 146 156 165 104 26 4 89 155 126 92 165 110 115 161 139 142 90 51 102 0 149 176 99 156 79 59 94 97 138 158 166 90 158 67 134 145 113 26 25 171 54 124 44 121 60 123 125 123 165 149 0 119 54 85 86 91 113 73 26 57 56 81 15 84 180 172 87 145 128 129 69 219 94 17 174 40 210 186 114 176 119 0 139 34 166 146 83 87 140 175 67 168 109 59 82 95 95 56 29 144 92 80 45 134 48 127 75 69 143 99 54 139 0 106 33 40 97 60 39 63 94 30 67 56 156 153 76 111 94 129 38 186 61 37 140 48 179 159 116 156 85 34 106 0 135 119 72 61 106 141 36 136 75 82 56 76 106 84 61 144 125 54 75 158 60 148 44 37 147 79 86 166 33 135 0 29 109 80 68 80 127 11 100 63 44 55 78 96 67 115 116 81 64 137 82 124 67 40 118 59 91 146 40 119 29 0 82 59 79 101 118 38 102 46 104 91 5 134 105 60 97 163 69 68 145 48 149 116 52 94 113 83 97 72 109 82 0 41 121 156 97 116 113 7 95 93 40 94 64 98 69 134 29 78 105 68 124 99 92 97 73 87 60 61 80 59 41 0 80 115 70 84 75 76 120 134 120 17 16 175 79 99 54 140 34 140 102 105 171 138 26 140 39 106 68 79 121 80 0 36 81 60 41 111 136 155 154 32 51 207 111 90 89 176 20 176 100 115 205 158 57 175 63 141 80 101 156 115 36 0 113 69 70 63 160 162 99 81 72 157 2 174 54 73 115 84 169 157 146 166 56 67 94 36 127 118 97 70 81 113 0 124 43 85 67 87 113 76 56 153 122 51 75 161 49 152 45 47 156 90 81 168 30 136 11 38 116 84 60 69 124 0 95 68 146 154 114 38 39 172 41 139 47 112 75 117 140 136 165 158 15 109 67 75 100 102 113 75 41 70 43 95 0 
0 77 208 178 57 89 190 126 147 24 149 135 147 165 187 77 106 143 31 133 57 134 110 191 114 177 222 16 160 134 77 0 184 109 32 106 119 124 135 53 98 138 173 149 156 2 118 98 70 61 71 101 54 155 54 103 180 70 152 139 208 184 0 135 168 126 141 86 62 199 93 85 123 43 30 185 111 88 228 150 151 83 132 35 135 162 46 192 57 88 178 109 135 0 121 152 12 135 126 156 55 147 199 126 107 109 150 66 178 48 140 84 69 100 64 28 106 166 142 151 57 32 168 121 0 75 133 97 113 36 94 111 142 129 142 34 88 91 64 76 39 87 53 144 57 121 173 45 129 111 89 106 126 152 75 0 164 40 64 89 101 46 67 83 112 108 17 91 116 123 38 74 89 119 96 165 151 74 73 45 190 119 141 12 133 164 0 146 137 167 66 158 210 136 114 119 162 77 189 58 152 95 81 106 76 27 110 178 152 162 126 124 86 135 97 40 146 0 24 121 80 14 64 43 74 126 25 69 149 121 69 51 88 82 94 155 114 110 34 17 147 135 62 126 113 64 137 24 0 140 71 27 78 19 50 137 49 61 169 120 90 44 91 59 97 148 91 131 18 31 24 53 199 156 36 89 167 121 140 0 130 132 153 158 175 53 105 126 29 110 52 120 89 178 93 154 208 21 154 131 149 98 93 55 94 101 66 80 71 130 0 92 144 74 63 100 97 11 158 57 99 29 44 60 45 77 82 134 88 96 135 138 85 147 111 46 158 14 27 132 92 0 52 43 77 140 29 81 160 135 80 63 102 86 108 168 118 120 28 4 147 173 123 199 142 67 210 64 78 153 144 52 0 89 123 175 56 133 177 183 104 115 149 133 156 219 163 135 70 48 165 149 43 126 129 83 136 43 19 158 74 43 89 0 34 151 68 65 187 128 108 52 102 44 107 151 75 149 19 47 187 156 30 107 142 112 114 74 50 175 63 77 123 34 0 157 99 58 204 120 130 55 102 10 105 133 41 171 53 81 77 2 185 109 34 108 119 126 137 53 100 140 175 151 157 0 120 100 70 61 73 102 56 157 55 103 182 71 154 141 106 118 111 150 88 17 162 25 49 105 97 29 56 68 99 120 0 86 132 127 53 68 93 107 100 166 139 91 57 28 143 98 88 66 91 91 77 69 61 126 11 81 133 65 58 100 86 0 155 64 91 18 44 57 47 87 83 127 77 85 31 70 228 178 64 116 189 149 169 29 158 160 177 187 204 70 132 155 0 131 80 149 116 207 118 173 237 42 183 159 133 61 150 48 76 123 58 121 120 110 57 135 183 128 120 61 127 64 131 0 103 76 34 117 27 45 135 121 137 138 57 71 151 140 39 38 152 69 90 52 99 80 104 108 130 73 53 91 80 103 0 80 71 135 77 147 167 41 103 79 134 101 83 84 87 74 95 51 44 120 29 63 115 52 55 102 68 18 149 76 80 0 50 58 55 105 88 119 61 67 110 54 132 69 53 89 81 88 91 89 44 102 149 102 102 56 93 44 116 34 71 50 0 101 7 76 126 97 109 105 191 155 35 100 144 119 106 82 59 178 60 86 133 44 10 157 107 57 207 117 135 58 101 0 104 127 32 175 63 90 114 54 135 64 57 96 76 94 97 93 45 108 156 107 105 55 100 47 118 27 77 55 7 104 0 70 127 102 115 111 177 103 162 28 121 165 27 155 148 154 77 168 219 151 133 103 166 87 173 45 147 105 76 127 70 0 134 166 164 171 222 180 46 106 173 151 110 114 91 208 82 118 163 75 41 182 139 83 237 135 167 88 126 32 127 134 0 207 93 122 16 70 192 166 45 74 178 110 131 21 134 120 135 149 171 71 91 127 42 121 41 119 97 175 102 166 207 0 144 119 160 152 57 142 129 73 152 34 18 154 88 28 70 19 53 154 57 77 183 137 103 61 109 63 115 164 93 144 0 31 134 139 88 151 111 45 162 17 31 131 96 4 48 47 81 141 28 85 159 138 79 67 105 90 111 171 122 119 31 0 
0 85 100 69 120 121 123 17 163 80 208 120 18 29 128 127 140 119 183 105 82 54 115 190 93 118 163 10 102 130 85 0 86 97 39 41 92 97 131 124 152 130 67 68 49 159 77 57 106 75 65 51 137 109 57 54 91 91 34 83 100 86 0 156 118 122 25 97 63 69 114 46 93 110 85 81 65 143 182 17 23 53 58 177 30 59 172 110 120 44 69 97 156 0 115 113 172 84 214 149 247 185 66 46 146 196 172 92 161 154 133 103 183 173 137 149 136 62 90 172 120 39 118 115 0 4 117 134 150 163 157 164 102 100 48 195 87 36 67 104 100 90 173 70 88 69 54 125 25 101 121 41 122 113 4 0 121 136 154 165 161 168 103 100 52 198 91 33 65 107 103 92 176 69 92 73 50 126 23 105 123 92 25 172 117 121 0 121 42 93 89 60 112 128 76 99 46 147 175 18 41 71 76 168 36 49 169 132 124 22 17 97 97 84 134 136 121 0 160 66 208 110 33 46 137 113 144 135 199 104 81 58 103 204 95 124 179 22 118 131 163 131 63 214 150 154 42 160 0 120 62 72 153 170 104 110 66 184 201 60 82 112 90 192 77 81 199 173 162 49 80 124 69 149 163 165 93 66 120 0 179 53 86 105 145 47 133 177 230 85 70 73 40 231 87 121 215 88 155 113 208 152 114 247 157 161 89 208 62 179 0 134 195 209 109 172 75 193 190 104 127 154 152 175 115 98 196 217 175 78 120 130 46 185 164 168 60 110 72 53 134 0 119 139 131 39 106 187 228 63 65 88 18 223 76 105 218 130 164 82 18 67 93 66 102 103 112 33 153 86 195 119 0 20 111 131 125 102 166 94 71 41 117 172 80 103 146 24 85 117 29 68 110 46 100 100 128 46 170 105 209 139 20 0 117 151 136 92 159 110 88 58 137 167 95 113 137 28 78 132 128 49 85 146 48 52 76 137 104 145 109 131 111 117 0 166 39 84 99 68 75 81 143 92 58 27 95 135 66 57 127 159 81 196 195 198 99 113 110 47 172 39 131 151 166 0 145 214 261 98 95 110 23 258 109 140 248 135 192 121 140 77 65 172 87 91 46 144 66 133 75 106 125 136 39 145 0 122 135 48 66 86 122 126 50 23 134 149 102 24 119 57 143 92 36 33 147 135 184 177 193 187 102 92 84 214 122 0 69 132 122 104 194 81 114 103 45 120 23 135 183 106 182 161 67 65 175 199 201 230 190 228 166 159 99 261 135 69 0 166 166 157 239 20 152 126 25 187 81 156 105 75 17 154 104 107 18 104 60 85 104 63 94 110 68 98 48 132 166 0 23 53 75 160 18 42 157 114 109 28 82 65 23 133 100 103 41 81 82 70 127 65 71 88 75 95 66 122 166 23 0 30 73 164 17 51 153 91 99 50 54 51 53 103 90 92 71 58 112 73 154 88 41 58 81 110 86 104 157 53 30 0 91 159 39 66 142 63 82 76 115 137 58 183 173 176 76 103 90 40 152 18 117 137 143 23 122 194 239 75 73 91 0 235 87 117 226 124 171 98 190 109 177 173 70 69 168 204 192 231 175 223 172 167 92 258 126 81 20 160 164 159 235 0 149 119 43 195 89 148 93 57 30 137 88 92 36 95 77 87 115 76 80 95 58 109 50 114 152 18 17 39 87 149 0 34 142 102 91 37 118 54 59 149 69 73 49 124 81 121 98 105 103 113 27 140 23 103 126 42 51 66 117 119 34 0 120 127 81 32 163 91 172 136 54 50 169 179 199 215 196 218 146 137 95 248 134 45 25 157 153 142 226 43 142 120 0 165 61 152 10 91 110 62 125 126 132 22 173 88 217 130 24 28 135 135 149 120 187 114 91 63 124 195 102 127 165 0 106 139 102 34 120 90 25 23 124 118 162 155 175 164 85 78 66 192 102 23 81 109 99 82 171 89 91 81 61 106 0 113 130 83 44 172 101 105 22 131 49 113 78 82 117 132 57 121 24 135 156 28 50 76 98 148 37 32 152 139 113 0 
0 106 96 47 56 78 131 77 146 12 117 61 105 111 44 112 114 101 31 63 87 57 89 35 73 100 57 90 14 100 106 0 75 151 90 37 32 34 162 94 110 163 70 165 137 49 23 166 127 108 149 127 145 138 146 165 55 159 94 109 96 75 0 125 121 45 74 80 87 87 167 157 131 97 140 35 97 102 127 53 88 146 81 113 92 101 50 100 82 158 47 151 125 0 99 119 173 124 146 58 158 46 150 99 54 150 161 83 49 76 75 82 81 13 58 82 98 72 58 139 56 90 121 99 0 82 121 56 191 53 61 87 54 164 58 121 86 157 53 110 141 38 141 89 129 156 71 146 58 44 78 37 45 119 82 0 54 35 131 66 122 139 86 128 116 39 56 129 104 71 112 113 108 106 109 128 21 122 64 115 131 32 74 173 121 54 0 65 157 119 140 191 100 170 166 39 47 174 155 119 158 158 153 160 159 173 75 170 118 141 77 34 80 124 56 35 65 0 165 66 87 130 51 154 104 69 37 153 94 95 136 93 132 111 130 152 39 145 67 81 146 162 87 146 191 131 157 165 0 141 246 191 216 54 187 118 184 72 175 83 72 203 66 140 89 72 127 80 136 234 12 94 87 58 53 66 119 66 141 0 114 73 97 111 53 101 103 104 40 58 88 62 88 45 76 103 45 93 5 97 117 110 167 158 61 122 140 87 246 114 0 136 40 225 110 156 94 218 110 168 202 81 202 150 190 217 120 207 119 20 61 163 157 46 87 139 191 130 191 73 136 0 141 145 29 173 167 129 36 115 121 55 126 51 104 128 118 118 75 116 105 70 131 150 54 86 100 51 216 97 40 141 0 201 112 117 54 197 107 142 180 89 179 140 171 196 89 188 100 43 111 165 97 99 164 128 170 154 54 111 225 145 201 0 146 132 184 18 135 59 24 168 23 95 41 18 115 27 106 208 44 137 140 54 58 116 166 104 187 53 110 29 112 146 0 153 140 133 13 105 122 29 125 52 105 132 97 122 58 90 112 49 35 150 121 39 39 69 118 101 156 173 117 132 153 0 72 137 140 85 122 152 116 137 125 136 56 134 98 150 114 23 97 161 86 56 47 37 184 103 94 167 54 184 140 72 0 185 131 127 168 124 164 148 163 184 71 178 104 96 101 166 102 83 157 129 174 153 72 104 218 129 197 18 133 137 185 0 123 58 17 156 21 81 28 1 114 11 99 201 31 127 127 49 53 104 155 94 175 40 110 36 107 135 13 140 131 123 0 93 111 34 114 44 95 122 84 112 45 90 63 108 53 76 110 71 119 95 83 58 168 115 142 59 105 85 127 58 93 0 41 120 37 65 40 57 56 51 53 154 87 149 88 75 141 112 158 136 72 88 202 121 180 24 122 122 168 17 111 41 0 144 7 71 17 16 97 12 83 185 57 127 146 82 38 113 158 93 203 62 81 55 89 168 29 152 124 156 34 120 144 0 146 78 128 155 98 145 67 61 89 145 81 81 141 108 153 132 66 88 202 126 179 23 125 116 164 21 114 37 7 146 0 75 23 20 93 19 83 185 35 138 113 13 89 106 160 111 140 45 150 51 140 95 52 137 148 81 44 65 71 78 75 0 54 80 85 70 45 131 73 146 92 58 129 109 159 130 89 76 190 104 171 41 105 125 163 28 95 40 17 128 23 54 0 27 92 17 71 173 100 165 101 82 156 128 173 152 72 103 217 128 196 18 132 136 184 1 122 57 16 155 20 80 27 0 113 10 98 200 57 55 50 98 71 21 75 39 127 45 120 118 89 115 97 56 71 114 84 56 97 98 93 85 92 113 0 107 43 109 90 159 100 72 146 122 170 145 80 93 207 118 188 27 122 134 178 11 112 51 12 145 19 70 17 10 107 0 88 190 14 94 82 58 58 64 118 67 136 5 119 75 100 106 58 98 104 99 45 53 83 67 83 45 71 98 43 88 0 102 100 109 158 139 44 115 141 81 234 97 20 116 43 208 90 150 96 201 90 154 185 61 185 131 173 200 109 190 102 0 
0 73 71 85 132 78 148 95 129 83 62 105 30 50 107 103 102 136 26 51 52 105 111 9 95 79 70 82 102 165 73 0 141 157 126 110 150 119 171 72 116 175 93 122 155 170 30 121 86 117 113 73 177 64 144 87 110 42 149 157 71 141 0 23 149 79 153 96 92 122 90 34 48 37 69 32 171 159 75 62 76 148 41 77 114 105 110 137 68 176 85 157 23 0 172 102 176 119 110 145 87 26 68 39 89 35 187 182 82 60 74 171 44 93 106 128 108 158 89 199 132 126 149 172 0 70 25 53 99 56 194 172 118 162 102 158 139 14 158 178 183 57 160 126 227 53 202 84 97 33 78 110 79 102 70 0 76 19 61 55 135 104 54 95 48 91 135 80 102 114 122 80 94 75 167 33 147 84 41 98 148 150 153 176 25 76 0 57 88 78 209 171 129 171 96 156 164 37 174 189 196 82 156 143 241 69 218 109 92 25 95 119 96 119 53 19 57 0 58 54 154 119 73 114 52 105 140 65 120 133 141 75 107 92 186 32 165 86 46 80 129 171 92 110 99 61 88 58 0 112 174 95 99 123 23 80 196 113 147 147 160 133 77 129 202 90 191 144 27 113 83 72 122 145 56 55 78 54 112 0 145 152 79 123 102 141 89 55 109 133 135 26 146 76 178 22 150 33 95 89 62 116 90 87 194 135 209 154 174 145 0 113 81 53 151 120 142 198 36 28 14 165 129 69 33 141 22 140 147 227 105 175 34 26 172 104 171 119 95 152 113 0 82 64 77 15 205 183 106 86 100 178 21 111 132 133 134 170 79 196 30 93 48 68 118 54 129 73 99 79 81 82 0 44 77 77 123 124 49 60 68 104 84 33 113 67 94 90 72 150 50 122 37 39 162 95 171 114 123 123 53 64 44 0 100 68 152 168 43 25 39 147 77 58 79 111 73 130 98 193 107 155 69 89 102 48 96 52 23 102 151 77 77 100 0 62 182 115 125 124 137 127 60 108 179 80 168 132 7 121 103 170 32 35 158 91 156 105 80 141 120 15 77 68 62 0 200 170 107 92 106 167 9 108 141 122 140 162 64 181 102 30 171 187 139 135 164 140 196 89 142 205 123 152 182 200 0 131 114 145 140 82 207 94 167 108 132 56 175 167 136 121 159 182 14 80 37 65 113 55 198 183 124 168 115 170 131 0 162 182 187 49 172 129 231 57 205 79 110 36 26 86 75 82 158 102 174 120 147 109 36 106 49 43 125 107 114 162 0 31 27 129 116 33 69 105 45 105 120 191 51 117 62 60 178 114 189 133 147 133 28 86 60 25 124 92 145 182 31 0 14 155 101 60 55 125 48 133 122 210 52 113 76 74 183 122 196 141 160 135 14 100 68 39 137 106 140 187 27 14 0 156 115 60 45 130 34 132 133 216 105 73 148 171 57 80 82 75 133 26 165 178 104 147 127 167 82 49 129 155 156 0 172 96 198 47 167 31 120 85 111 177 41 44 160 94 156 107 77 146 129 21 84 77 60 9 207 172 116 101 115 172 0 117 150 125 149 168 64 181 9 64 77 93 126 75 143 92 129 76 69 111 33 58 108 108 94 129 33 60 60 96 117 0 102 74 76 73 102 159 95 144 114 106 227 167 241 186 202 178 33 132 113 79 179 141 167 231 69 55 45 198 150 102 0 174 35 171 177 260 79 87 105 128 53 33 69 32 90 22 141 133 67 111 80 122 108 57 105 125 130 47 125 74 174 0 149 54 73 86 70 110 110 108 202 147 218 165 191 150 22 134 94 73 168 140 132 205 45 48 34 167 149 76 35 149 0 139 164 235 82 42 137 158 84 84 109 86 144 33 140 170 90 130 132 162 56 79 105 133 132 31 168 73 171 54 139 0 125 115 102 149 68 89 97 41 92 46 27 95 147 79 72 98 7 64 175 110 120 122 133 120 64 102 177 73 164 125 0 117 165 157 176 199 33 98 25 80 113 89 227 196 150 193 121 181 167 36 191 210 216 85 181 159 260 86 235 115 117 0 
0 105 90 53 74 98 113 135 36 32 105 87 42 60 91 135 22 86 107 119 24 111 83 101 111 85 117 28 125 75 105 0 176 113 179 61 128 137 141 82 4 171 144 80 152 108 127 101 177 215 90 33 176 112 174 89 12 92 219 161 90 176 0 138 56 136 98 120 70 121 173 6 53 97 40 144 76 175 171 46 114 164 17 99 39 175 187 85 48 15 53 113 138 0 105 131 162 183 70 38 114 137 85 104 144 178 62 41 65 158 36 132 127 149 163 47 122 77 165 124 74 179 56 105 0 158 141 165 38 104 178 60 36 116 89 181 52 146 120 54 96 179 39 137 95 150 191 89 61 51 98 61 136 131 158 0 68 76 129 93 57 131 122 42 105 51 116 139 196 181 97 33 143 53 126 128 69 72 184 125 113 128 98 162 141 68 0 24 127 127 124 92 112 61 58 48 120 184 220 143 126 101 111 16 71 177 137 86 144 92 135 137 120 183 165 76 24 0 151 147 133 114 136 80 80 37 144 203 242 165 147 107 134 34 90 195 145 107 165 116 36 141 70 70 38 129 127 151 0 66 141 70 18 87 87 160 14 110 102 88 58 146 58 119 101 113 153 57 95 57 32 82 121 38 104 93 127 147 66 0 83 118 74 67 118 140 52 58 103 151 8 96 115 113 139 55 93 44 157 106 105 4 173 114 178 57 124 133 141 83 0 169 143 78 150 104 127 104 179 214 90 29 175 108 172 91 14 91 218 159 87 171 6 137 60 131 92 114 70 118 169 0 52 92 34 138 75 173 172 52 111 159 21 93 35 172 183 81 54 13 42 144 53 85 36 122 112 136 18 74 143 52 0 80 70 148 23 123 120 77 66 143 42 106 83 125 156 53 83 39 60 80 97 104 116 42 61 80 87 67 78 92 80 0 72 75 75 123 166 140 68 67 102 46 94 116 92 32 144 84 91 152 40 144 89 105 58 80 87 118 150 34 70 72 0 105 86 176 189 85 113 137 55 61 22 173 164 74 86 38 135 108 144 178 181 51 48 37 160 140 104 138 148 75 105 0 149 189 241 190 142 76 156 45 119 179 115 107 191 137 22 127 76 62 52 116 120 144 14 52 127 75 23 75 86 149 0 100 103 99 44 132 65 110 103 102 139 44 106 62 86 101 175 41 146 139 184 203 110 58 104 173 123 123 176 189 100 0 83 198 63 129 165 169 197 13 106 102 205 160 107 177 171 65 120 196 220 242 102 103 179 172 120 166 189 241 103 83 0 174 100 197 155 208 203 96 185 135 181 159 119 215 46 158 54 181 143 165 88 151 214 52 77 140 85 190 99 198 174 0 143 207 39 145 77 201 227 123 7 56 24 90 114 36 96 97 126 147 58 8 90 111 66 68 113 142 44 63 100 143 0 102 107 113 134 61 101 41 149 99 111 33 164 132 179 33 101 107 146 96 29 159 143 67 137 76 132 129 197 207 102 0 169 86 158 117 39 90 211 151 83 176 17 127 39 143 111 134 58 115 175 21 42 102 55 156 65 165 155 39 107 169 0 111 56 167 188 84 43 19 101 112 99 149 137 53 16 34 119 113 108 93 106 46 61 45 110 169 208 145 113 86 111 0 78 162 122 73 147 92 111 174 39 163 95 126 71 90 101 139 172 35 83 94 22 119 103 197 203 77 134 158 56 78 0 194 186 96 76 45 85 89 175 47 150 128 177 195 113 55 91 172 125 116 173 179 102 13 96 201 61 117 167 162 194 0 93 99 208 160 117 12 187 122 191 69 137 145 153 93 14 183 156 92 164 115 139 106 185 227 101 39 188 122 186 93 0 104 231 173 28 92 85 77 89 72 86 107 57 44 91 81 53 32 74 107 44 102 135 123 41 90 84 73 96 99 104 0 127 70 125 219 48 165 61 184 144 165 95 157 218 54 83 144 86 191 106 205 181 7 149 211 43 147 76 208 231 127 0 60 75 161 15 124 51 125 92 116 57 106 159 13 39 84 38 137 62 160 159 56 99 151 19 92 45 160 173 70 60 0 
