0 136 71 120 75 107 55 147 22 94 77 126 16 88 81 84 87 17 104 38 94 11 77 35 65 116 52 46 118 137 136 0 206 147 108 187 88 18 123 166 202 100 147 194 67 160 222 119 34 168 52 126 203 154 201 31 187 141 177 152 71 206 0 145 122 101 126 216 83 103 30 174 59 66 152 95 34 87 174 58 165 82 29 74 10 183 31 97 125 162 120 147 145 0 54 59 137 145 100 44 120 54 112 88 148 50 177 111 137 154 148 122 121 155 148 116 153 164 37 17 75 108 122 54 0 79 83 110 53 58 106 53 72 89 94 52 150 61 89 112 96 73 107 110 121 77 118 114 73 67 107 187 101 59 79 0 146 188 94 21 72 109 92 36 165 27 135 106 166 130 170 114 73 138 107 156 118 153 26 72 55 88 126 137 83 146 0 103 55 129 132 119 71 137 26 119 138 44 54 80 40 44 132 66 120 78 103 53 150 150 147 18 216 145 110 188 103 0 133 167 209 93 157 198 83 162 234 130 49 181 69 138 210 169 212 33 199 156 177 146 22 123 83 100 53 94 55 133 0 78 80 104 24 82 79 68 104 12 93 60 88 22 80 57 79 100 70 64 102 116 94 166 103 44 58 21 129 167 78 0 76 89 81 44 147 10 137 90 146 122 151 99 77 127 108 135 115 140 24 60 77 202 30 120 106 72 132 209 80 76 0 155 61 36 157 70 64 88 173 78 168 88 1 92 38 176 56 113 96 136 126 100 174 54 53 109 119 93 104 89 155 0 125 131 120 90 203 111 99 164 115 123 156 160 174 70 171 161 90 53 16 147 59 112 72 92 71 157 24 81 61 125 0 72 97 71 80 28 115 42 108 27 61 46 55 124 46 61 105 129 88 194 66 88 89 36 137 198 82 44 36 131 72 0 161 41 100 94 169 103 169 98 37 114 73 165 87 133 61 104 81 67 152 148 94 165 26 83 79 147 157 120 97 161 0 138 164 69 34 106 15 70 157 92 146 65 129 75 166 159 84 160 95 50 52 27 119 162 68 10 70 90 71 41 138 0 128 80 139 112 143 89 71 117 99 129 105 130 34 67 87 222 34 177 150 135 138 234 104 137 64 203 80 100 164 128 0 104 189 58 178 96 63 75 29 203 35 97 159 194 17 119 87 111 61 106 44 130 12 90 88 111 28 94 69 80 104 0 87 55 80 12 88 49 82 99 69 53 114 126 104 34 174 137 89 166 54 49 93 146 173 99 115 169 34 139 189 87 0 134 21 93 173 120 169 33 154 107 162 145 38 168 58 154 112 130 80 181 60 122 78 164 42 103 106 112 58 55 134 0 120 44 77 17 48 151 27 40 146 171 94 52 165 148 96 170 40 69 88 151 168 115 108 169 15 143 178 80 21 120 0 83 168 106 159 53 143 90 169 157 11 126 82 122 73 114 44 138 22 99 88 123 27 98 70 89 96 12 93 44 83 0 88 37 76 108 61 42 123 138 77 203 29 121 107 73 132 210 80 77 1 156 61 37 157 71 63 88 173 77 168 88 0 91 38 177 55 113 97 137 35 154 74 155 110 138 66 169 57 127 92 160 46 114 92 117 75 49 120 17 106 37 91 0 65 140 44 23 151 172 65 201 10 148 121 107 120 212 79 108 38 174 55 73 146 99 29 82 169 48 159 76 38 65 0 179 21 88 130 165 116 31 183 116 77 156 78 33 100 135 176 70 124 165 65 129 203 99 33 151 53 108 177 140 179 0 168 131 146 121 52 187 31 153 118 118 103 199 70 115 56 171 46 87 129 105 35 69 154 27 143 61 55 44 21 168 0 67 139 170 46 141 97 164 114 153 53 156 64 140 113 161 61 133 75 130 97 53 107 40 90 42 113 23 88 131 67 0 164 179 118 177 125 37 73 26 150 177 102 24 96 90 105 61 166 34 159 114 162 146 169 123 97 151 130 146 139 164 0 48 137 152 162 17 67 72 150 146 116 60 136 53 129 104 159 67 194 126 145 171 157 138 137 172 165 121 170 179 48 0 
0 97 162 198 157 116 179 105 167 120 56 96 135 131 19 189 93 204 167 139 66 214 201 101 194 233 232 209 199 13 97 0 132 182 60 99 197 123 124 82 51 6 157 87 80 107 27 182 71 114 48 153 180 81 165 190 184 148 152 85 162 132 0 50 147 46 94 74 20 51 117 126 79 45 146 100 106 50 131 23 108 70 48 63 34 71 72 65 43 159 198 182 50 0 197 87 67 95 66 100 160 176 79 95 183 144 155 13 180 68 151 94 10 106 24 65 73 91 65 196 157 60 147 197 0 131 230 165 132 107 108 62 196 106 139 75 72 193 23 135 103 139 193 118 176 185 176 135 149 145 116 99 46 87 131 0 100 40 54 24 73 93 65 31 100 110 72 91 121 23 64 105 88 19 78 117 117 100 86 113 179 197 94 67 230 100 0 78 114 123 160 191 44 124 170 194 170 80 218 95 155 156 77 116 88 132 140 153 127 182 105 123 74 95 165 40 78 0 88 64 82 118 34 71 94 150 98 103 159 56 78 141 100 47 97 143 146 136 117 106 167 124 20 66 132 54 114 88 0 49 117 119 98 39 149 80 100 61 114 32 107 53 61 66 44 68 65 48 32 162 120 82 51 100 107 24 123 64 49 0 68 76 89 11 101 88 55 101 97 32 58 94 98 22 85 117 114 89 81 114 56 51 117 160 108 73 160 82 117 68 0 47 116 78 37 133 38 164 113 94 10 160 161 54 150 185 181 155 148 48 96 6 126 176 62 93 191 118 119 76 47 0 152 81 77 104 21 176 71 108 43 149 174 75 159 184 179 144 146 84 135 157 79 79 196 65 44 34 98 89 116 152 0 95 126 171 131 90 186 70 112 149 87 78 90 138 144 144 122 138 131 87 45 95 106 31 124 71 39 11 78 81 95 0 112 79 61 95 94 29 68 83 93 32 78 107 103 78 70 124 19 80 146 183 139 100 170 94 149 101 37 77 126 112 0 170 74 189 148 123 47 195 186 83 178 216 214 190 181 13 189 107 100 144 75 110 194 150 80 88 133 104 171 79 170 0 97 137 52 101 124 66 137 109 120 114 105 63 83 180 93 27 106 155 72 72 170 98 100 55 38 21 131 61 74 97 0 156 75 87 31 134 153 54 139 167 162 129 129 83 204 182 50 13 193 91 80 103 61 101 164 176 90 95 189 137 156 0 175 70 155 84 3 110 17 52 60 82 56 202 167 71 131 180 23 121 218 159 114 97 113 71 186 94 148 52 75 175 0 123 106 116 175 112 158 164 155 113 128 155 139 114 23 68 135 23 95 56 32 32 94 108 70 29 123 101 87 70 123 0 85 85 67 40 56 94 94 80 63 136 66 48 108 151 103 64 155 78 107 58 10 43 112 68 47 124 31 155 106 85 0 150 152 45 141 175 171 145 138 58 214 153 70 94 139 105 156 141 53 94 160 149 149 83 195 66 134 84 116 85 150 0 85 115 70 50 39 5 29 207 201 180 48 10 193 88 77 100 61 98 161 174 87 93 186 137 153 3 175 67 152 85 0 107 17 55 63 83 57 199 101 81 63 106 118 19 116 47 66 22 54 75 78 32 83 109 54 110 112 40 45 115 107 0 96 133 131 110 98 96 194 165 34 24 176 78 88 97 44 85 150 159 90 78 178 120 139 17 158 56 141 70 17 96 0 48 54 67 41 191 233 190 71 65 185 117 132 143 68 117 185 184 138 107 216 114 167 52 164 94 175 50 55 133 48 0 11 51 38 229 232 184 72 73 176 117 140 146 65 114 181 179 144 103 214 105 162 60 155 94 171 39 63 131 54 11 0 42 33 227 209 148 65 91 135 100 153 136 48 89 155 144 144 78 190 63 129 82 113 80 145 5 83 110 67 51 42 0 26 202 199 152 43 65 149 86 127 117 32 81 148 146 122 70 181 83 129 56 128 63 138 29 57 98 41 38 33 26 0 194 13 85 159 196 145 113 182 106 162 114 48 84 138 124 13 180 83 202 155 136 58 207 199 96 191 229 227 202 194 0 
0 142 67 90 65 126 186 190 35 83 63 131 172 146 138 147 120 133 24 168 127 21 134 36 206 72 131 191 21 80 142 0 75 141 98 54 59 68 130 102 126 115 125 36 46 61 90 106 129 30 17 155 72 158 72 144 95 50 121 130 67 75 0 91 43 69 122 127 60 62 66 102 136 83 78 91 81 99 56 102 61 80 82 86 141 85 90 125 46 78 90 141 91 0 126 95 157 155 55 147 29 193 227 165 164 179 172 190 105 155 136 80 88 126 178 19 70 186 80 13 65 98 43 126 0 109 154 161 80 21 98 69 108 89 78 84 55 69 43 128 81 85 125 64 170 116 133 144 54 113 126 54 69 95 109 0 64 65 103 124 89 151 172 87 94 110 126 144 123 60 59 133 19 153 85 103 41 91 105 87 186 59 122 157 154 64 0 11 167 161 153 173 179 90 103 115 149 164 178 32 76 196 70 208 21 167 92 50 165 150 190 68 127 155 161 65 11 0 168 170 153 183 189 100 113 125 158 174 183 42 85 198 67 213 25 166 88 61 169 149 35 130 60 55 80 103 167 168 0 100 28 148 187 143 138 150 132 149 51 153 119 31 107 71 187 39 100 180 26 45 83 102 62 147 21 124 161 170 100 0 119 48 89 86 74 76 39 50 59 132 85 104 140 74 174 137 152 145 74 134 63 126 66 29 98 89 153 153 28 119 0 165 201 145 143 157 146 164 76 144 118 56 87 99 174 19 77 174 51 17 131 115 102 193 69 151 173 183 148 48 165 0 42 84 71 62 25 10 107 141 99 152 170 118 182 184 186 142 122 180 172 125 136 227 108 172 179 189 187 89 201 42 0 89 79 64 55 39 148 147 114 193 191 160 184 220 211 139 162 214 146 36 83 165 89 87 90 100 143 86 145 84 89 0 13 25 61 74 128 58 29 162 106 153 98 164 128 59 127 152 138 46 78 164 78 94 103 113 138 74 143 71 79 13 0 16 48 61 119 71 35 155 113 142 111 162 134 72 120 152 147 61 91 179 84 110 115 125 150 76 157 62 64 25 16 0 43 52 127 83 51 166 129 148 122 176 150 80 131 167 120 90 81 172 55 126 149 158 132 39 146 25 55 61 48 43 0 18 97 117 74 140 145 113 159 165 161 120 108 159 133 106 99 190 69 144 164 174 149 50 164 10 39 74 61 52 18 0 109 132 90 154 163 123 172 182 179 132 123 177 24 129 56 105 43 123 178 183 51 59 76 107 148 128 119 127 97 109 0 157 113 45 134 30 197 90 135 177 25 93 168 30 102 155 128 60 32 42 153 132 144 141 147 58 71 83 117 132 157 0 47 180 73 187 42 161 97 31 147 145 127 17 61 136 81 59 76 85 119 85 118 99 114 29 35 51 74 90 113 47 0 141 78 142 89 136 99 64 107 124 21 155 80 80 85 133 196 198 31 104 56 152 193 162 155 166 140 154 45 180 141 0 137 51 216 61 131 205 35 72 134 72 82 88 125 19 70 67 107 140 87 170 191 106 113 129 145 163 134 73 78 137 0 164 91 99 24 104 113 82 36 158 86 126 64 153 208 213 71 74 99 118 160 153 142 148 113 123 30 187 142 51 164 0 227 108 163 206 51 116 206 72 141 178 170 85 21 25 187 174 174 182 184 98 111 122 159 172 197 42 89 216 91 227 0 188 112 46 185 171 72 144 85 19 116 103 167 166 39 137 19 184 220 164 162 176 165 182 90 161 136 61 99 108 188 0 84 191 65 17 131 95 90 70 133 41 92 88 100 152 77 186 211 128 134 150 161 179 135 97 99 131 24 163 112 84 0 128 112 67 191 50 125 186 144 91 50 61 180 145 174 142 139 59 72 80 120 132 177 31 64 205 104 206 46 191 128 0 171 176 21 121 46 80 54 105 165 169 26 74 51 122 162 127 120 131 108 123 25 147 107 35 113 51 185 65 112 171 0 68 80 130 78 13 113 87 150 149 45 134 17 180 214 152 152 167 159 177 93 145 124 72 82 116 171 17 67 176 68 0 
0 184 175 235 194 52 137 97 88 66 145 108 56 116 158 236 37 147 124 196 146 70 122 180 155 126 152 22 93 206 184 0 186 121 109 197 51 202 137 169 50 90 132 103 193 148 173 58 174 109 55 116 174 8 189 70 34 171 152 130 175 186 0 127 94 135 184 95 95 109 140 120 140 97 24 103 138 130 51 96 133 139 53 190 24 193 182 154 83 84 235 121 127 0 42 218 154 198 151 185 108 131 181 119 147 33 206 99 152 40 103 169 154 129 144 173 141 215 155 43 194 109 94 42 0 176 129 156 109 143 80 92 140 78 111 47 164 69 111 2 73 130 113 115 108 146 119 173 113 22 52 197 135 218 176 0 159 47 68 33 150 108 67 105 115 213 26 148 84 178 148 82 82 195 113 152 170 38 64 183 137 51 184 154 129 159 0 175 111 136 49 66 92 88 184 175 133 60 158 130 56 77 158 45 180 20 17 129 128 150 97 202 95 198 156 47 175 0 65 41 152 112 90 100 72 186 63 146 48 158 148 102 46 201 71 174 182 79 50 158 88 137 95 151 109 68 111 65 0 35 87 47 45 37 84 149 55 83 52 111 84 46 51 136 81 113 117 66 17 119 66 169 109 185 143 33 136 41 35 0 121 79 49 72 92 180 29 117 58 145 118 61 56 168 89 133 145 45 31 150 145 50 140 108 80 150 49 152 87 121 0 42 91 53 145 126 129 11 125 81 7 75 125 51 141 66 42 130 102 101 108 90 120 131 92 108 66 112 47 79 42 0 52 23 118 139 87 40 92 94 40 38 92 89 114 73 70 90 63 109 56 132 140 181 140 67 92 90 45 49 91 52 0 62 128 184 41 92 94 142 91 16 93 130 124 86 104 39 58 154 116 103 97 119 78 105 88 100 37 72 53 23 62 0 96 122 89 46 72 80 48 53 72 104 92 96 89 96 50 92 158 193 24 147 111 115 184 72 84 92 145 118 128 96 0 126 121 135 34 113 138 130 36 196 4 191 185 137 70 104 236 148 103 33 47 213 175 186 149 180 126 139 184 122 126 0 204 115 138 45 119 175 140 155 124 192 164 215 149 30 37 173 138 206 164 26 133 63 55 29 129 87 41 89 121 204 0 127 87 166 127 57 85 171 118 126 145 16 58 174 147 58 130 99 69 148 60 146 83 117 11 40 92 46 135 115 127 0 117 70 4 77 117 61 131 77 53 130 96 90 124 174 51 152 111 84 158 48 52 58 125 92 94 72 34 138 87 117 0 113 119 98 2 176 31 163 161 103 36 111 196 109 96 40 2 178 130 158 111 145 81 94 142 80 113 45 166 70 113 0 74 132 115 115 110 147 120 175 115 21 146 55 133 103 73 148 56 148 84 118 7 40 91 48 138 119 127 4 119 74 0 76 119 58 134 73 49 130 98 94 70 116 139 169 130 82 77 102 46 61 75 38 16 53 130 175 57 77 98 132 76 0 97 114 127 72 88 55 63 145 122 174 53 154 113 82 158 46 51 56 125 92 93 72 36 140 85 117 2 115 119 97 0 176 33 163 161 101 35 112 180 8 190 129 115 195 45 201 136 168 51 89 130 104 196 155 171 61 176 115 58 114 176 0 192 64 28 168 152 136 155 189 24 144 108 113 180 71 81 89 141 114 124 92 4 124 118 131 31 110 134 127 33 192 0 187 181 134 66 101 126 70 193 173 146 152 20 174 113 133 66 73 86 96 191 192 126 77 163 147 73 72 163 64 187 0 36 120 130 167 152 34 182 141 119 170 17 182 117 145 42 70 104 89 185 164 145 53 161 120 49 88 161 28 181 36 0 142 133 141 22 171 154 215 173 38 129 79 66 45 130 90 39 96 137 215 16 130 103 175 130 55 101 168 134 120 142 0 71 185 93 152 83 155 113 64 128 50 17 31 102 63 58 50 70 149 58 96 36 115 98 63 35 152 66 130 133 71 0 119 206 130 84 43 22 183 150 158 119 150 101 109 154 92 104 30 174 90 111 21 94 145 112 136 101 167 141 185 119 0 
0 135 121 30 116 109 182 36 87 160 146 189 136 114 153 113 39 134 122 31 73 36 136 23 53 122 42 63 87 140 135 0 17 107 94 73 89 167 128 26 16 54 66 59 122 116 117 18 129 166 156 171 44 112 113 99 106 73 75 85 121 17 0 94 97 75 104 152 124 43 25 71 54 42 129 117 107 14 131 152 149 157 34 98 96 83 96 62 71 73 30 107 94 0 91 80 152 66 69 131 119 160 118 95 128 90 23 108 101 61 70 66 114 13 53 112 18 34 58 125 116 94 97 91 0 22 75 152 50 100 110 123 149 130 38 24 80 109 35 144 88 150 131 104 135 167 74 72 37 165 109 73 75 80 22 0 73 145 60 82 89 107 127 108 58 43 75 87 56 138 95 144 109 92 119 145 67 56 22 143 182 89 104 152 75 73 0 218 125 74 99 79 155 146 69 95 148 107 101 211 163 217 133 163 183 187 140 123 95 174 36 167 152 66 152 145 218 0 119 193 177 221 157 137 187 147 73 164 156 15 96 12 162 56 66 135 78 97 123 156 87 128 124 69 50 60 125 119 0 141 144 167 167 145 73 32 49 138 37 107 38 113 155 82 122 173 51 73 53 179 160 26 43 131 100 82 74 193 141 0 27 29 85 83 121 124 139 40 135 191 172 196 63 137 139 123 128 97 90 104 146 16 25 119 110 89 99 177 144 27 0 48 58 57 137 132 131 14 145 177 171 182 36 123 119 96 120 87 91 77 189 54 71 160 123 107 79 221 167 29 48 0 103 105 138 147 168 62 158 220 200 225 82 166 167 142 157 126 118 122 136 66 54 118 149 127 155 157 167 85 58 103 0 23 183 166 138 48 180 163 184 166 22 115 91 40 127 95 118 19 114 59 42 95 130 108 146 137 145 83 57 105 23 0 166 146 115 43 160 142 161 145 26 92 72 41 104 73 98 35 153 122 129 128 38 58 69 187 73 121 137 138 183 166 0 41 114 139 38 177 110 183 163 141 173 203 111 110 75 200 113 116 117 90 24 43 95 147 32 124 132 147 166 146 41 0 74 129 14 136 70 142 151 103 140 179 72 81 48 181 39 117 107 23 80 75 148 73 49 139 131 168 138 115 114 74 0 121 84 64 47 70 132 34 75 135 11 45 54 146 134 18 14 108 109 87 107 164 138 40 14 62 48 43 139 129 121 0 143 165 163 169 26 111 105 83 110 76 85 67 122 129 131 101 35 56 101 156 37 135 145 158 180 160 38 14 84 143 0 144 72 150 165 114 152 193 83 94 62 195 31 166 152 61 144 138 211 15 107 191 177 220 163 142 177 136 64 165 144 0 82 6 166 54 74 144 71 94 116 164 73 156 149 70 88 95 163 96 38 172 171 200 184 161 110 70 47 163 72 82 0 87 176 79 120 182 57 89 82 193 36 171 157 66 150 144 217 12 113 196 182 225 166 145 183 142 70 169 150 6 87 0 169 59 75 145 77 99 122 165 136 44 34 114 131 109 133 162 155 63 36 82 22 26 163 151 132 26 165 166 176 169 0 114 98 60 121 87 104 41 23 112 98 13 104 92 163 56 82 137 123 166 115 92 141 103 34 111 114 54 79 59 114 0 41 105 31 41 70 120 53 113 96 53 135 119 183 66 122 139 119 167 91 72 173 140 75 105 152 74 120 75 98 41 0 70 71 63 98 90 122 99 83 112 167 145 187 135 173 123 96 142 40 41 203 179 135 83 193 144 182 145 60 105 70 0 126 100 131 26 42 106 96 18 74 67 140 78 51 128 120 157 127 104 111 72 11 110 83 71 57 77 121 31 71 126 0 34 45 136 63 73 62 34 72 56 123 97 73 97 87 126 95 73 110 81 45 76 94 94 89 99 87 41 63 100 34 0 35 106 87 75 71 58 37 22 95 123 53 90 91 118 118 98 75 48 54 85 62 116 82 122 104 70 98 131 45 35 0 133 140 85 73 125 165 143 174 156 179 104 77 122 19 35 200 181 146 67 195 164 193 165 41 120 90 26 136 106 133 0 
0 119 170 125 127 26 185 44 98 57 139 60 13 150 46 34 200 38 30 49 112 177 71 80 166 205 88 95 200 63 119 0 80 65 84 95 72 78 21 63 67 152 111 82 119 86 81 136 117 106 31 62 145 65 56 86 69 79 81 108 170 80 0 46 164 153 111 126 87 127 32 177 168 29 146 137 75 169 180 174 111 50 161 142 38 82 148 159 82 126 125 65 46 0 146 110 124 81 59 89 14 131 123 25 100 92 104 123 137 136 93 75 115 111 61 111 120 132 109 80 127 84 164 146 0 102 97 112 87 83 151 182 115 166 155 110 139 161 105 84 53 134 185 50 134 140 40 32 134 156 26 95 153 110 102 0 160 29 75 32 123 80 16 135 57 19 176 59 27 34 86 154 86 54 145 181 62 71 176 66 185 72 111 124 97 160 0 149 93 128 119 224 176 130 191 155 50 207 176 160 74 63 217 114 73 49 112 114 44 180 44 78 126 81 112 29 149 0 57 29 95 77 42 106 45 11 158 58 56 61 80 133 74 62 122 164 72 83 159 44 98 21 87 59 87 75 93 57 0 44 65 131 91 80 98 65 102 115 98 90 36 79 124 55 71 107 62 73 102 87 57 63 127 89 83 32 128 29 44 0 101 103 48 114 73 29 144 83 54 47 55 123 103 33 115 149 43 55 144 73 139 67 32 14 151 123 119 95 65 101 0 145 137 15 114 106 94 137 150 148 98 65 129 120 51 101 127 138 99 94 60 152 177 131 182 80 224 77 131 103 145 0 73 152 33 74 227 22 90 109 157 200 22 133 187 234 142 151 229 51 13 111 168 123 115 16 176 42 91 48 137 73 0 148 55 31 192 51 19 36 102 170 82 68 161 197 75 83 192 70 150 82 29 25 166 135 130 106 80 114 15 152 148 0 123 117 101 146 162 161 113 72 134 135 58 108 142 153 106 102 46 119 146 100 155 57 191 45 98 73 114 33 55 123 0 45 194 23 74 90 125 167 30 105 154 201 115 126 196 22 34 86 137 92 110 19 155 11 65 29 106 74 31 117 45 0 166 54 46 52 84 143 75 60 132 172 70 81 167 49 200 81 75 104 139 176 50 158 102 144 94 227 192 101 194 166 0 214 198 186 101 29 215 141 43 7 143 149 7 178 38 136 169 123 161 59 207 58 115 83 137 22 51 146 23 54 214 0 68 87 138 187 35 112 175 220 121 130 215 45 30 117 180 137 105 27 176 56 98 54 150 90 19 162 74 46 198 68 0 21 102 177 101 64 169 203 69 74 197 89 49 106 174 136 84 34 160 61 90 47 148 109 36 161 90 52 186 87 21 0 86 168 118 46 161 190 50 53 184 100 112 31 111 93 53 86 74 80 36 55 98 157 102 113 125 84 101 138 102 86 0 88 153 41 85 104 42 49 98 118 177 62 50 75 134 154 63 133 79 123 65 200 170 72 167 143 29 187 177 168 88 0 187 126 14 36 129 137 34 150 71 145 161 115 185 86 217 74 124 103 129 22 82 134 30 75 215 35 101 118 153 187 0 135 173 222 145 156 218 37 80 65 142 111 50 54 114 62 55 33 120 133 68 135 105 60 141 112 64 46 41 126 135 0 121 145 10 22 139 106 166 56 38 61 134 145 73 122 71 115 51 187 161 58 154 132 43 175 169 161 85 14 173 121 0 50 125 134 48 137 205 86 82 111 140 181 49 164 107 149 101 234 197 108 201 172 7 220 203 190 104 36 222 145 50 0 146 152 6 185 88 69 148 120 40 62 112 72 62 43 127 142 75 142 115 70 143 121 69 50 42 129 145 10 125 146 0 12 140 116 95 79 159 132 32 71 114 83 73 55 138 151 83 153 126 81 149 130 74 53 49 137 156 22 134 152 12 0 146 127 200 81 82 109 134 176 44 159 102 144 99 229 192 106 196 167 7 215 197 184 98 34 218 139 48 6 140 146 0 181 63 108 126 80 156 66 180 44 87 73 94 51 70 102 22 49 178 45 89 100 118 150 37 106 137 185 116 127 181 0 
0 248 123 68 65 76 75 203 23 196 121 212 122 180 78 144 83 104 194 229 147 43 169 61 167 135 139 111 86 149 248 0 147 186 186 182 212 52 244 60 179 53 127 69 183 123 175 185 60 19 126 207 126 199 97 125 180 180 164 137 123 147 0 56 86 47 66 95 131 117 36 98 63 94 45 24 41 128 87 128 114 98 138 63 50 24 153 130 73 27 68 186 56 0 42 10 40 138 75 141 62 146 66 121 14 76 15 95 129 167 109 44 134 15 99 67 127 99 44 83 65 186 86 42 0 51 80 144 58 132 103 155 59 117 55 99 53 53 135 167 82 22 105 52 115 87 87 59 22 113 76 182 47 10 51 0 36 133 85 140 52 140 67 119 4 68 7 103 124 163 113 54 138 17 93 61 134 108 50 73 75 212 66 40 80 36 0 161 92 174 48 164 103 152 33 90 41 133 152 193 148 75 173 28 116 87 167 139 84 87 203 52 95 138 144 133 161 0 202 50 127 14 86 38 134 71 126 155 9 34 103 165 113 150 45 74 159 152 122 85 23 244 131 75 58 85 92 202 0 190 133 212 117 175 88 149 90 86 193 225 135 37 155 72 169 138 119 93 80 158 196 60 117 141 132 140 174 50 190 0 153 64 75 23 142 97 134 125 49 45 66 153 68 156 78 93 120 120 110 117 121 179 36 62 103 52 48 127 133 153 0 129 96 130 48 57 50 151 119 160 147 106 171 61 82 60 180 154 96 44 212 53 98 146 155 140 164 14 212 64 129 0 97 52 139 74 133 168 21 39 117 175 127 157 48 79 173 166 134 85 122 127 63 66 59 67 103 86 117 75 96 97 0 58 70 59 62 76 77 108 51 80 75 81 64 47 93 75 37 80 180 69 94 121 117 119 152 38 175 23 130 52 58 0 121 74 113 119 34 50 65 138 75 136 55 70 121 116 95 94 78 183 45 14 55 4 33 134 88 142 48 139 70 121 0 67 8 107 125 164 116 58 141 18 92 60 138 112 54 71 144 123 24 76 99 68 90 71 149 97 57 74 59 74 67 0 61 132 63 104 106 113 129 85 26 12 152 132 81 22 83 175 41 15 53 7 41 126 90 134 50 133 62 113 8 61 0 103 117 156 108 58 133 24 86 54 133 107 49 68 104 185 128 95 53 103 133 155 86 125 151 168 76 119 107 132 103 0 147 168 60 66 73 105 140 120 35 7 55 151 194 60 87 129 135 124 152 9 193 49 119 21 77 34 125 63 117 147 0 41 97 156 109 141 37 65 153 145 114 78 229 19 128 167 167 163 193 34 225 45 160 39 108 50 164 104 156 168 41 0 110 188 113 180 78 106 165 164 145 119 147 126 114 109 82 113 148 103 135 66 147 117 51 65 116 106 108 60 97 110 0 104 25 124 103 95 56 55 66 128 43 207 98 44 22 54 75 165 37 153 106 175 80 138 58 113 58 66 156 188 104 0 126 48 133 102 100 72 43 125 169 126 138 134 105 138 173 113 155 68 171 127 75 75 141 129 133 73 109 113 25 126 0 149 122 118 55 66 91 151 61 199 63 15 52 17 28 150 72 156 61 157 81 136 18 85 24 105 141 180 124 48 149 0 110 78 139 111 58 89 167 97 50 99 115 93 116 45 169 78 82 48 64 55 92 26 86 140 37 78 103 133 122 110 0 32 154 139 95 41 135 125 24 67 87 61 87 74 138 93 60 79 47 70 60 12 54 120 65 106 95 102 118 78 32 0 140 120 69 33 139 180 153 127 87 134 167 159 119 120 180 173 93 121 138 152 133 35 153 165 56 100 55 139 154 140 0 28 84 173 111 180 130 99 59 108 139 152 93 120 154 166 75 116 112 132 107 7 145 164 55 72 66 111 139 120 28 0 58 152 86 164 73 44 22 50 84 122 80 110 96 134 37 95 54 81 49 55 114 145 66 43 91 58 95 69 84 58 0 98 149 137 27 83 113 73 87 85 158 117 44 85 80 94 71 22 68 151 78 119 128 125 151 89 41 33 173 152 98 0 
0 74 87 80 85 34 118 79 132 63 52 94 62 98 114 106 89 92 113 53 128 66 113 91 85 121 41 59 95 95 74 0 153 97 143 102 99 95 198 86 53 142 53 166 167 108 113 160 155 21 114 140 143 158 136 50 105 101 22 129 87 153 0 89 25 88 202 90 131 83 138 140 113 103 147 184 158 98 63 132 209 46 172 6 131 191 94 62 175 71 80 97 89 0 67 110 184 2 196 17 118 172 44 163 191 180 167 157 61 83 197 108 193 95 163 118 118 29 117 33 85 143 25 67 0 96 203 69 154 65 137 154 97 124 164 189 166 118 40 123 213 65 184 30 145 175 104 44 165 46 34 102 88 110 96 0 116 110 98 94 62 62 96 65 81 96 70 59 131 83 122 50 88 90 53 151 8 84 120 120 118 99 202 184 203 116 0 183 175 168 68 104 144 156 126 29 61 153 230 104 15 166 80 205 105 134 112 174 96 210 79 95 90 2 69 110 183 0 197 16 117 172 42 163 191 179 166 157 63 81 196 109 192 96 163 116 118 30 115 35 132 198 131 196 154 98 175 197 0 183 150 71 193 34 52 146 114 40 194 180 173 90 102 128 71 248 93 167 215 194 63 86 83 17 65 94 168 16 183 0 101 156 34 149 175 163 150 143 69 69 180 98 176 89 147 112 102 21 106 43 52 53 138 118 137 62 68 117 150 101 0 89 82 121 114 62 60 115 162 46 79 111 90 142 83 103 62 106 66 142 94 142 140 172 154 62 104 172 71 156 89 0 153 56 25 75 43 55 191 129 102 94 36 139 9 192 54 146 155 182 62 53 113 44 97 96 144 42 193 34 82 153 0 159 175 144 139 153 103 40 158 116 167 119 145 78 103 53 73 76 98 166 103 163 124 65 156 163 34 149 121 56 159 0 49 129 96 6 164 148 157 59 92 101 52 216 61 134 184 163 114 167 147 191 164 81 126 191 52 175 114 25 175 49 0 97 66 51 204 153 123 101 50 146 31 217 73 164 180 197 106 108 184 180 189 96 29 179 146 163 62 75 144 129 97 0 33 126 219 106 28 146 51 186 77 149 91 165 110 201 89 113 158 167 166 70 61 166 114 150 60 43 139 96 66 33 0 93 200 106 61 117 30 160 44 161 64 148 122 184 92 160 98 157 118 59 153 157 40 143 115 55 153 6 51 126 93 0 158 142 154 53 91 96 50 210 55 128 178 157 113 155 63 61 40 131 230 63 194 69 162 191 103 164 204 219 200 158 0 137 241 105 219 67 182 179 139 57 175 28 53 21 132 83 123 83 104 81 180 69 46 129 40 148 153 106 106 142 137 0 118 119 135 137 122 68 87 81 43 112 128 114 209 197 213 122 15 196 173 180 79 102 158 157 123 28 61 154 241 118 0 172 74 212 105 149 117 185 111 221 66 140 46 108 65 50 166 109 90 98 111 94 116 59 101 146 117 53 105 119 172 0 128 45 85 186 55 79 161 104 113 143 172 193 184 88 80 192 102 176 90 36 167 92 50 51 30 91 219 135 74 128 0 173 43 190 80 171 151 207 91 158 6 95 30 90 205 96 128 89 142 139 119 101 146 186 160 96 67 137 212 45 173 0 130 197 96 68 180 76 85 136 131 163 145 53 105 163 71 147 83 9 145 52 31 77 44 50 182 122 105 85 43 130 0 186 45 137 149 173 121 50 191 118 175 151 134 116 248 112 103 192 78 216 217 149 161 210 179 68 149 186 190 197 186 0 155 131 39 151 41 105 94 118 104 8 112 118 93 102 62 54 103 61 73 91 64 55 139 87 117 55 80 96 45 155 0 92 123 128 59 101 62 29 44 84 174 30 167 21 106 146 53 134 164 165 148 128 57 81 185 79 171 68 137 131 92 0 122 36 95 22 175 117 165 120 96 115 215 106 66 155 73 184 180 110 122 178 175 43 111 161 151 180 149 39 123 122 0 149 95 129 71 33 46 120 210 35 194 43 142 182 76 163 197 201 184 157 28 112 221 104 207 76 173 151 128 36 149 0 
0 62 67 24 161 154 164 105 64 72 121 58 157 90 36 156 35 21 193 85 47 141 126 97 104 160 48 133 117 65 62 0 104 40 182 179 181 115 126 105 113 90 197 98 88 118 97 79 200 92 89 196 165 48 75 116 108 180 131 123 67 104 0 82 94 87 98 50 68 6 79 14 93 44 95 137 70 79 130 44 20 99 61 109 91 150 52 76 56 47 24 40 82 0 173 167 174 111 88 85 120 70 174 94 50 144 58 39 198 89 63 164 143 80 94 147 72 154 125 88 161 182 94 173 0 10 10 67 149 89 86 103 56 84 189 149 162 173 50 90 114 118 55 166 131 167 141 81 51 127 154 179 87 167 10 0 20 66 140 83 88 97 47 82 182 152 154 166 60 88 107 108 45 165 131 170 132 71 50 118 164 181 98 174 10 20 0 66 155 93 81 106 66 83 193 141 168 177 40 89 118 128 64 162 127 160 146 91 50 133 105 115 50 111 67 66 66 0 118 44 33 50 97 17 139 99 117 122 88 23 65 131 70 99 67 115 102 98 16 97 64 126 68 88 149 140 155 118 0 74 146 71 123 111 62 199 32 54 192 109 57 85 99 153 148 208 19 91 122 22 72 105 6 85 89 83 93 44 74 0 73 15 92 38 100 132 76 84 125 39 25 101 60 107 87 145 58 77 50 53 121 113 79 120 86 88 81 33 146 73 0 75 125 35 157 67 140 140 88 37 90 164 102 83 46 84 129 131 42 126 58 90 14 70 103 97 106 50 71 15 75 0 107 40 89 129 67 72 136 38 15 112 75 96 80 140 54 90 60 53 157 197 93 174 56 47 66 97 123 92 125 107 0 109 177 192 146 164 104 114 111 67 32 192 163 209 122 34 83 104 90 98 44 94 84 82 83 17 111 38 35 40 109 0 125 95 106 108 104 6 55 135 80 84 55 109 94 105 33 91 36 88 95 50 189 182 193 139 62 100 157 89 177 125 0 192 31 17 225 121 75 147 148 130 140 195 55 148 149 74 156 118 137 144 149 152 141 99 199 132 67 129 192 95 192 0 185 177 133 93 142 230 169 71 52 19 180 197 109 182 35 97 70 58 162 154 168 117 32 76 140 67 146 106 31 185 0 22 200 103 52 117 118 131 133 191 24 117 126 43 21 79 79 39 173 166 177 122 54 84 140 72 164 108 17 177 22 0 208 104 59 139 134 117 125 181 44 136 132 63 193 200 130 198 50 60 40 88 192 125 88 136 104 104 225 133 200 208 0 110 150 168 104 171 134 152 182 131 76 170 85 92 44 89 90 88 89 23 109 39 37 38 114 6 121 93 103 104 110 0 53 138 85 78 51 106 92 109 39 90 47 89 20 63 114 107 118 65 57 25 90 15 111 55 75 142 52 59 150 53 0 107 80 103 92 152 39 91 74 41 141 196 99 164 118 108 128 131 85 101 164 112 67 135 147 230 117 139 168 138 107 0 66 208 188 244 95 37 124 76 126 165 61 143 55 45 64 70 99 60 102 75 32 80 148 169 118 134 104 85 80 66 0 162 135 185 94 29 60 77 97 48 109 80 166 165 162 99 153 107 83 96 192 84 130 71 131 117 171 78 103 208 162 0 37 68 134 184 115 143 104 75 91 94 131 131 127 67 148 87 46 80 163 55 140 52 133 125 134 51 92 188 135 37 0 60 129 160 82 133 160 116 150 147 167 170 160 115 208 145 84 140 209 109 195 19 191 181 152 106 152 244 185 68 60 0 189 213 126 193 48 108 52 72 141 132 146 102 19 58 129 54 122 94 55 180 24 44 182 92 39 95 94 134 129 189 0 93 108 19 133 180 76 154 81 71 91 98 91 77 131 90 34 105 148 197 117 136 131 109 91 37 29 184 160 213 93 0 89 74 117 131 56 125 51 50 50 16 122 50 42 60 83 33 149 109 126 132 76 39 74 124 60 115 82 126 108 89 0 100 65 123 47 88 127 118 133 97 22 53 126 53 104 91 74 182 43 63 170 90 41 76 77 143 133 193 19 74 100 0 
0 156 70 82 33 49 68 153 83 140 148 120 165 111 111 89 171 205 112 53 116 193 212 94 117 76 152 183 177 149 156 0 164 96 129 110 113 74 82 68 13 49 67 108 136 78 123 50 101 109 43 77 57 151 93 84 36 46 118 123 70 164 0 130 56 70 51 129 82 119 152 117 199 74 173 125 128 214 163 65 121 170 221 31 88 84 146 203 136 103 82 96 130 0 74 61 90 131 71 118 93 86 84 121 53 19 171 136 33 67 73 158 143 136 116 62 110 108 172 156 33 129 56 74 0 20 35 120 50 107 118 88 149 78 117 73 138 179 107 20 86 160 186 69 84 45 120 162 144 116 49 110 70 61 20 0 32 106 34 92 100 71 131 73 108 56 131 160 94 7 68 144 167 76 74 27 103 142 135 111 68 113 51 90 35 32 0 88 31 75 101 66 149 43 140 81 103 163 122 25 70 128 170 47 49 33 97 152 109 81 153 74 129 131 120 106 88 0 72 14 63 45 139 55 182 112 49 112 151 101 59 41 116 104 41 81 38 120 45 52 83 82 82 71 50 34 31 72 0 58 71 38 119 50 124 57 103 132 100 30 39 110 139 75 46 9 70 121 105 86 140 68 119 118 107 92 75 14 58 0 56 32 131 47 169 99 58 110 138 87 46 53 115 96 32 67 34 114 56 55 148 13 152 93 118 100 101 63 71 56 0 36 77 95 137 74 112 62 102 98 32 72 69 138 80 73 26 59 108 111 120 49 117 86 88 71 66 45 38 32 36 0 103 60 137 67 90 98 106 68 14 75 105 102 46 44 32 93 88 82 165 67 199 84 149 131 149 139 119 131 77 103 0 161 96 76 188 73 64 134 90 144 79 194 149 116 103 39 184 184 111 108 74 121 78 73 43 55 50 47 95 60 161 0 174 107 60 155 150 66 71 96 160 49 15 59 79 153 66 38 111 136 173 53 117 108 140 182 124 169 137 137 96 174 0 70 224 165 35 115 123 207 171 184 169 115 159 132 224 209 89 78 125 19 73 56 81 112 57 99 74 67 76 107 70 0 154 120 43 60 54 139 127 128 100 49 91 95 154 140 171 123 128 171 138 131 103 49 103 58 112 90 188 60 224 154 0 158 196 124 104 69 161 97 57 112 87 169 10 25 205 50 214 136 179 160 163 112 132 110 62 98 73 155 165 120 158 0 130 159 93 96 7 200 140 134 76 34 151 164 112 101 163 33 107 94 122 151 100 138 102 106 64 150 35 43 196 130 0 100 92 173 137 169 143 92 125 98 194 183 53 109 65 67 20 7 25 101 30 87 98 68 134 66 115 60 124 159 100 0 66 140 166 69 67 25 100 143 128 104 116 43 121 73 86 68 70 59 39 46 32 14 90 71 123 54 104 93 92 66 0 86 100 110 59 41 39 84 102 96 193 77 170 158 160 144 128 41 110 53 72 75 144 96 207 139 69 96 173 140 86 0 98 145 82 117 48 115 60 84 212 57 221 143 186 167 170 116 139 115 69 105 79 160 171 127 161 7 137 166 100 98 0 207 145 141 81 40 154 168 94 151 31 136 69 76 47 104 75 96 138 102 194 49 184 128 97 200 169 69 110 145 207 0 64 80 127 194 105 72 117 93 88 116 84 74 49 41 46 32 80 46 149 15 169 100 57 140 143 67 59 82 145 64 0 55 64 139 61 40 76 84 84 62 45 27 33 81 9 67 73 44 116 59 115 49 112 134 92 25 41 117 141 80 55 0 76 120 114 95 152 36 146 110 120 103 97 38 70 34 26 32 103 79 159 91 87 76 125 100 39 48 81 127 64 76 0 82 82 88 183 46 203 108 162 142 152 120 121 114 59 93 39 153 132 95 169 34 98 143 84 115 40 194 139 120 82 0 163 169 177 118 136 172 144 135 109 45 105 56 108 88 184 66 224 154 10 151 194 128 102 60 154 105 61 114 82 163 0 33 149 123 103 156 116 111 81 52 86 55 111 82 184 38 209 140 25 164 183 104 96 84 168 72 40 95 88 169 33 0 
0 159 111 96 111 112 26 68 68 154 89 113 34 74 125 98 129 87 97 146 121 68 70 39 79 154 114 44 34 80 159 0 239 126 149 81 180 145 93 142 71 231 187 126 39 201 261 164 70 28 57 91 191 143 158 143 130 202 173 177 111 239 0 120 109 164 118 179 168 155 184 15 120 113 217 43 23 80 169 215 184 164 48 100 83 154 128 80 79 184 96 126 120 0 26 46 122 142 93 58 96 109 130 22 117 78 143 40 62 100 69 85 79 57 37 58 18 117 82 167 111 149 109 26 0 68 136 164 118 49 122 96 144 42 143 66 131 33 88 122 92 111 76 72 36 49 21 123 90 187 112 81 164 46 68 0 138 137 77 71 68 154 146 52 79 123 187 85 29 54 24 70 119 81 81 72 49 146 111 167 26 180 118 122 136 138 0 65 87 180 109 123 8 100 145 113 131 110 122 170 146 89 84 65 102 180 140 39 50 66 68 145 179 142 164 137 65 0 60 198 78 181 68 122 106 165 195 148 109 145 132 67 138 97 139 199 160 104 102 32 68 93 168 93 118 77 87 60 0 144 22 165 94 77 58 140 189 112 49 88 72 8 120 68 103 144 109 112 91 92 154 142 155 58 49 71 180 198 144 0 139 140 188 80 149 112 175 82 100 114 92 136 125 115 85 1 40 172 137 225 89 71 184 96 122 68 109 78 22 139 0 180 116 83 36 153 206 122 39 67 57 21 136 84 113 140 108 133 110 110 113 231 15 109 96 154 123 181 165 140 180 0 126 105 212 31 35 69 162 206 175 161 45 97 73 140 116 87 80 189 34 187 120 130 144 146 8 68 94 188 116 126 0 108 152 118 132 116 130 178 154 96 89 73 109 188 148 40 56 64 74 126 113 22 42 52 100 122 77 80 83 105 108 0 110 75 136 39 57 102 71 70 67 35 32 80 40 98 63 146 125 39 217 117 143 79 145 106 58 149 36 212 152 110 0 184 239 149 55 48 57 57 169 118 142 150 126 169 145 138 98 201 43 78 66 123 113 165 140 112 153 31 118 75 184 0 66 38 132 176 145 135 29 72 43 112 85 84 64 177 129 261 23 143 131 187 131 195 189 175 206 35 132 136 239 66 0 103 191 238 207 186 70 122 106 175 151 92 98 196 87 164 80 40 33 85 110 148 112 82 122 69 116 39 149 38 103 0 96 139 108 106 43 51 9 82 49 92 60 166 97 70 169 62 88 29 122 109 49 100 39 162 130 57 55 132 191 96 0 50 24 42 121 74 89 101 72 136 104 141 146 28 215 100 122 54 170 145 88 114 67 206 178 102 48 176 238 139 50 0 31 83 169 124 133 115 102 186 154 177 121 57 184 69 92 24 146 132 72 92 57 175 154 71 57 145 207 108 24 31 0 65 138 95 102 93 73 158 126 164 68 91 164 85 111 70 89 67 8 136 21 161 96 70 57 135 186 106 42 83 65 0 116 64 97 136 101 112 89 99 70 191 48 79 76 119 84 138 120 125 136 45 89 67 169 29 70 43 121 169 138 116 0 52 42 125 92 55 36 148 39 143 100 57 72 81 65 97 68 115 84 97 73 35 118 72 122 51 74 124 95 64 52 0 42 115 75 65 31 116 79 158 83 37 36 81 102 139 103 85 113 73 109 32 142 43 106 9 89 133 102 97 42 42 0 85 50 87 54 158 154 143 154 58 49 72 180 199 144 1 140 140 188 80 150 112 175 82 101 115 93 136 125 115 85 0 40 172 138 225 114 130 128 18 21 49 140 160 109 40 108 116 148 40 126 85 151 49 72 102 73 101 92 75 50 40 0 134 99 185 44 202 80 117 123 146 39 104 112 172 133 87 40 98 169 84 92 92 136 186 158 112 55 65 87 172 134 0 35 104 34 173 79 82 90 111 50 102 91 137 110 80 56 63 145 64 98 60 104 154 126 89 36 31 54 138 99 35 0 113 80 177 184 167 187 167 66 32 92 225 110 189 64 146 138 177 196 166 141 177 164 99 148 116 158 225 185 104 113 0 
0 178 170 58 171 163 127 86 130 125 194 96 132 177 176 42 68 42 74 179 167 132 164 162 198 150 84 15 76 74 178 0 97 159 154 188 62 156 166 207 179 225 115 79 36 169 173 161 107 65 146 128 38 195 117 167 148 164 165 193 170 97 0 122 58 98 63 103 87 135 82 171 43 21 62 184 128 176 104 36 51 51 59 106 30 79 98 155 117 145 58 159 122 0 114 105 98 28 72 75 136 68 80 134 145 93 17 88 58 140 110 77 133 104 147 92 27 48 19 36 171 154 58 114 0 43 107 87 49 94 28 140 51 79 120 199 112 192 126 94 8 43 116 51 59 31 87 159 101 122 163 188 98 105 43 0 132 77 34 57 42 109 74 119 157 196 96 190 136 134 48 61 151 8 102 21 81 153 87 99 127 62 63 98 107 132 0 94 106 145 135 163 58 58 49 130 111 122 53 55 99 71 37 138 92 111 86 112 103 131 86 156 103 28 87 77 94 0 44 56 108 71 60 118 137 120 25 114 69 126 84 54 126 77 125 64 8 76 14 42 130 166 87 72 49 34 106 44 0 48 65 91 51 107 137 162 65 156 103 119 49 38 129 36 101 21 47 120 55 73 125 207 135 75 94 57 145 56 48 0 99 52 97 154 183 164 59 161 125 166 95 85 174 51 149 63 64 119 56 52 194 179 82 136 28 42 135 108 65 99 0 151 79 102 144 224 130 217 153 117 36 70 141 50 74 44 110 183 120 138 96 225 171 68 140 109 163 71 91 52 151 0 129 188 207 138 52 137 126 197 140 120 196 103 191 110 78 96 60 32 132 115 43 80 51 74 58 60 51 97 79 129 0 59 87 152 85 145 76 69 43 13 78 80 67 53 55 117 74 102 177 79 21 134 79 119 58 118 107 154 102 188 59 0 43 187 142 179 107 15 72 69 43 127 38 100 112 162 131 160 176 36 62 145 120 157 49 137 137 183 144 207 87 43 0 175 157 167 102 29 113 99 12 165 81 137 129 161 148 177 42 169 184 93 199 196 130 120 162 164 224 138 152 187 175 0 106 8 80 185 192 156 164 197 214 182 115 45 112 116 68 173 128 17 112 96 111 25 65 59 130 52 85 142 157 106 0 102 75 149 109 79 146 94 150 86 30 61 11 20 42 161 176 88 192 190 122 114 156 161 217 137 145 179 167 8 102 0 72 177 185 149 156 191 206 176 109 42 107 113 74 107 104 58 126 136 53 69 103 125 153 126 76 107 102 80 75 72 0 107 119 83 90 139 134 117 61 59 71 94 179 65 36 140 94 134 55 126 119 166 117 197 69 15 29 185 149 177 107 0 87 81 31 142 52 114 120 164 139 168 167 146 51 110 8 48 99 84 49 95 36 140 43 72 113 192 109 185 119 87 0 36 108 56 54 32 83 154 98 121 132 128 51 77 43 61 71 54 38 85 70 120 13 69 99 156 79 149 83 81 36 0 91 68 71 40 51 119 68 95 164 38 59 133 116 151 37 126 129 174 141 196 78 43 12 164 146 156 90 31 108 91 0 158 81 130 118 149 137 166 162 195 106 104 51 8 138 77 36 51 50 103 80 127 165 197 94 191 139 142 56 68 158 0 110 28 82 152 86 96 198 117 30 147 59 102 92 125 101 149 74 191 67 38 81 214 150 206 134 52 54 71 81 110 0 86 122 183 139 166 150 167 79 92 31 21 111 64 21 63 44 110 53 100 137 182 86 176 117 114 32 40 130 28 86 0 67 140 76 94 84 148 98 27 87 81 86 8 47 64 110 78 55 112 129 115 30 109 61 120 83 51 118 82 122 67 0 73 19 48 15 164 155 48 159 153 112 76 120 119 183 96 117 162 161 45 61 42 59 164 154 119 149 152 183 140 73 0 67 71 76 165 117 19 101 87 103 14 55 56 120 60 74 131 148 112 11 107 71 139 98 68 137 86 139 76 19 67 0 29 74 193 145 36 122 99 131 42 73 52 138 32 102 160 177 116 20 113 94 168 121 95 166 96 166 94 48 71 29 0 
